0 0.568447 0.433989 0.006297 0.013343
1 0.387243 0.884656 0.008162 0.017907
1 0.228312 0.868329 0.009328 0.013343
1 0.391558 0.866924 0.006996 0.017556
1 0.363106 0.846559 0.006530 0.012640
1 0.201726 0.844979 0.006063 0.017205
1 0.211987 0.825492 0.008396 0.011938
1 0.716884 0.804073 0.015858 0.020365
1 0.718050 0.780372 0.009795 0.010183
1 0.133279 0.744031 0.009562 0.010534
1 0.135378 0.695049 0.006763 0.015801
1 0.549207 0.668539 0.010728 0.011236
1 0.131063 0.663799 0.008396 0.012289
1 0.811334 0.655548 0.018190 0.018961
1 0.817048 0.615871 0.009562 0.009831
1 0.749534 0.578652 0.008862 0.011236
1 0.254548 0.596032 0.022621 0.050211
1 0.221199 0.515801 0.009095 0.013343
1 0.785798 0.513869 0.011894 0.022823
1 0.222248 0.423631 0.013060 0.018610
1 0.244170 0.420822 0.008396 0.015098
1 0.229011 0.382022 0.014925 0.030899
1 0.443447 0.374473 0.006763 0.016503
1 0.414179 0.314431 0.007463 0.015098
1 0.374300 0.310744 0.022854 0.019663
1 0.661031 0.309691 0.008162 0.025281
1 0.397621 0.302844 0.006530 0.013694
1 0.425606 0.298982 0.006530 0.013694
1 0.413479 0.298631 0.010261 0.013694
1 0.623951 0.210499 0.006297 0.014396
1 0.274137 0.186798 0.005830 0.019663
1 0.190065 0.119909 0.006996 0.012289
1 0.328825 0.109199 0.007929 0.014045
1 0.336171 0.075667 0.008629 0.011587
1 0.466301 0.028090 0.039412 0.054775
2 0.296059 0.859375 0.010494 0.011587
2 0.313549 0.850070 0.010494 0.015449
2 0.327892 0.846383 0.020056 0.021419
2 0.279967 0.833392 0.012360 0.022823
2 0.263526 0.805829 0.013060 0.015449
2 0.226679 0.769312 0.019123 0.023876
2 0.402635 0.758076 0.019823 0.047753
2 0.423974 0.731742 0.010728 0.012640
2 0.223881 0.735604 0.060168 0.096208
2 0.407882 0.692767 0.006530 0.016152
2 0.381880 0.659761 0.009095 0.009129
2 0.376866 0.623596 0.015392 0.023174
2 0.395289 0.607971 0.006530 0.012992
2 0.336521 0.591994 0.018657 0.016152
2 0.374067 0.593750 0.014925 0.033006
2 0.285564 0.585147 0.009562 0.018610
2 0.333955 0.581110 0.016325 0.017556
2 0.358442 0.583743 0.017724 0.035463
2 0.468750 0.545997 0.007463 0.011236
2 0.279967 0.547577 0.022621 0.027037
2 0.382696 0.476299 0.009328 0.015098
2 0.415462 0.443645 0.007696 0.011587
2 0.409981 0.429600 0.012127 0.016503
2 0.358209 0.441538 0.024254 0.042486
2 0.429338 0.425562 0.006530 0.017556
2 0.376749 0.415379 0.007696 0.011938
2 0.399370 0.409586 0.007696 0.015098
2 0.323344 0.410990 0.018890 0.031250
2 0.427938 0.406074 0.019590 0.024228
2 0.305037 0.393610 0.006530 0.013343
2 0.373601 0.397296 0.008862 0.024228
2 0.326726 0.373244 0.009328 0.015449
2 0.451026 0.364642 0.008862 0.012992
2 0.214669 0.352177 0.005830 0.014747
2 0.279268 0.353581 0.019356 0.033708
2 0.326842 0.318645 0.012360 0.018610
2 0.288479 0.319171 0.020989 0.023876
2 0.312617 0.301966 0.013759 0.030197
2 0.457439 0.281777 0.008629 0.010885
2 0.445662 0.276861 0.013060 0.020716
2 0.295126 0.280899 0.021222 0.035112
2 0.430737 0.255794 0.015392 0.016503
2 0.283815 0.244382 0.007463 0.014045
2 0.366255 0.239993 0.007696 0.010885
2 0.380131 0.238588 0.014925 0.020716
2 0.306903 0.233848 0.006530 0.018961
2 0.300606 0.230337 0.009795 0.023876
2 0.290578 0.231917 0.010261 0.027037
2 0.309818 0.217872 0.012360 0.027037
2 0.364389 0.213308 0.037547 0.036166
2 0.413479 0.196278 0.006996 0.011938
2 0.337220 0.196629 0.006530 0.016854
2 0.370103 0.178897 0.006063 0.022823
2 0.442048 0.073912 0.009095 0.013694
2 0.453242 0.066538 0.009562 0.015801
2 0.442980 0.011763 0.010494 0.012992
3 0.643074 0.533708 0.134095 0.203652
