2 0.675 0.999 0.012 0.002
2 0.635 0.996 0.015 0.008
2 0.763 0.988 0.086 0.024
2 0.281 0.984 0.035 0.032
2 0.532 0.952 0.021 0.028
2 0.881 0.962 0.082 0.075
2 0.471 0.913 0.019 0.029
2 0.434 0.914 0.038 0.061
2 0.710 0.877 0.033 0.043
2 0.214 0.906 0.074 0.188
2 0.190 0.803 0.013 0.021
2 0.162 0.773 0.028 0.059
2 0.947 0.722 0.021 0.051
2 0.378 0.671 0.030 0.052
2 0.413 0.653 0.005 0.018
2 0.435 0.631 0.006 0.011
2 0.949 0.583 0.062 0.029
2 0.493 0.577 0.068 0.062
2 0.294 0.540 0.021 0.020
2 0.999 0.447 0.002 0.032
2 0.933 0.420 0.083 0.064
2 0.902 0.373 0.028 0.048
2 0.965 0.335 0.070 0.061
2 0.866 0.307 0.040 0.060
2 0.763 0.256 0.019 0.039
2 0.792 0.212 0.072 0.050
2 0.840 0.212 0.031 0.062
2 0.894 0.190 0.055 0.053
2 0.968 0.022 0.065 0.039
2 0.523 0.026 0.046 0.048
1 0.543 0.998 0.006 0.005
1 0.496 0.994 0.007 0.012
1 0.370 0.992 0.012 0.015
1 0.583 0.989 0.013 0.018
1 0.427 0.983 0.008 0.012
1 0.442 0.986 0.013 0.029
1 0.348 0.980 0.009 0.028
1 0.451 0.969 0.006 0.011
1 0.410 0.981 0.037 0.037
1 0.483 0.969 0.012 0.023
1 0.464 0.962 0.009 0.011
1 0.517 0.955 0.007 0.009
1 0.408 0.950 0.005 0.013
1 0.381 0.951 0.007 0.015
1 0.773 0.954 0.025 0.022
1 0.368 0.950 0.010 0.015
1 0.789 0.936 0.014 0.013
1 0.357 0.934 0.006 0.013
1 0.493 0.933 0.007 0.013
1 0.477 0.938 0.021 0.029
1 0.502 0.916 0.007 0.010
1 0.205 0.923 0.024 0.028
1 0.695 0.907 0.011 0.012
1 0.838 0.912 0.011 0.030
1 0.517 0.904 0.019 0.032
1 0.544 0.897 0.012 0.021
1 0.250 0.886 0.005 0.008
1 0.531 0.886 0.007 0.011
1 0.569 0.933 0.060 0.106
1 0.406 0.893 0.017 0.027
1 0.451 0.888 0.014 0.018
1 0.865 0.881 0.005 0.008
1 0.738 0.888 0.015 0.022
1 0.878 0.880 0.011 0.018
1 0.291 0.868 0.007 0.011
1 0.896 0.862 0.003 0.006
1 0.341 0.868 0.008 0.018
1 0.472 0.866 0.008 0.018
1 0.909 0.859 0.004 0.008
1 0.879 0.860 0.007 0.012
1 0.384 0.859 0.007 0.013
1 0.294 0.855 0.006 0.013
1 0.418 0.862 0.011 0.031
1 0.871 0.846 0.004 0.006
1 0.641 0.856 0.015 0.027
1 0.697 0.850 0.013 0.022
1 0.431 0.851 0.012 0.026
1 0.844 0.860 0.031 0.053
1 0.321 0.842 0.013 0.019
1 0.363 0.842 0.021 0.034
1 0.558 0.847 0.079 0.077
1 0.391 0.815 0.007 0.012
1 0.287 0.811 0.003 0.006
1 0.613 0.811 0.008 0.013
1 0.373 0.810 0.006 0.011
1 0.634 0.818 0.017 0.033
1 0.319 0.798 0.019 0.037
1 0.359 0.776 0.018 0.025
1 0.268 0.773 0.010 0.027
1 0.731 0.765 0.010 0.020
1 0.656 0.756 0.007 0.009
1 0.681 0.758 0.012 0.018
1 0.624 0.756 0.023 0.031
1 0.610 0.748 0.007 0.013
1 0.855 0.754 0.013 0.032
1 0.358 0.737 0.005 0.008
1 0.344 0.738 0.010 0.014
1 0.295 0.760 0.034 0.059
1 0.376 0.742 0.019 0.027
1 0.979 0.724 0.006 0.011
1 0.307 0.719 0.007 0.011
1 0.680 0.726 0.017 0.033
1 0.220 0.715 0.008 0.016
1 0.377 0.713 0.011 0.020
1 0.341 0.705 0.008 0.016
1 0.358 0.709 0.021 0.027
1 0.571 0.733 0.049 0.081
1 0.989 0.695 0.012 0.008
1 0.693 0.694 0.007 0.010
1 0.669 0.698 0.010 0.019
1 0.289 0.696 0.007 0.017
1 0.315 0.702 0.013 0.034
1 0.547 0.697 0.017 0.026
1 0.261 0.691 0.007 0.014
1 0.999 0.687 0.002 0.008
1 0.813 0.696 0.013 0.032
1 0.711 0.692 0.015 0.031
1 0.349 0.682 0.006 0.018
1 0.544 0.658 0.007 0.012
1 0.997 0.661 0.007 0.021
1 0.557 0.653 0.006 0.011
1 0.893 0.655 0.022 0.016
1 0.636 0.649 0.008 0.018
1 0.285 0.644 0.006 0.013
1 0.263 0.641 0.011 0.013
1 0.328 0.636 0.009 0.011
1 0.594 0.660 0.033 0.062
1 0.819 0.637 0.014 0.022
1 0.654 0.625 0.010 0.013
1 0.272 0.621 0.011 0.015
1 0.383 0.614 0.007 0.015
1 0.986 0.615 0.026 0.022
1 0.672 0.621 0.015 0.035
1 0.556 0.621 0.021 0.038
1 0.314 0.619 0.021 0.032
1 0.561 0.601 0.006 0.011
1 0.369 0.601 0.009 0.011
1 0.575 0.613 0.018 0.037
1 0.328 0.582 0.011 0.013
1 0.586 0.589 0.014 0.029
1 0.221 0.580 0.009 0.015
1 0.567 0.575 0.021 0.025
1 0.837 0.561 0.010 0.024
1 0.730 0.524 0.012 0.019
1 0.368 0.524 0.019 0.022
1 0.433 0.516 0.009 0.011
1 0.686 0.515 0.007 0.015
1 0.646 0.511 0.007 0.008
1 0.699 0.514 0.006 0.020
1 0.863 0.508 0.008 0.021
1 0.396 0.518 0.037 0.041
1 0.243 0.502 0.007 0.016
1 0.777 0.535 0.042 0.095
1 0.827 0.492 0.011 0.015
1 0.393 0.489 0.007 0.011
1 0.459 0.495 0.021 0.027
1 0.662 0.496 0.020 0.036
1 0.428 0.481 0.015 0.021
1 0.472 0.466 0.007 0.011
1 0.703 0.466 0.007 0.015
1 0.392 0.455 0.008 0.021
1 0.685 0.446 0.002 0.006
1 0.670 0.462 0.026 0.043
1 0.809 0.432 0.007 0.011
1 0.831 0.450 0.021 0.049
1 0.772 0.435 0.023 0.044
1 0.690 0.415 0.007 0.012
1 0.880 0.424 0.012 0.030
1 0.478 0.415 0.010 0.020
1 0.739 0.454 0.061 0.110
1 0.866 0.413 0.009 0.034
1 0.799 0.404 0.009 0.020
1 0.599 0.407 0.014 0.030
1 0.649 0.383 0.006 0.011
1 0.692 0.378 0.006 0.011
1 0.681 0.381 0.008 0.017
1 0.660 0.366 0.018 0.040
1 0.423 0.346 0.007 0.017
1 0.673 0.338 0.014 0.020
1 0.661 0.331 0.008 0.013
1 0.558 0.329 0.013 0.018
1 0.991 0.298 0.019 0.032
1 0.699 0.297 0.009 0.033
1 0.914 0.294 0.023 0.054
1 0.935 0.267 0.019 0.023
1 0.999 0.261 0.003 0.028
1 0.656 0.269 0.024 0.056
1 0.719 0.169 0.018 0.026
1 0.979 0.166 0.025 0.022
1 0.711 0.125 0.029 0.037
1 0.662 0.112 0.008 0.015
1 0.746 0.125 0.022 0.046
1 0.730 0.091 0.013 0.026
1 0.916 0.081 0.021 0.034
1 0.750 0.077 0.018 0.029
1 0.701 0.045 0.007 0.016
1 0.862 0.042 0.027 0.041
0 0.520 0.984 0.007 0.012
0 0.826 0.975 0.014 0.014
0 0.453 0.942 0.005 0.007
0 0.369 0.941 0.006 0.009
0 0.276 0.916 0.007 0.012
0 0.515 0.875 0.007 0.011
0 0.455 0.835 0.007 0.013
0 0.564 0.802 0.009 0.012
0 0.587 0.770 0.014 0.020
0 0.237 0.742 0.008 0.017
0 0.786 0.697 0.013 0.022
0 0.240 0.690 0.008 0.016
0 0.277 0.685 0.007 0.011
0 0.882 0.677 0.010 0.011
0 0.357 0.603 0.007 0.015
0 0.746 0.537 0.005 0.008
0 0.278 0.536 0.012 0.017
0 0.953 0.515 0.013 0.014
0 0.485 0.489 0.013 0.015
0 0.853 0.474 0.007 0.008
0 0.901 0.471 0.010 0.015
0 0.481 0.432 0.007 0.015
0 0.785 0.412 0.007 0.011
0 0.837 0.412 0.017 0.018
0 0.837 0.384 0.014 0.022
0 0.646 0.344 0.010 0.013
0 0.823 0.324 0.016 0.014
0 0.774 0.135 0.007 0.013
3 0.347 0.455 0.037 0.065
3 0.321 0.400 0.024 0.037
3 0.383 0.363 0.047 0.093
3 0.330 0.320 0.043 0.096
