2 0.631 0.869 0.005 0.009
2 0.482 0.866 0.003 0.004
2 0.748 0.813 0.005 0.008
2 0.426 0.768 0.003 0.004
2 0.849 0.093 0.004 0.007
1 0.719 0.832 0.042 0.032
1 0.667 0.744 0.028 0.019
1 0.611 0.755 0.143 0.086
1 0.555 0.657 0.025 0.027
1 0.348 0.630 0.022 0.060
1 0.442 0.617 0.027 0.038
1 0.538 0.603 0.031 0.036
1 0.767 0.598 0.013 0.031
1 0.807 0.530 0.026 0.038
1 0.712 0.498 0.055 0.092
1 0.602 0.472 0.028 0.051
1 0.388 0.465 0.080 0.192
1 0.605 0.375 0.013 0.022
1 0.510 0.334 0.052 0.053
1 0.477 0.278 0.047 0.059
1 0.819 0.119 0.036 0.027
0 0.426 0.826 0.011 0.020
0 0.955 0.728 0.010 0.014
0 0.651 0.556 0.010 0.016
0 0.632 0.475 0.009 0.013
0 0.272 0.449 0.012 0.020
0 0.501 0.390 0.007 0.011
0 0.541 0.270 0.007 0.011
0 0.542 0.208 0.009 0.013
0 0.684 0.207 0.011 0.019
0 0.905 0.190 0.007 0.010
0 0.914 0.105 0.007 0.010
3 0.980 0.722 0.041 0.090
3 0.531 0.533 0.050 0.068
3 0.452 0.526 0.098 0.176
