2 0.401 0.473 0.007 0.013
2 0.408 0.459 0.011 0.012
2 0.434 0.434 0.009 0.013
2 0.420 0.412 0.009 0.008
2 0.395 0.418 0.031 0.035
2 0.361 0.408 0.013 0.018
2 0.416 0.396 0.006 0.010
2 0.463 0.394 0.007 0.012
2 0.104 0.377 0.005 0.008
2 0.436 0.381 0.016 0.028
2 0.421 0.376 0.009 0.017
2 0.403 0.369 0.007 0.010
2 0.641 0.351 0.010 0.013
2 0.628 0.348 0.007 0.010
2 0.428 0.346 0.007 0.020
2 0.367 0.354 0.024 0.037
2 0.442 0.330 0.016 0.027
2 0.327 0.326 0.009 0.025
2 0.322 0.300 0.009 0.013
2 0.446 0.287 0.008 0.013
2 0.231 0.280 0.006 0.012
2 0.366 0.276 0.015 0.015
2 0.419 0.266 0.006 0.015
2 0.399 0.267 0.008 0.020
2 0.245 0.267 0.009 0.029
2 0.382 0.255 0.012 0.019
2 0.222 0.256 0.020 0.028
2 0.244 0.240 0.006 0.019
2 0.378 0.235 0.016 0.021
2 0.482 0.221 0.026 0.037
2 0.295 0.197 0.007 0.013
2 0.059 0.182 0.003 0.006
2 0.326 0.183 0.007 0.016
2 0.007 0.151 0.004 0.009
2 0.328 0.150 0.004 0.007
2 0.321 0.148 0.003 0.004
2 0.291 0.149 0.004 0.006
2 0.225 0.142 0.007 0.013
2 0.047 0.141 0.005 0.012
2 0.024 0.144 0.022 0.029
2 0.160 0.130 0.005 0.012
2 0.324 0.125 0.006 0.009
2 0.312 0.112 0.005 0.007
2 0.202 0.105 0.005 0.009
2 0.195 0.102 0.004 0.009
2 0.319 0.107 0.006 0.020
2 0.407 0.093 0.009 0.011
2 0.248 0.088 0.003 0.003
2 0.209 0.087 0.006 0.018
2 0.281 0.086 0.010 0.015
2 0.376 0.140 0.057 0.131
2 0.336 0.095 0.023 0.046
2 0.019 0.060 0.003 0.005
2 0.392 0.060 0.003 0.007
2 0.242 0.065 0.013 0.019
2 0.002 0.057 0.004 0.005
2 0.338 0.062 0.018 0.020
2 0.212 0.053 0.003 0.006
2 0.370 0.054 0.009 0.009
2 0.259 0.048 0.005 0.007
2 0.237 0.050 0.007 0.011
2 0.309 0.073 0.036 0.060
2 0.230 0.045 0.015 0.023
2 0.044 0.036 0.007 0.011
2 0.366 0.035 0.014 0.020
2 0.389 0.026 0.004 0.008
2 0.292 0.042 0.026 0.051
2 0.058 0.025 0.012 0.018
2 0.407 0.015 0.004 0.006
2 0.077 0.015 0.014 0.020
2 0.007 0.019 0.013 0.030
2 0.445 0.006 0.014 0.013
2 0.425 0.017 0.024 0.034
2 0.411 0.001 0.010 0.003
2 0.267 0.017 0.037 0.033
2 0.097 0.005 0.007 0.010
2 0.090 0.008 0.007 0.015
1 0.107 0.554 0.007 0.019
1 0.316 0.312 0.014 0.013
1 0.018 0.302 0.010 0.008
1 0.512 0.283 0.011 0.011
1 0.142 0.245 0.009 0.022
1 0.539 0.229 0.013 0.025
1 0.506 0.176 0.013 0.020
1 0.264 0.127 0.024 0.044
1 0.440 0.108 0.014 0.022
1 0.505 0.022 0.008 0.017
1 0.333 0.018 0.011 0.020
1 0.362 0.013 0.016 0.027
1 0.307 0.014 0.014 0.029
0 0.462 0.538 0.010 0.018
0 0.158 0.531 0.007 0.011
0 0.364 0.302 0.005 0.008
0 0.189 0.280 0.006 0.008
0 0.117 0.276 0.008 0.012
0 0.017 0.257 0.006 0.008
0 0.554 0.244 0.011 0.018
0 0.302 0.222 0.003 0.006
0 0.590 0.183 0.007 0.008
0 0.454 0.178 0.006 0.010
0 0.455 0.075 0.007 0.010
0 0.122 0.070 0.006 0.008
0 0.171 0.069 0.008 0.012
0 0.412 0.052 0.004 0.008
0 0.427 0.048 0.005 0.008
0 0.222 0.031 0.008 0.015
0 0.390 0.019 0.005 0.008
0 0.288 0.013 0.010 0.014
