2 0.635 0.505 0.008 0.007
2 0.882 0.504 0.015 0.012
2 0.528 0.502 0.014 0.007
2 0.927 0.525 0.054 0.053
2 0.636 0.492 0.020 0.015
2 0.435 0.471 0.006 0.006
2 0.418 0.430 0.004 0.003
2 1.277 0.403 0.017 0.007
2 1.296 0.400 0.007 0.004
2 1.325 0.391 0.005 0.005
2 0.374 0.355 0.008 0.006
2 1.425 0.292 0.015 0.014
2 1.050 0.284 0.011 0.010
2 1.369 0.273 0.037 0.026
2 1.080 0.264 0.014 0.014
2 1.439 0.256 0.011 0.008
2 1.456 0.252 0.006 0.006
2 1.358 0.222 0.006 0.005
2 1.435 0.247 0.086 0.056
2 1.350 0.219 0.008 0.006
2 1.128 0.214 0.006 0.005
2 1.061 0.213 0.012 0.014
2 1.070 0.206 0.008 0.007
2 1.132 0.206 0.007 0.007
2 1.386 0.223 0.037 0.042
2 1.394 0.203 0.026 0.019
2 1.468 0.200 0.011 0.015
2 1.150 0.194 0.006 0.005
2 1.037 0.194 0.015 0.007
2 1.432 0.192 0.011 0.008
2 1.481 0.190 0.009 0.008
2 1.029 0.183 0.008 0.005
2 1.010 0.183 0.007 0.006
2 1.172 0.182 0.005 0.007
2 1.153 0.183 0.010 0.009
2 1.064 0.180 0.032 0.015
2 1.117 0.178 0.027 0.015
2 0.909 0.164 0.007 0.008
2 0.567 0.154 0.006 0.008
2 0.977 0.154 0.013 0.009
2 1.123 0.152 0.045 0.027
2 1.505 0.137 0.001 0.004
2 1.445 0.135 0.009 0.007
2 1.063 0.128 0.008 0.010
2 1.149 0.129 0.019 0.013
2 0.943 0.125 0.008 0.006
2 1.169 0.125 0.008 0.007
2 1.008 0.140 0.035 0.037
2 1.029 0.123 0.007 0.007
2 1.126 0.123 0.008 0.007
2 1.094 0.124 0.011 0.010
2 1.001 0.121 0.006 0.005
2 0.606 0.127 0.036 0.020
2 1.195 0.115 0.006 0.005
2 0.994 0.115 0.007 0.004
2 1.085 0.113 0.013 0.010
2 0.939 0.112 0.012 0.008
2 1.212 0.114 0.015 0.012
2 0.916 0.109 0.008 0.006
2 1.126 0.108 0.013 0.009
2 1.100 0.106 0.012 0.007
2 1.052 0.108 0.006 0.010
2 1.153 0.104 0.010 0.007
2 0.907 0.104 0.007 0.007
2 1.117 0.099 0.008 0.006
2 1.086 0.100 0.013 0.012
2 1.149 0.093 0.017 0.009
2 0.978 0.090 0.020 0.013
2 1.184 0.081 0.032 0.017
2 1.227 0.066 0.037 0.019
2 1.257 0.054 0.020 0.012
1 0.524 0.340 0.127 0.144
1 1.258 0.234 0.045 0.021
1 1.369 0.007 0.029 0.014
1 0.264 0.002 0.016 0.004
0 1.417 0.562 0.009 0.006
0 0.831 0.419 0.013 0.008
0 1.232 0.278 0.011 0.006
0 0.601 0.173 0.008 0.005
0 1.312 0.127 0.015 0.010
4 0.521 0.012 0.184 0.024
3 0.918 0.472 0.128 0.056
3 0.835 0.032 0.135 0.065
