2 0.169 0.839 0.051 0.022
2 0.251 0.834 0.023 0.015
2 0.109 0.825 0.020 0.039
2 0.431 0.810 0.021 0.039
2 0.538 0.670 0.037 0.053
2 0.351 0.623 0.032 0.044
2 0.176 0.388 0.016 0.024
2 0.501 0.323 0.013 0.025
2 0.010 0.246 0.012 0.010
2 0.448 0.113 0.021 0.024
1 0.308 0.934 0.011 0.023
1 0.335 0.914 0.033 0.037
1 0.067 0.741 0.012 0.018
1 0.417 0.736 0.005 0.011
1 0.033 0.733 0.006 0.008
1 0.323 0.724 0.006 0.011
1 0.075 0.723 0.017 0.016
1 0.274 0.717 0.006 0.011
1 0.067 0.699 0.004 0.006
1 0.096 0.690 0.003 0.005
1 0.065 0.688 0.005 0.007
1 0.084 0.670 0.005 0.006
1 0.450 0.667 0.007 0.011
1 0.160 0.650 0.003 0.004
1 0.294 0.657 0.015 0.024
1 0.380 0.563 0.021 0.022
1 0.357 0.561 0.014 0.023
1 0.346 0.539 0.008 0.008
1 0.364 0.539 0.015 0.013
1 0.374 0.532 0.015 0.018
1 0.334 0.530 0.014 0.016
1 0.357 0.526 0.009 0.019
1 0.382 0.522 0.012 0.018
1 0.367 0.503 0.007 0.006
1 0.369 0.497 0.005 0.008
1 0.275 0.325 0.006 0.010
1 0.295 0.272 0.008 0.008
1 0.251 0.293 0.026 0.054
1 0.384 0.253 0.008 0.008
1 0.414 0.246 0.007 0.008
1 0.270 0.223 0.005 0.010
1 0.274 0.195 0.005 0.009
1 0.524 0.134 0.008 0.010
1 0.574 0.114 0.010 0.010
1 0.005 0.116 0.010 0.020
1 0.001 0.090 0.002 0.008
1 0.664 0.087 0.007 0.006
1 0.625 0.076 0.006 0.004
1 0.634 0.069 0.010 0.013
1 0.667 0.060 0.006 0.007
1 0.653 0.055 0.005 0.006
1 0.033 0.062 0.013 0.030
1 0.700 0.047 0.007 0.008
1 0.011 0.046 0.004 0.008
1 0.615 0.044 0.008 0.008
1 0.010 0.032 0.004 0.008
1 0.464 0.027 0.006 0.013
1 0.710 0.019 0.008 0.009
1 0.005 0.012 0.011 0.016
1 0.003 0.001 0.002 0.001
0 0.111 0.934 0.011 0.012
0 0.257 0.934 0.011 0.016
0 0.152 0.909 0.009 0.011
0 0.152 0.887 0.008 0.012
0 0.101 0.842 0.007 0.012
0 0.367 0.834 0.014 0.018
0 0.283 0.782 0.006 0.008
0 0.278 0.772 0.007 0.009
0 0.042 0.764 0.007 0.007
0 0.031 0.762 0.009 0.008
0 0.448 0.767 0.013 0.020
0 0.103 0.759 0.007 0.012
0 0.128 0.751 0.007 0.008
0 0.463 0.752 0.008 0.011
0 0.490 0.750 0.008 0.013
0 0.238 0.736 0.009 0.014
0 0.043 0.710 0.006 0.006
0 0.483 0.671 0.008 0.013
0 0.494 0.645 0.006 0.010
0 0.312 0.609 0.006 0.008
0 0.276 0.541 0.007 0.008
0 0.209 0.541 0.010 0.015
0 0.543 0.535 0.013 0.020
0 0.535 0.510 0.007 0.013
0 0.114 0.436 0.005 0.007
0 0.166 0.430 0.011 0.015
0 0.484 0.353 0.007 0.010
0 0.087 0.345 0.013 0.022
0 0.058 0.305 0.012 0.027
0 0.176 0.269 0.008 0.011
0 0.084 0.261 0.004 0.006
0 0.207 0.239 0.005 0.008
0 0.302 0.236 0.013 0.016
0 0.053 0.183 0.004 0.006
0 0.281 0.170 0.007 0.012
0 0.437 0.150 0.003 0.005
0 0.051 0.129 0.011 0.015
0 0.334 0.124 0.008 0.013
0 0.018 0.107 0.006 0.010
0 0.387 0.084 0.008 0.015
0 0.468 0.061 0.005 0.008
