0 1.148350 0.503615 0.008778 0.006297
0 0.696103 0.458139 0.008778 0.005830
0 1.127985 0.440765 0.004565 0.003265
0 1.089537 0.439832 0.004916 0.003731
0 0.605688 0.435868 0.007022 0.004198
0 1.034059 0.428172 0.004213 0.002799
0 1.086552 0.410564 0.006671 0.003965
0 1.064256 0.407649 0.004213 0.002799
0 0.951896 0.392957 0.003511 0.002332
0 0.962079 0.383862 0.004916 0.002799
0 0.948209 0.376982 0.010885 0.006763
0 1.081110 0.374650 0.005618 0.003032
0 1.112886 0.370569 0.003862 0.002332
0 1.078827 0.316814 0.005969 0.003965
0 0.483848 0.308069 0.004916 0.003731
0 1.201369 0.302355 0.004565 0.003032
0 1.178195 0.281017 0.003862 0.002799
0 0.642381 0.267840 0.007374 0.004431
0 0.664677 0.263526 0.004213 0.003265
0 0.931180 0.262243 0.003511 0.002099
0 0.880969 0.251516 0.005618 0.004431
0 0.914501 0.181320 0.006671 0.005364
0 0.959094 0.166861 0.004565 0.002565
0 0.888167 0.161847 0.002458 0.001399
0 0.874473 0.152868 0.004565 0.003032
0 0.852001 0.116721 0.008778 0.005364
0 0.546173 0.011544 0.008076 0.005364
1 0.526159 0.621502 0.017907 0.005597
1 0.237886 0.475630 0.045997 0.042677
1 1.088308 0.421292 0.014396 0.009095
1 0.802142 0.412896 0.020014 0.009095
1 0.594628 0.281367 0.012289 0.003032
1 0.649052 0.260378 0.015098 0.007229
1 0.704881 0.214552 0.007374 0.005597
1 0.875878 0.209538 0.041081 0.024487
1 0.488413 0.020056 0.099719 0.040112
2 1.086201 0.455574 0.005267 0.003498
2 0.743855 0.446595 0.005969 0.003731
2 1.068820 0.429688 0.004213 0.003032
2 0.822507 0.335938 0.012992 0.014226
2 0.761587 0.328708 0.002809 0.002099
2 0.739466 0.321129 0.018961 0.009795
2 0.801088 0.315299 0.003862 0.003265
2 0.761412 0.320196 0.022823 0.019590
2 0.940309 0.306203 0.003511 0.002332
2 0.794944 0.305970 0.002809 0.002799
2 0.910288 0.301423 0.003862 0.003965
2 0.742626 0.305504 0.011938 0.012127
2 0.800211 0.298158 0.002809 0.002099
2 0.670295 0.298857 0.004213 0.003498
2 0.750351 0.297341 0.006320 0.003265
2 0.728581 0.296642 0.004916 0.002799
2 0.703301 0.301073 0.015449 0.011660
2 0.650632 0.293843 0.005618 0.002332
2 0.681706 0.295709 0.012992 0.006996
2 0.693469 0.292094 0.007725 0.006297
2 0.709445 0.291978 0.010183 0.006996
2 0.662044 0.289062 0.008076 0.005364
2 0.638869 0.290345 0.013694 0.009795
2 0.758603 0.282766 0.003160 0.002099
2 0.800913 0.282649 0.003511 0.002799
2 0.725070 0.284748 0.017556 0.014459
2 0.761763 0.276003 0.007374 0.003965
2 0.739115 0.281833 0.019663 0.015625
2 0.622191 0.279151 0.022472 0.013526
2 0.709796 0.275303 0.010885 0.006763
2 0.726650 0.270639 0.003862 0.002099
2 0.608322 0.267257 0.011587 0.006996
2 0.599719 0.261077 0.003511 0.002099
2 0.736833 0.258862 0.003862 0.002332
2 0.684340 0.252449 0.004916 0.004897
2 0.604108 0.241488 0.012992 0.003032
2 0.742626 0.226096 0.006320 0.004431
2 0.609726 0.224230 0.003862 0.002565
2 0.800211 0.222948 0.004916 0.003265
2 0.713308 0.222132 0.003862 0.003498
2 0.725421 0.228895 0.020365 0.019356
2 0.594101 0.219683 0.009831 0.003265
2 0.736131 0.215951 0.005969 0.005597
2 0.596910 0.213036 0.003511 0.002099
2 0.721208 0.210471 0.004213 0.003032
2 0.668188 0.208955 0.009831 0.004664
2 0.740520 0.204524 0.002809 0.001866
2 0.727001 0.202892 0.004565 0.002332
2 0.629213 0.202659 0.002809 0.002332
2 0.621313 0.200326 0.003160 0.002332
2 0.719803 0.200210 0.004916 0.002565
2 0.734024 0.199277 0.003862 0.003032
2 0.709445 0.198811 0.003862 0.003032
2 0.725772 0.195429 0.007725 0.003265
2 0.974544 0.177006 0.003862 0.003265
2 0.862711 0.129897 0.003511 0.003265
2 0.861306 0.122085 0.003511 0.002099
2 0.866397 0.117654 0.003160 0.002565
2 0.530372 0.017374 0.006671 0.004431
3 0.360604 0.316465 0.175562 0.125933
