2 0.307 0.877 0.045 0.065
2 0.653 0.782 0.084 0.114
1 0.508 0.995 0.009 0.011
1 0.489 0.992 0.009 0.016
1 0.330 0.992 0.011 0.016
1 0.424 0.985 0.008 0.017
1 0.486 0.964 0.008 0.013
1 0.527 0.972 0.025 0.039
1 0.584 0.954 0.008 0.011
1 0.306 0.946 0.031 0.037
1 0.509 0.938 0.037 0.034
1 0.053 0.920 0.007 0.025
1 0.007 0.858 0.013 0.015
1 0.215 0.855 0.024 0.046
1 0.519 0.870 0.039 0.104
1 0.525 0.817 0.007 0.010
1 0.565 0.821 0.013 0.020
1 0.538 0.813 0.014 0.022
1 0.515 0.796 0.024 0.034
1 0.555 0.794 0.028 0.032
1 0.503 0.772 0.009 0.016
1 0.402 0.781 0.017 0.034
1 0.433 0.751 0.008 0.014
1 0.458 0.743 0.008 0.017
1 0.391 0.734 0.014 0.018
1 0.543 0.751 0.050 0.066
1 0.330 0.718 0.008 0.013
1 0.479 0.723 0.047 0.066
1 0.412 0.703 0.023 0.027
1 0.436 0.677 0.014 0.018
1 0.295 0.675 0.014 0.018
1 0.588 0.674 0.014 0.025
1 0.231 0.657 0.028 0.025
1 0.391 0.611 0.021 0.022
1 0.332 0.638 0.072 0.119
1 0.252 0.592 0.103 0.120
1 0.205 0.524 0.040 0.034
1 0.401 0.509 0.071 0.085
1 0.319 0.471 0.013 0.019
1 0.282 0.449 0.009 0.013
1 0.310 0.445 0.022 0.037
1 0.199 0.416 0.007 0.013
1 0.265 0.412 0.035 0.021
1 0.332 0.414 0.032 0.046
1 0.446 0.417 0.029 0.058
1 0.417 0.354 0.020 0.026
1 0.383 0.351 0.024 0.029
0 0.542 0.955 0.008 0.013
0 0.168 0.912 0.013 0.023
0 0.603 0.881 0.012 0.018
0 0.444 0.815 0.009 0.013
0 0.431 0.802 0.009 0.016
0 0.376 0.142 0.007 0.012
