2 0.412 0.872 0.071 0.077
2 0.528 0.726 0.030 0.041
2 0.496 0.734 0.027 0.066
2 0.489 0.657 0.028 0.055
2 0.752 0.606 0.027 0.035
2 0.551 0.519 0.020 0.032
2 0.348 0.023 0.007 0.024
1 0.596 0.954 0.016 0.014
1 0.469 0.801 0.007 0.011
1 0.474 0.446 0.006 0.011
1 0.806 0.440 0.007 0.018
1 0.820 0.420 0.006 0.009
1 0.802 0.365 0.002 0.004
1 0.820 0.367 0.008 0.015
1 0.831 0.289 0.005 0.007
1 0.847 0.272 0.006 0.007
1 0.809 0.271 0.006 0.008
1 0.817 0.142 0.004 0.006
1 0.818 0.124 0.010 0.015
1 0.832 0.111 0.006 0.007
1 0.365 0.035 0.014 0.016
1 0.382 0.026 0.005 0.011
1 0.297 0.015 0.014 0.009
1 0.308 0.006 0.003 0.007
1 0.518 0.005 0.013 0.010
1 0.382 0.000 0.005 0.001
1 0.374 0.002 0.005 0.005
1 0.366 0.000 0.003 0.001
0 0.535 0.897 0.012 0.013
0 0.685 0.885 0.009 0.016
0 0.712 0.710 0.012 0.020
0 0.410 0.682 0.012 0.020
0 0.599 0.668 0.010 0.017
0 0.365 0.631 0.006 0.011
0 0.746 0.546 0.007 0.009
0 0.530 0.541 0.008 0.013
0 0.514 0.534 0.007 0.013
0 0.759 0.536 0.013 0.019
0 0.887 0.503 0.011 0.017
0 0.730 0.426 0.012 0.019
0 0.590 0.355 0.007 0.011
0 0.872 0.345 0.012 0.018
0 0.542 0.342 0.010 0.015
0 0.439 0.337 0.013 0.020
0 0.588 0.321 0.010 0.009
0 0.582 0.292 0.009 0.015
0 0.540 0.284 0.006 0.008
0 0.458 0.237 0.015 0.022
0 0.392 0.190 0.005 0.008
0 0.589 0.125 0.010 0.015
0 0.218 0.121 0.007 0.011
0 0.432 0.024 0.008 0.010
3 0.914 0.789 0.113 0.171
3 0.444 0.698 0.060 0.095
3 0.880 0.344 0.029 0.068
3 0.902 0.033 0.034 0.055
