2 0.764 0.544 0.003 0.002
2 0.191 0.433 0.003 0.002
2 0.659 0.401 0.005 0.004
2 0.866 0.372 0.003 0.002
2 0.147 0.298 0.004 0.003
2 0.921 0.240 0.012 0.005
2 0.893 0.237 0.013 0.009
2 0.969 0.228 0.003 0.001
2 0.800 0.074 0.007 0.005
2 0.815 0.069 0.011 0.007
2 0.828 0.057 0.005 0.003
2 0.796 0.054 0.016 0.007
2 0.815 0.047 0.008 0.005
2 0.783 0.043 0.007 0.007
2 0.764 0.041 0.020 0.013
2 0.784 0.034 0.007 0.005
2 0.833 0.010 0.011 0.009
2 0.793 0.008 0.006 0.006
2 0.801 0.003 0.005 0.004
1 0.703 0.547 0.014 0.011
1 0.519 0.078 0.016 0.014
1 0.649 0.012 0.011 0.008
0 0.484 0.600 0.004 0.003
0 0.472 0.587 0.004 0.003
0 0.685 0.583 0.007 0.004
0 0.743 0.582 0.004 0.003
0 0.939 0.570 0.006 0.004
0 0.992 0.566 0.005 0.004
0 0.340 0.557 0.006 0.005
0 1.171 0.553 0.005 0.004
0 1.139 0.540 0.005 0.003
0 0.965 0.533 0.006 0.004
0 0.985 0.513 0.005 0.003
0 0.406 0.508 0.005 0.003
0 0.296 0.493 0.005 0.003
0 0.295 0.488 0.005 0.003
0 0.291 0.479 0.004 0.003
0 0.961 0.448 0.004 0.003
0 1.036 0.413 0.005 0.003
0 0.833 0.398 0.004 0.003
0 1.173 0.373 0.005 0.004
0 0.942 0.368 0.007 0.004
0 1.076 0.351 0.007 0.003
0 1.046 0.330 0.006 0.004
0 0.144 0.321 0.003 0.003
0 0.968 0.317 0.005 0.003
0 1.121 0.266 0.006 0.004
0 0.731 0.245 0.005 0.003
0 0.913 0.235 0.006 0.003
0 0.996 0.228 0.005 0.003
0 0.920 0.222 0.004 0.003
0 0.629 0.175 0.006 0.003
0 0.613 0.091 0.006 0.003
0 0.754 0.082 0.009 0.005
0 0.383 0.067 0.005 0.003
0 0.846 0.033 0.005 0.003
0 0.652 0.020 0.007 0.004
4 0.384 0.285 0.203 0.143
