2 0.434 0.608 0.032 0.041
2 0.436 0.561 0.020 0.020
2 0.098 0.337 0.021 0.022
2 0.623 0.311 0.036 0.038
2 0.511 0.273 0.014 0.019
2 0.623 0.271 0.012 0.027
2 0.634 0.232 0.019 0.020
2 0.499 0.157 0.018 0.022
2 0.572 0.028 0.024 0.046
1 0.604 0.542 0.007 0.008
1 0.611 0.517 0.009 0.015
1 0.580 0.508 0.013 0.015
1 0.604 0.505 0.007 0.012
1 0.600 0.443 0.007 0.009
1 0.572 0.400 0.007 0.014
1 0.465 0.297 0.012 0.008
1 0.450 0.290 0.007 0.011
0 0.133 0.913 0.008 0.012
0 0.501 0.716 0.010 0.015
0 0.497 0.512 0.007 0.012
0 0.629 0.455 0.007 0.011
0 0.643 0.257 0.010 0.013
0 0.590 0.253 0.007 0.014
0 0.616 0.252 0.009 0.015
0 0.601 0.232 0.007 0.013
0 0.534 0.176 0.007 0.011
0 0.527 0.153 0.009 0.015
0 0.015 0.065 0.013 0.018
4 0.286 0.136 0.268 0.271
