2 0.333 0.596 0.004 0.002
2 0.747 0.373 0.036 0.021
2 0.829 0.355 0.014 0.009
2 0.001 0.323 0.003 0.011
2 0.783 0.316 0.008 0.006
2 0.698 0.254 0.008 0.009
2 0.755 0.250 0.009 0.005
2 0.752 0.242 0.005 0.004
2 0.788 0.244 0.017 0.020
2 0.760 0.203 0.011 0.009
2 0.716 0.174 0.021 0.008
2 0.777 0.043 0.028 0.018
2 0.754 0.005 0.025 0.009
1 0.401 0.576 0.027 0.017
1 0.117 0.511 0.051 0.024
1 0.356 0.500 0.102 0.055
1 0.055 0.425 0.076 0.034
1 0.464 0.397 0.048 0.031
1 0.323 0.395 0.060 0.041
1 0.690 0.255 0.016 0.031
1 0.077 0.081 0.089 0.041
1 0.923 0.078 0.291 0.155
0 0.284 0.366 0.008 0.006
0 0.055 0.368 0.017 0.011
0 0.037 0.000 0.008 0.001
4 0.525 0.038 0.327 0.076
