2 0.272 0.780 0.003 0.006
2 0.293 0.772 0.004 0.007
2 0.240 0.771 0.014 0.015
2 0.297 0.743 0.005 0.006
2 0.353 0.682 0.004 0.006
2 0.321 0.604 0.004 0.005
2 0.014 0.601 0.004 0.009
2 0.081 0.577 0.002 0.004
2 0.047 0.566 0.004 0.015
2 0.052 0.558 0.003 0.008
2 0.072 0.554 0.007 0.013
2 0.053 0.538 0.005 0.008
2 0.002 0.538 0.004 0.013
2 0.049 0.531 0.004 0.007
2 0.114 0.522 0.004 0.006
2 0.105 0.528 0.008 0.018
2 0.019 0.527 0.016 0.021
2 0.062 0.514 0.005 0.012
2 0.131 0.503 0.005 0.008
2 0.058 0.502 0.010 0.018
2 0.056 0.495 0.004 0.005
2 0.015 0.500 0.017 0.017
2 0.033 0.496 0.014 0.014
2 0.024 0.486 0.005 0.006
2 0.063 0.487 0.010 0.011
2 0.184 0.487 0.007 0.014
2 0.055 0.477 0.005 0.003
2 0.044 0.468 0.007 0.013
2 0.095 0.472 0.008 0.022
2 0.015 0.462 0.004 0.007
2 0.034 0.459 0.005 0.006
2 0.008 0.458 0.005 0.008
2 0.162 0.456 0.005 0.006
2 0.002 0.453 0.004 0.008
2 0.115 0.452 0.007 0.008
2 0.049 0.450 0.005 0.006
2 0.067 0.452 0.007 0.015
2 0.046 0.441 0.006 0.006
2 0.095 0.445 0.013 0.018
2 0.058 0.438 0.005 0.006
2 0.108 0.441 0.010 0.013
2 0.015 0.434 0.010 0.014
2 0.030 0.428 0.007 0.010
2 0.073 0.428 0.005 0.013
2 0.053 0.426 0.007 0.010
2 0.023 0.423 0.003 0.006
2 0.061 0.413 0.008 0.013
2 0.071 0.408 0.003 0.005
2 0.142 0.410 0.003 0.011
2 0.076 0.408 0.007 0.022
2 0.143 0.396 0.004 0.007
2 0.110 0.394 0.006 0.009
2 0.015 0.389 0.005 0.008
2 0.158 0.375 0.005 0.008
2 0.122 0.372 0.004 0.007
2 0.097 0.379 0.012 0.020
2 0.176 0.375 0.007 0.015
2 0.225 0.364 0.002 0.005
2 0.133 0.363 0.006 0.011
2 0.050 0.362 0.006 0.011
2 0.206 0.357 0.003 0.007
2 0.108 0.356 0.005 0.008
2 0.024 0.361 0.014 0.021
2 0.058 0.354 0.003 0.008
2 0.275 0.350 0.004 0.006
2 0.106 0.348 0.005 0.004
2 0.056 0.345 0.005 0.008
2 0.041 0.351 0.007 0.020
2 0.229 0.342 0.003 0.005
2 0.236 0.343 0.005 0.010
2 0.066 0.347 0.008 0.025
2 0.164 0.336 0.003 0.006
2 0.234 0.334 0.004 0.006
2 0.046 0.323 0.005 0.006
2 0.198 0.323 0.005 0.015
2 0.156 0.319 0.009 0.010
2 0.006 0.317 0.011 0.018
2 0.052 0.311 0.008 0.013
2 0.177 0.304 0.003 0.005
2 0.203 0.304 0.004 0.005
2 0.383 0.298 0.006 0.007
2 0.012 0.299 0.005 0.008
2 0.176 0.291 0.006 0.010
2 0.196 0.282 0.004 0.005
2 0.217 0.279 0.008 0.013
2 0.199 0.271 0.002 0.006
2 0.172 0.271 0.006 0.007
2 0.301 0.269 0.003 0.005
2 0.169 0.267 0.004 0.006
2 0.184 0.265 0.003 0.004
2 0.163 0.266 0.002 0.005
2 0.227 0.265 0.004 0.006
2 0.299 0.261 0.003 0.007
2 0.266 0.260 0.006 0.005
2 0.260 0.260 0.005 0.006
2 0.240 0.259 0.003 0.005
2 0.209 0.254 0.005 0.007
2 0.168 0.254 0.004 0.006
2 0.190 0.255 0.006 0.015
2 0.204 0.248 0.004 0.005
2 0.173 0.243 0.004 0.004
2 0.203 0.242 0.004 0.005
2 0.259 0.241 0.004 0.006
2 0.192 0.241 0.003 0.005
2 0.032 0.242 0.005 0.008
2 0.165 0.242 0.005 0.008
2 0.251 0.226 0.004 0.006
2 0.178 0.226 0.004 0.008
2 0.198 0.221 0.003 0.005
2 0.137 0.217 0.003 0.005
2 0.215 0.217 0.005 0.008
2 0.266 0.216 0.006 0.007
2 0.000 0.211 0.001 0.006
2 0.136 0.209 0.003 0.006
2 0.017 0.187 0.002 0.005
2 0.153 0.160 0.015 0.015
2 0.176 0.144 0.006 0.013
2 0.111 0.140 0.005 0.008
2 0.188 0.143 0.009 0.018
2 0.161 0.140 0.013 0.015
2 0.150 0.139 0.012 0.016
2 0.104 0.137 0.006 0.013
2 0.125 0.124 0.004 0.004
2 0.107 0.124 0.006 0.008
2 0.163 0.112 0.003 0.008
2 0.239 0.110 0.014 0.022
2 0.169 0.104 0.006 0.018
2 0.106 0.095 0.004 0.003
2 0.238 0.092 0.003 0.005
2 0.217 0.093 0.003 0.006
2 0.091 0.095 0.012 0.018
2 0.261 0.097 0.010 0.025
2 0.101 0.087 0.003 0.007
2 0.145 0.094 0.022 0.047
2 0.001 0.070 0.002 0.006
2 0.115 0.066 0.002 0.003
2 0.251 0.052 0.003 0.004
2 0.031 0.050 0.003 0.006
2 0.212 0.048 0.005 0.008
2 0.161 0.045 0.002 0.004
2 0.248 0.043 0.003 0.006
2 0.255 0.039 0.004 0.006
2 0.060 0.033 0.014 0.027
2 0.118 0.024 0.006 0.015
2 0.241 0.017 0.008 0.012
2 0.112 0.007 0.004 0.006
2 0.256 0.006 0.004 0.006
2 0.077 0.003 0.003 0.004
2 0.253 0.002 0.002 0.004
2 0.099 0.003 0.005 0.006
1 0.080 0.910 0.018 0.016
1 0.349 0.917 0.027 0.036
1 0.098 0.846 0.007 0.021
1 0.309 0.860 0.049 0.082
1 0.087 0.812 0.009 0.025
1 0.054 0.793 0.026 0.034
1 0.005 0.651 0.009 0.013
1 0.300 0.661 0.037 0.039
1 0.136 0.563 0.016 0.015
1 0.576 0.445 0.015 0.020
1 0.623 0.427 0.016 0.027
1 0.002 0.406 0.004 0.005
1 0.469 0.414 0.014 0.029
1 0.529 0.362 0.006 0.017
1 0.502 0.270 0.021 0.020
1 0.618 0.261 0.024 0.027
1 0.684 0.222 0.019 0.033
1 0.586 0.217 0.014 0.022
1 0.341 0.191 0.012 0.029
1 0.558 0.183 0.010 0.024
1 0.667 0.145 0.020 0.020
1 0.360 0.151 0.023 0.033
1 0.592 0.162 0.037 0.077
1 0.578 0.071 0.020 0.038
1 0.623 0.058 0.015 0.027
1 0.368 0.045 0.025 0.023
1 0.489 0.045 0.022 0.034
1 0.125 0.023 0.013 0.023
1 0.560 0.001 0.008 0.003
0 0.351 0.964 0.007 0.010
0 0.031 0.891 0.008 0.011
0 0.063 0.873 0.011 0.015
0 0.281 0.849 0.010 0.015
0 0.075 0.835 0.010 0.015
0 0.000 0.829 0.001 0.013
0 0.122 0.803 0.007 0.012
0 0.299 0.789 0.007 0.011
0 0.177 0.780 0.008 0.013
0 0.367 0.539 0.008 0.013
0 0.504 0.447 0.006 0.008
0 0.591 0.443 0.008 0.013
0 0.155 0.440 0.008 0.011
0 0.535 0.431 0.005 0.009
0 0.518 0.382 0.011 0.015
0 0.294 0.375 0.010 0.016
0 0.469 0.340 0.006 0.008
0 0.417 0.316 0.010 0.018
0 0.466 0.310 0.007 0.010
0 0.531 0.282 0.007 0.010
0 0.442 0.265 0.007 0.010
0 0.566 0.229 0.007 0.012
0 0.502 0.223 0.013 0.018
0 0.648 0.214 0.008 0.014
0 0.545 0.206 0.008 0.014
0 0.233 0.186 0.007 0.010
0 0.618 0.177 0.010 0.018
0 0.544 0.166 0.009 0.013
0 0.202 0.151 0.008 0.011
0 0.524 0.120 0.011 0.020
0 0.465 0.094 0.006 0.009
0 0.459 0.091 0.005 0.008
0 0.512 0.084 0.007 0.014
0 0.456 0.077 0.007 0.009
0 0.001 0.031 0.002 0.007
0 0.601 0.007 0.012 0.013
