2 0.318 0.585 0.004 0.003
2 0.441 0.584 0.007 0.006
2 0.264 0.583 0.007 0.003
2 0.463 0.594 0.027 0.027
2 0.874 0.579 0.002 0.002
2 0.318 0.578 0.010 0.007
2 0.218 0.568 0.003 0.003
2 0.209 0.547 0.002 0.001
2 0.954 0.544 0.013 0.011
2 0.638 0.534 0.008 0.004
2 0.648 0.532 0.004 0.002
2 0.662 0.528 0.002 0.002
2 0.187 0.510 0.004 0.003
2 0.888 0.496 0.013 0.005
2 0.885 0.490 0.005 0.002
2 0.853 0.480 0.010 0.008
2 0.903 0.476 0.004 0.003
2 0.713 0.478 0.007 0.007
2 0.525 0.474 0.005 0.005
2 0.859 0.470 0.004 0.006
2 0.685 0.469 0.019 0.013
2 0.540 0.464 0.007 0.007
2 0.894 0.461 0.004 0.004
2 0.720 0.460 0.005 0.004
2 0.728 0.458 0.003 0.003
2 0.797 0.457 0.005 0.003
2 0.883 0.457 0.008 0.007
2 0.859 0.456 0.005 0.006
2 0.888 0.452 0.014 0.009
2 0.865 0.448 0.005 0.005
2 0.843 0.455 0.025 0.020
2 0.679 0.443 0.003 0.002
2 0.718 0.455 0.043 0.028
2 0.824 0.442 0.004 0.003
2 0.675 0.441 0.004 0.003
2 0.831 0.441 0.005 0.005
2 0.858 0.440 0.010 0.004
2 0.564 0.439 0.003 0.002
2 1.060 0.437 0.004 0.003
2 1.049 0.438 0.005 0.004
2 0.531 0.439 0.006 0.007
2 0.871 0.436 0.005 0.003
2 0.535 0.435 0.004 0.003
2 1.156 0.435 0.003 0.003
2 0.566 0.435 0.004 0.003
2 0.693 0.444 0.019 0.021
2 0.827 0.436 0.008 0.006
2 0.697 0.434 0.013 0.009
2 0.734 0.432 0.005 0.007
2 0.894 0.436 0.016 0.016
2 0.575 0.429 0.003 0.003
2 0.518 0.429 0.008 0.003
2 0.716 0.428 0.006 0.004
2 0.740 0.427 0.005 0.004
2 0.514 0.424 0.004 0.003
2 0.505 0.424 0.004 0.003
2 0.586 0.423 0.002 0.003
2 0.577 0.423 0.005 0.004
2 0.951 0.429 0.045 0.021
2 0.532 0.422 0.016 0.007
2 0.860 0.422 0.012 0.007
2 0.558 0.421 0.013 0.008
2 0.941 0.418 0.007 0.004
2 0.454 0.414 0.004 0.004
2 0.850 0.414 0.005 0.006
2 0.958 0.413 0.024 0.010
2 1.000 0.411 0.008 0.007
2 1.015 0.409 0.004 0.004
2 0.283 0.409 0.003 0.004
2 0.489 0.409 0.007 0.004
2 0.930 0.408 0.004 0.004
2 0.920 0.408 0.004 0.004
2 1.016 0.405 0.004 0.004
2 0.941 0.406 0.012 0.007
2 0.561 0.408 0.022 0.013
2 1.004 0.404 0.011 0.008
2 0.968 0.403 0.006 0.008
2 0.722 0.399 0.005 0.003
2 1.017 0.399 0.008 0.005
2 0.759 0.402 0.013 0.012
2 0.532 0.396 0.004 0.005
2 0.575 0.397 0.009 0.007
2 0.472 0.394 0.004 0.003
2 0.584 0.394 0.004 0.003
2 0.504 0.402 0.018 0.019
2 0.514 0.394 0.004 0.003
2 0.563 0.394 0.004 0.004
2 0.547 0.394 0.005 0.005
2 0.501 0.393 0.003 0.002
2 0.988 0.412 0.037 0.042
2 0.303 0.395 0.018 0.010
2 1.171 0.391 0.004 0.002
2 0.598 0.390 0.003 0.003
2 0.497 0.389 0.004 0.002
2 0.972 0.389 0.005 0.004
2 0.955 0.392 0.021 0.012
2 0.542 0.389 0.006 0.005
2 0.470 0.388 0.006 0.004
2 0.606 0.389 0.008 0.006
2 0.458 0.387 0.004 0.003
2 0.563 0.386 0.006 0.004
2 1.016 0.388 0.011 0.009
2 0.550 0.385 0.006 0.003
2 0.526 0.386 0.003 0.005
2 0.999 0.385 0.004 0.003
2 0.577 0.384 0.005 0.004
2 0.454 0.384 0.004 0.003
2 0.559 0.382 0.004 0.003
2 0.543 0.382 0.006 0.006
2 1.047 0.380 0.004 0.003
2 0.976 0.380 0.005 0.003
2 0.574 0.379 0.008 0.005
2 0.489 0.377 0.010 0.007
2 0.592 0.373 0.016 0.009
2 1.090 0.369 0.004 0.003
2 0.961 0.368 0.007 0.004
2 1.033 0.365 0.003 0.003
2 0.613 0.365 0.018 0.009
2 0.628 0.359 0.010 0.006
2 1.036 0.358 0.006 0.004
2 1.011 0.359 0.015 0.010
2 1.058 0.355 0.004 0.002
2 1.026 0.355 0.005 0.003
2 0.971 0.353 0.005 0.004
2 1.047 0.353 0.007 0.007
2 1.089 0.356 0.019 0.016
2 0.960 0.352 0.009 0.007
2 0.934 0.347 0.006 0.005
2 1.057 0.346 0.008 0.005
2 1.048 0.346 0.006 0.004
2 0.960 0.345 0.004 0.003
2 1.028 0.342 0.006 0.006
2 1.058 0.337 0.005 0.004
2 1.080 0.333 0.003 0.002
2 1.086 0.332 0.005 0.006
2 0.969 0.328 0.003 0.002
2 1.017 0.329 0.005 0.004
2 1.082 0.326 0.005 0.004
2 1.047 0.326 0.004 0.003
2 0.958 0.327 0.007 0.005
2 1.060 0.329 0.010 0.010
2 0.934 0.331 0.041 0.016
2 1.103 0.327 0.009 0.009
2 0.968 0.322 0.007 0.007
2 0.994 0.321 0.006 0.007
2 1.113 0.316 0.002 0.002
2 1.106 0.316 0.002 0.002
2 0.908 0.316 0.004 0.003
2 0.993 0.316 0.005 0.003
2 1.108 0.311 0.003 0.002
2 0.873 0.311 0.006 0.004
2 1.120 0.311 0.005 0.005
2 1.115 0.309 0.004 0.003
2 1.104 0.307 0.004 0.002
2 1.051 0.314 0.017 0.019
2 0.394 0.304 0.003 0.002
2 1.082 0.316 0.036 0.030
2 0.376 0.301 0.003 0.002
2 0.951 0.302 0.007 0.006
2 1.068 0.297 0.004 0.002
2 0.388 0.298 0.005 0.007
2 1.111 0.300 0.020 0.012
2 1.055 0.297 0.014 0.012
2 0.933 0.306 0.050 0.031
2 0.944 0.291 0.004 0.003
2 0.962 0.293 0.009 0.007
2 1.080 0.293 0.009 0.009
2 1.035 0.299 0.015 0.025
2 0.958 0.288 0.009 0.007
2 1.002 0.286 0.006 0.004
2 0.983 0.287 0.009 0.006
2 1.103 0.285 0.006 0.003
2 0.990 0.285 0.006 0.003
2 0.965 0.285 0.004 0.004
2 1.008 0.284 0.004 0.003
2 0.969 0.283 0.003 0.003
2 0.916 0.282 0.007 0.005
2 0.999 0.281 0.006 0.003
2 0.953 0.283 0.016 0.014
2 1.009 0.274 0.004 0.003
2 0.782 0.274 0.004 0.003
2 0.998 0.272 0.003 0.002
2 0.754 0.271 0.003 0.002
2 0.735 0.271 0.004 0.005
2 1.016 0.270 0.003 0.002
2 0.967 0.275 0.013 0.013
2 0.743 0.271 0.005 0.005
2 0.712 0.268 0.006 0.004
2 0.719 0.268 0.005 0.007
2 0.972 0.263 0.005 0.002
2 0.476 0.259 0.003 0.003
2 0.960 0.257 0.007 0.006
2 0.764 0.254 0.003 0.003
2 0.995 0.254 0.007 0.005
2 0.964 0.250 0.005 0.005
2 1.000 0.250 0.009 0.006
2 0.946 0.251 0.017 0.009
2 0.778 0.256 0.017 0.021
2 0.794 0.256 0.022 0.024
2 0.988 0.249 0.012 0.014
2 0.545 0.240 0.002 0.002
2 0.515 0.240 0.002 0.002
2 0.488 0.239 0.003 0.002
2 0.778 0.237 0.006 0.005
2 0.798 0.234 0.003 0.002
2 0.770 0.232 0.004 0.003
2 0.755 0.221 0.004 0.003
2 0.809 0.227 0.012 0.017
2 0.784 0.222 0.018 0.016
2 0.959 0.209 0.005 0.003
2 0.787 0.208 0.007 0.005
2 0.850 0.207 0.003 0.003
2 0.956 0.206 0.005 0.002
2 0.854 0.205 0.003 0.003
2 0.846 0.203 0.004 0.003
2 0.828 0.203 0.004 0.002
2 0.947 0.205 0.010 0.007
2 0.958 0.201 0.010 0.005
2 0.671 0.196 0.008 0.006
2 0.830 0.194 0.005 0.003
2 0.952 0.194 0.005 0.002
2 0.797 0.193 0.003 0.002
2 0.789 0.193 0.004 0.002
2 0.778 0.194 0.006 0.004
2 1.097 0.192 0.004 0.003
2 0.778 0.190 0.004 0.003
2 0.683 0.183 0.003 0.002
2 0.864 0.181 0.004 0.002
2 0.982 0.176 0.005 0.003
2 0.953 0.178 0.009 0.007
2 0.817 0.176 0.007 0.005
2 0.665 0.177 0.012 0.010
2 0.672 0.172 0.004 0.003
2 0.977 0.171 0.008 0.006
2 0.961 0.169 0.004 0.003
2 0.848 0.181 0.027 0.030
2 0.822 0.157 0.008 0.009
2 0.884 0.121 0.006 0.003
2 0.873 0.112 0.004 0.003
2 0.879 0.106 0.004 0.003
2 0.751 0.099 0.003 0.003
2 1.004 0.087 0.004 0.003
2 1.012 0.085 0.003 0.002
2 1.005 0.083 0.004 0.003
2 0.956 0.081 0.014 0.005
2 1.009 0.078 0.003 0.003
2 0.945 0.075 0.004 0.003
2 0.929 0.070 0.002 0.001
2 0.935 0.071 0.003 0.002
2 0.945 0.066 0.002 0.002
2 0.999 0.064 0.006 0.003
2 0.935 0.061 0.007 0.005
2 0.926 0.033 0.033 0.016
2 1.031 0.028 0.017 0.012
2 1.041 0.021 0.003 0.003
2 0.936 0.020 0.004 0.002
1 0.787 0.600 0.011 0.004
1 0.768 0.596 0.011 0.004
1 0.898 0.533 0.017 0.005
1 0.988 0.510 0.021 0.008
1 1.072 0.498 0.026 0.018
1 0.923 0.490 0.022 0.015
1 0.262 0.502 0.064 0.072
1 1.175 0.466 0.006 0.008
1 1.129 0.456 0.063 0.022
1 1.098 0.451 0.026 0.012
1 0.629 0.449 0.022 0.010
1 1.157 0.435 0.011 0.010
1 1.124 0.428 0.056 0.020
1 1.065 0.415 0.018 0.014
1 1.195 0.367 0.029 0.021
1 1.171 0.350 0.022 0.022
1 0.846 0.344 0.015 0.027
1 0.685 0.335 0.014 0.009
1 0.136 0.330 0.016 0.009
1 0.856 0.336 0.020 0.024
1 0.314 0.312 0.005 0.003
1 0.307 0.311 0.005 0.002
1 0.334 0.314 0.032 0.014
1 1.229 0.300 0.011 0.008
1 0.544 0.296 0.018 0.005
1 0.885 0.287 0.009 0.012
1 1.228 0.282 0.032 0.017
1 0.635 0.278 0.011 0.011
1 1.111 0.275 0.008 0.010
1 0.896 0.274 0.017 0.015
1 1.029 0.262 0.014 0.015
1 1.112 0.255 0.003 0.004
1 1.100 0.254 0.017 0.011
1 0.585 0.236 0.018 0.008
1 1.040 0.231 0.017 0.010
1 0.937 0.230 0.021 0.026
1 0.969 0.231 0.038 0.031
1 1.086 0.196 0.015 0.008
1 1.041 0.187 0.021 0.013
1 0.969 0.177 0.021 0.013
1 0.482 0.164 0.022 0.017
1 1.085 0.160 0.019 0.015
1 0.965 0.156 0.016 0.010
1 1.100 0.153 0.014 0.009
1 0.555 0.150 0.011 0.003
1 0.683 0.143 0.019 0.011
1 1.089 0.127 0.024 0.011
1 0.848 0.120 0.020 0.012
1 1.043 0.108 0.018 0.010
1 0.839 0.080 0.014 0.005
1 0.848 0.062 0.084 0.020
1 0.750 0.039 0.028 0.007
0 0.709 0.613 0.005 0.003
0 0.757 0.597 0.004 0.003
0 0.782 0.594 0.004 0.002
0 0.770 0.587 0.008 0.006
0 0.849 0.572 0.006 0.004
0 0.415 0.542 0.006 0.004
0 0.955 0.514 0.007 0.005
0 1.116 0.495 0.009 0.006
0 0.616 0.471 0.005 0.003
0 1.036 0.443 0.005 0.003
0 0.916 0.429 0.006 0.004
0 0.301 0.419 0.004 0.003
0 1.033 0.396 0.004 0.002
0 0.656 0.395 0.008 0.005
0 1.102 0.366 0.007 0.004
0 0.963 0.361 0.006 0.004
0 1.241 0.333 0.008 0.005
0 1.181 0.333 0.007 0.005
0 0.114 0.328 0.009 0.007
0 0.378 0.323 0.006 0.003
0 1.218 0.319 0.009 0.007
0 1.230 0.313 0.008 0.006
0 1.092 0.306 0.004 0.003
0 0.980 0.307 0.007 0.005
0 1.127 0.295 0.005 0.003
0 1.107 0.291 0.004 0.003
0 1.019 0.291 0.012 0.009
0 1.166 0.277 0.004 0.002
0 1.075 0.275 0.004 0.003
0 1.099 0.273 0.005 0.003
0 1.061 0.266 0.009 0.006
0 1.130 0.264 0.005 0.003
0 1.016 0.250 0.007 0.004
0 0.898 0.239 0.006 0.003
0 1.013 0.236 0.007 0.004
0 1.022 0.234 0.008 0.005
0 0.919 0.225 0.004 0.002
0 0.580 0.221 0.010 0.006
0 1.080 0.218 0.008 0.005
0 0.476 0.216 0.004 0.003
0 1.042 0.212 0.009 0.006
0 0.928 0.211 0.006 0.004
0 1.021 0.205 0.010 0.006
0 0.534 0.205 0.011 0.007
0 0.333 0.190 0.006 0.005
0 0.537 0.186 0.007 0.004
0 1.069 0.184 0.011 0.006
0 1.108 0.181 0.005 0.003
0 1.114 0.179 0.004 0.003
0 1.074 0.178 0.005 0.003
0 1.107 0.176 0.004 0.003
0 0.551 0.176 0.005 0.003
0 0.536 0.175 0.005 0.003
0 0.527 0.172 0.005 0.003
0 0.545 0.155 0.007 0.005
0 0.512 0.152 0.006 0.004
0 0.918 0.149 0.005 0.003
0 0.925 0.147 0.004 0.003
0 0.535 0.146 0.006 0.004
0 0.932 0.145 0.004 0.003
0 1.030 0.138 0.005 0.003
0 0.983 0.138 0.008 0.005
0 0.966 0.135 0.004 0.003
0 0.844 0.132 0.009 0.006
0 0.970 0.121 0.011 0.006
0 1.010 0.118 0.004 0.002
0 0.983 0.110 0.008 0.005
0 1.095 0.106 0.009 0.006
0 1.032 0.101 0.003 0.002
0 1.048 0.097 0.005 0.003
0 1.072 0.095 0.005 0.003
0 0.863 0.083 0.005 0.003
0 1.044 0.081 0.004 0.003
0 0.984 0.076 0.006 0.004
0 0.864 0.073 0.006 0.004
0 0.909 0.070 0.003 0.002
0 0.903 0.066 0.005 0.003
0 0.769 0.047 0.006 0.003
0 1.011 0.038 0.007 0.005
0 0.603 0.037 0.006 0.004
0 0.803 0.036 0.005 0.004
4 0.265 0.276 0.173 0.136
3 0.459 0.568 0.064 0.028
3 1.217 0.415 0.032 0.032
3 0.417 0.346 0.067 0.037
3 0.599 0.212 0.031 0.032
3 0.566 0.165 0.060 0.024
