2 0.014 0.906 0.028 0.027
2 0.159 0.866 0.036 0.051
2 0.033 0.663 0.054 0.060
2 0.634 0.277 0.061 0.099
2 0.415 0.190 0.029 0.035
2 0.510 0.214 0.074 0.117
2 0.354 0.034 0.025 0.024
2 0.609 0.024 0.035 0.045
2 0.431 0.063 0.153 0.126
2 0.264 0.002 0.026 0.004
1 0.156 0.467 0.010 0.015
1 0.156 0.378 0.005 0.008
1 0.181 0.361 0.013 0.016
1 0.192 0.347 0.022 0.015
1 0.174 0.334 0.005 0.006
1 0.226 0.328 0.004 0.007
1 0.219 0.323 0.004 0.008
1 0.221 0.284 0.004 0.005
1 0.146 0.275 0.005 0.008
1 0.136 0.256 0.005 0.007
1 0.130 0.243 0.016 0.033
1 0.144 0.197 0.003 0.008
1 0.133 0.172 0.005 0.008
1 0.083 0.166 0.003 0.007
1 0.170 0.111 0.016 0.020
1 0.161 0.087 0.005 0.009
1 0.056 0.077 0.020 0.021
1 0.153 0.074 0.009 0.018
1 0.165 0.068 0.007 0.012
1 0.107 0.063 0.022 0.020
1 0.166 0.051 0.007 0.013
1 0.094 0.036 0.016 0.025
1 0.087 0.020 0.004 0.006
1 0.081 0.015 0.005 0.007
1 0.052 0.005 0.005 0.008
1 0.066 0.007 0.020 0.013
0 0.085 0.556 0.006 0.010
0 0.020 0.343 0.009 0.013
0 0.266 0.317 0.014 0.020
0 0.181 0.249 0.011 0.020
0 0.132 0.222 0.009 0.011
0 0.170 0.217 0.012 0.016
0 0.150 0.182 0.010 0.013
0 0.253 0.052 0.012 0.018
0 0.175 0.006 0.008 0.011
