2 0.426 0.317 0.013 0.014
1 0.086 0.586 0.016 0.032
1 0.410 0.539 0.017 0.036
1 0.507 0.493 0.012 0.034
1 0.414 0.427 0.014 0.039
1 0.418 0.058 0.024 0.036
1 0.531 0.049 0.014 0.036
1 0.181 0.012 0.026 0.025
0 0.389 0.918 0.014 0.021
0 0.429 0.746 0.013 0.022
0 0.055 0.688 0.009 0.015
0 0.223 0.679 0.007 0.012
0 0.450 0.659 0.011 0.015
0 0.227 0.654 0.011 0.018
0 0.575 0.642 0.009 0.018
0 0.455 0.482 0.013 0.019
0 0.378 0.469 0.006 0.009
0 0.518 0.469 0.007 0.011
0 0.045 0.243 0.007 0.013
0 0.352 0.230 0.008 0.013
0 0.377 0.224 0.009 0.014
0 0.182 0.214 0.007 0.011
0 0.377 0.195 0.011 0.018
0 0.380 0.157 0.010 0.014
0 0.117 0.100 0.007 0.013
0 0.132 0.064 0.010 0.015
0 0.252 0.046 0.007 0.011
0 0.288 0.029 0.010 0.017
