2 0.306 0.947 0.014 0.020
2 0.380 0.897 0.021 0.027
2 0.311 0.847 0.012 0.011
2 0.775 0.836 0.018 0.015
2 0.590 0.747 0.012 0.024
2 0.186 0.722 0.007 0.020
2 0.609 0.721 0.031 0.027
2 0.346 0.622 0.022 0.037
2 0.371 0.608 0.007 0.016
2 0.375 0.566 0.008 0.016
2 0.226 0.483 0.005 0.013
2 0.239 0.448 0.011 0.014
2 0.981 0.287 0.021 0.048
2 0.683 0.107 0.042 0.035
1 0.328 0.992 0.001 0.003
1 0.367 0.992 0.004 0.006
1 0.324 0.987 0.012 0.012
1 0.598 0.988 0.016 0.025
1 0.780 0.972 0.008 0.008
1 0.759 0.978 0.016 0.022
1 0.622 0.968 0.008 0.008
1 0.774 0.962 0.007 0.007
1 0.593 0.963 0.013 0.019
1 0.615 0.954 0.008 0.007
1 0.716 0.954 0.015 0.013
1 0.742 0.948 0.010 0.009
1 0.744 0.935 0.005 0.007
1 0.638 0.939 0.015 0.022
1 0.576 0.949 0.038 0.045
1 0.534 0.935 0.013 0.017
1 0.674 0.962 0.127 0.076
1 0.591 0.927 0.014 0.011
1 0.536 0.921 0.007 0.006
1 0.757 0.913 0.008 0.009
1 0.620 0.911 0.005 0.006
1 0.664 0.900 0.034 0.024
1 0.562 0.906 0.035 0.036
1 0.580 0.895 0.011 0.017
1 0.749 0.887 0.008 0.008
1 0.783 0.915 0.049 0.084
1 0.813 0.883 0.019 0.021
1 0.545 0.884 0.015 0.027
1 0.569 0.874 0.006 0.007
1 0.525 0.892 0.028 0.056
1 0.562 0.867 0.011 0.014
1 0.798 0.862 0.007 0.008
1 0.481 0.860 0.007 0.011
1 0.763 0.862 0.011 0.020
1 0.343 0.856 0.009 0.011
1 0.516 0.855 0.020 0.023
1 0.559 0.849 0.008 0.015
1 0.760 0.843 0.007 0.011
1 0.363 0.840 0.004 0.008
1 0.813 0.851 0.020 0.039
1 0.501 0.834 0.011 0.008
1 0.818 0.829 0.007 0.007
1 0.601 0.834 0.008 0.017
1 0.455 0.821 0.013 0.012
1 0.365 0.816 0.009 0.012
1 0.799 0.814 0.007 0.009
1 0.858 0.809 0.009 0.012
1 0.545 0.809 0.006 0.013
1 0.845 0.808 0.011 0.011
1 0.773 0.808 0.007 0.011
1 0.866 0.798 0.009 0.009
1 0.563 0.807 0.021 0.037
1 0.827 0.795 0.014 0.015
1 0.801 0.790 0.006 0.012
1 0.438 0.791 0.013 0.014
1 0.753 0.787 0.006 0.008
1 0.842 0.783 0.007 0.005
1 0.524 0.811 0.047 0.062
1 0.852 0.782 0.006 0.010
1 0.935 0.778 0.006 0.008
1 0.698 0.781 0.015 0.015
1 0.816 0.768 0.011 0.008
1 0.510 0.769 0.015 0.010
1 0.930 0.765 0.007 0.008
1 0.449 0.767 0.009 0.012
1 0.434 0.769 0.011 0.017
1 0.517 0.755 0.004 0.004
1 0.855 0.760 0.017 0.015
1 0.834 0.757 0.006 0.008
1 0.763 0.757 0.007 0.008
1 0.528 0.748 0.011 0.011
1 0.958 0.742 0.007 0.008
1 0.677 0.749 0.024 0.028
1 0.533 0.738 0.009 0.009
1 0.486 0.743 0.017 0.019
1 0.825 0.732 0.009 0.008
1 0.805 0.730 0.007 0.006
1 0.456 0.742 0.019 0.037
1 0.660 0.729 0.012 0.015
1 0.905 0.722 0.004 0.008
1 0.503 0.736 0.030 0.037
1 0.826 0.715 0.007 0.008
1 0.776 0.714 0.007 0.009
1 0.942 0.711 0.007 0.008
1 0.890 0.712 0.014 0.016
1 0.690 0.717 0.014 0.025
1 0.751 0.711 0.010 0.014
1 0.527 0.708 0.017 0.022
1 0.848 0.722 0.036 0.062
1 0.437 0.698 0.016 0.021
1 0.934 0.693 0.015 0.013
1 0.677 0.688 0.016 0.025
1 0.932 0.677 0.028 0.011
1 0.471 0.672 0.005 0.011
1 0.964 0.673 0.022 0.024
1 0.497 0.678 0.044 0.046
1 0.497 0.652 0.007 0.008
1 0.739 0.702 0.107 0.125
1 0.533 0.651 0.035 0.025
1 0.434 0.639 0.005 0.004
1 0.939 0.640 0.017 0.024
1 0.907 0.645 0.035 0.041
1 0.454 0.628 0.006 0.011
1 0.508 0.635 0.027 0.025
1 0.483 0.630 0.023 0.021
1 0.998 0.625 0.003 0.013
1 0.840 0.649 0.110 0.061
1 0.628 0.624 0.020 0.012
1 0.537 0.624 0.019 0.013
1 0.710 0.624 0.028 0.023
1 0.920 0.619 0.014 0.019
1 0.797 0.611 0.014 0.013
1 0.784 0.608 0.008 0.009
1 0.546 0.603 0.018 0.006
1 0.888 0.601 0.024 0.015
1 0.818 0.594 0.006 0.011
1 0.835 0.599 0.028 0.027
1 0.894 0.588 0.005 0.008
1 0.451 0.587 0.009 0.006
1 0.552 0.587 0.017 0.015
1 0.817 0.579 0.020 0.013
1 0.695 0.588 0.025 0.032
1 0.509 0.593 0.017 0.044
1 0.900 0.575 0.007 0.010
1 0.458 0.574 0.008 0.011
1 0.886 0.569 0.004 0.008
1 0.863 0.571 0.027 0.017
1 0.831 0.563 0.011 0.013
1 0.624 0.549 0.013 0.007
1 0.456 0.543 0.008 0.008
1 0.483 0.535 0.014 0.015
1 0.472 0.521 0.009 0.005
1 0.673 0.517 0.010 0.011
1 0.816 0.514 0.012 0.009
1 0.496 0.517 0.010 0.016
1 0.897 0.518 0.012 0.019
1 0.737 0.566 0.056 0.116
1 0.870 0.512 0.008 0.013
1 0.784 0.509 0.013 0.008
1 0.556 0.547 0.075 0.090
1 0.819 0.504 0.006 0.006
1 0.959 0.512 0.015 0.025
1 0.621 0.551 0.085 0.109
1 0.727 0.502 0.014 0.029
1 0.672 0.498 0.040 0.025
1 0.522 0.490 0.018 0.015
1 0.560 0.493 0.026 0.022
1 0.651 0.485 0.009 0.010
1 0.806 0.482 0.008 0.007
1 0.859 0.486 0.009 0.019
1 0.634 0.479 0.007 0.006
1 0.833 0.499 0.024 0.056
1 0.842 0.476 0.017 0.020
1 0.608 0.481 0.025 0.032
1 0.499 0.469 0.009 0.008
1 0.918 0.471 0.010 0.013
1 0.773 0.474 0.041 0.048
1 0.868 0.456 0.051 0.053
1 0.527 0.428 0.011 0.016
1 0.431 0.285 0.011 0.009
0 0.374 0.992 0.010 0.015
0 0.175 0.972 0.007 0.012
0 0.415 0.973 0.008 0.015
0 0.293 0.970 0.014 0.018
0 0.838 0.959 0.014 0.013
0 0.375 0.946 0.007 0.011
0 0.886 0.934 0.008 0.025
0 0.643 0.872 0.006 0.009
0 0.783 0.858 0.011 0.018
0 0.667 0.833 0.010 0.019
0 0.713 0.832 0.009 0.018
0 0.609 0.828 0.009 0.018
0 0.676 0.801 0.005 0.007
0 0.777 0.772 0.006 0.008
0 0.635 0.744 0.007 0.008
0 0.788 0.733 0.008 0.011
0 0.586 0.725 0.008 0.013
0 0.208 0.721 0.005 0.007
0 0.323 0.659 0.005 0.008
0 0.772 0.645 0.009 0.014
0 0.332 0.637 0.005 0.007
0 0.530 0.572 0.010 0.014
0 0.958 0.565 0.011 0.014
0 0.543 0.563 0.011 0.016
0 0.791 0.557 0.016 0.023
0 0.689 0.542 0.013 0.015
0 0.930 0.540 0.009 0.013
0 0.910 0.534 0.008 0.011
0 0.794 0.532 0.012 0.018
0 0.916 0.521 0.008 0.011
0 0.384 0.471 0.005 0.011
0 0.347 0.472 0.009 0.012
0 0.952 0.462 0.009 0.012
0 0.535 0.459 0.008 0.011
0 0.582 0.436 0.010 0.015
0 0.644 0.407 0.006 0.007
0 0.568 0.407 0.010 0.011
0 0.440 0.380 0.008 0.015
0 0.596 0.369 0.007 0.008
0 0.971 0.339 0.007 0.011
0 0.938 0.313 0.016 0.013
0 0.939 0.270 0.017 0.018
0 0.389 0.254 0.009 0.012
0 0.442 0.250 0.004 0.006
0 0.415 0.244 0.007 0.010
0 0.443 0.237 0.007 0.011
0 0.507 0.183 0.009 0.012
0 0.781 0.165 0.013 0.022
0 0.452 0.112 0.014 0.018
3 0.926 0.989 0.022 0.022
3 0.846 0.934 0.030 0.051
3 0.359 0.380 0.033 0.048
3 0.355 0.287 0.090 0.100
