0 0.360077 0.640392 0.003862 0.002799
0 0.371664 0.601796 0.007374 0.004897
0 0.484199 0.536147 0.002809 0.002332
0 0.576194 0.527519 0.008427 0.005597
0 0.519312 0.524021 0.004213 0.002799
0 0.496313 0.519007 0.011587 0.008162
0 0.951369 0.465602 0.008076 0.004431
0 0.735955 0.464436 0.004916 0.003498
0 0.895541 0.458139 0.003862 0.003032
0 0.777388 0.441115 0.002809 0.002099
0 0.763869 0.418027 0.004565 0.003498
0 0.468223 0.391441 0.005267 0.003965
0 0.532654 0.386660 0.005618 0.004198
0 0.511412 0.386311 0.010183 0.006763
0 0.507374 0.383162 0.004213 0.002332
0 0.617626 0.381880 0.005618 0.003498
0 0.520716 0.380597 0.004213 0.002799
0 0.416433 0.303172 0.004916 0.003265
0 0.501580 0.287663 0.005267 0.003498
0 0.764221 0.283699 0.007374 0.005364
0 0.506145 0.281367 0.008076 0.004897
0 0.562851 0.270522 0.005618 0.003731
0 0.566713 0.259328 0.004916 0.003731
0 0.557584 0.257229 0.004916 0.003265
0 0.598666 0.254548 0.006320 0.003965
0 0.560744 0.250233 0.004916 0.003265
0 1.105688 0.241488 0.009129 0.005830
0 0.436973 0.223181 0.003862 0.002799
0 0.403265 0.219683 0.003862 0.002799
0 0.996664 0.180504 0.007374 0.004664
0 0.645541 0.171525 0.008076 0.005364
0 0.980864 0.136660 0.004565 0.002799
0 0.916784 0.100047 0.005618 0.005131
0 0.836728 0.079408 0.011938 0.008162
1 0.986131 0.654151 0.042486 0.019590
1 0.788624 0.556786 0.021067 0.014226
1 0.875176 0.527752 0.015801 0.007463
1 0.552142 0.264925 0.024930 0.008396
1 0.972788 0.146455 0.019312 0.011194
2 0.423982 0.633512 0.005969 0.004431
2 0.498771 0.588270 0.004565 0.003965
2 0.464888 0.579757 0.003511 0.005597
2 0.491749 0.576842 0.003160 0.003498
2 0.656074 0.576609 0.003160 0.004431
2 0.487535 0.577192 0.004565 0.006063
2 0.553546 0.574277 0.005267 0.003032
2 0.457514 0.575093 0.007022 0.005597
2 0.654846 0.571945 0.004916 0.002565
2 0.675562 0.570079 0.003511 0.002099
2 0.617802 0.565998 0.004565 0.003265
2 0.609375 0.562383 0.005267 0.003032
2 0.466292 0.558769 0.003511 0.002332
2 0.597086 0.557952 0.002458 0.002099
2 0.456461 0.550023 0.002809 0.002099
2 0.481039 0.525303 0.004213 0.003032
2 0.614466 0.481227 0.002107 0.003032
2 0.571454 0.476213 0.003862 0.005131
2 0.629740 0.449977 0.002458 0.001632
2 0.566538 0.450560 0.012289 0.005131
2 0.586903 0.446595 0.002458 0.002332
2 0.622542 0.445196 0.002809 0.002332
2 0.626229 0.443913 0.002458 0.002099
2 0.564607 0.444263 0.004213 0.002799
2 0.588483 0.443097 0.002107 0.002799
2 0.624824 0.441465 0.002458 0.001866
2 0.630969 0.441698 0.003511 0.002799
2 0.534586 0.440182 0.001756 0.001166
2 0.563729 0.440532 0.003160 0.002799
2 0.592697 0.440065 0.002809 0.002799
2 0.571629 0.439715 0.002809 0.002099
2 0.588659 0.438549 0.002458 0.001166
2 0.629565 0.437966 0.004916 0.002799
2 0.574438 0.437500 0.003511 0.002332
2 0.585499 0.436451 0.004565 0.003498
2 0.558638 0.435634 0.003511 0.002332
2 0.539853 0.436334 0.005267 0.004198
2 0.578476 0.433769 0.005969 0.003265
2 0.533181 0.431786 0.003160 0.002565
2 0.541257 0.431203 0.003160 0.003265
2 0.548455 0.429571 0.002107 0.002332
2 0.565485 0.429338 0.002458 0.002332
2 0.584270 0.428871 0.004916 0.002799
2 0.711376 0.428521 0.004213 0.002565
2 0.670119 0.428055 0.003160 0.003032
2 0.573736 0.424557 0.002809 0.002565
2 0.777212 0.422575 0.003862 0.002332
2 0.737886 0.422458 0.002458 0.002565
2 0.616924 0.423158 0.009129 0.007229
2 0.515449 0.421758 0.006320 0.004431
2 0.746313 0.419893 0.008076 0.003498
2 0.561271 0.427589 0.034761 0.021222
2 0.582514 0.418027 0.003511 0.002565
2 0.522296 0.415462 0.003862 0.002099
2 0.554775 0.403102 0.002107 0.002099
2 0.470506 0.375583 0.001404 0.001166
2 0.544066 0.372551 0.002458 0.001632
2 0.482795 0.372551 0.001404 0.001632
2 0.412044 0.369286 0.002458 0.002099
2 0.464185 0.344100 0.003511 0.002565
2 0.486306 0.275653 0.002809 0.001399
2 0.445049 0.270056 0.002458 0.001399
2 0.479284 0.240089 0.004213 0.002565
2 0.481215 0.234492 0.003862 0.002099
2 0.442591 0.193680 0.005267 0.003032
2 1.066011 0.185401 0.007022 0.005597
2 0.675386 0.185401 0.011587 0.009328
2 0.441538 0.180387 0.005267 0.003965
2 1.039677 0.179571 0.008427 0.005597
2 0.943820 0.171175 0.006320 0.004198
2 0.944698 0.166744 0.004565 0.002332
2 0.916959 0.148787 0.003160 0.002332
2 0.928897 0.142024 0.005267 0.003265
2 0.280197 0.089785 0.004213 0.004664
2 1.235253 0.418610 0.035815 0.021922
2 1.116222 0.171525 0.035112 0.037547
3 1.053546 0.429104 0.185744 0.139459
