2 1.479 0.642 0.038 0.020
2 1.503 0.628 0.006 0.014
2 1.485 0.611 0.024 0.024
2 1.341 0.598 0.008 0.007
2 1.500 0.595 0.011 0.007
2 1.457 0.593 0.010 0.006
2 1.407 0.602 0.031 0.023
2 1.301 0.588 0.011 0.005
2 1.363 0.591 0.026 0.014
2 1.387 0.584 0.015 0.013
2 1.419 0.584 0.020 0.014
2 1.324 0.578 0.016 0.011
2 1.278 0.581 0.027 0.020
2 1.450 0.569 0.035 0.029
2 1.478 0.564 0.039 0.031
2 1.244 0.558 0.045 0.027
2 1.420 0.551 0.022 0.014
2 1.453 0.541 0.008 0.004
2 1.217 0.535 0.023 0.014
2 1.199 0.522 0.007 0.004
2 1.474 0.518 0.008 0.005
2 1.369 0.505 0.010 0.010
2 1.208 0.483 0.026 0.006
2 1.485 0.452 0.013 0.009
2 1.219 0.448 0.008 0.005
2 1.427 0.444 0.008 0.007
2 1.451 0.458 0.041 0.039
2 1.188 0.439 0.020 0.007
2 1.472 0.432 0.012 0.011
2 1.194 0.426 0.007 0.004
2 1.442 0.421 0.008 0.006
2 1.336 0.418 0.020 0.009
2 1.481 0.409 0.006 0.004
2 1.454 0.406 0.009 0.005
2 1.258 0.405 0.006 0.005
2 1.243 0.401 0.006 0.005
2 1.440 0.400 0.010 0.005
2 1.468 0.399 0.008 0.006
2 1.419 0.398 0.008 0.006
2 1.452 0.391 0.015 0.007
2 1.061 0.035 0.013 0.009
1 1.189 0.563 0.025 0.006
1 1.298 0.521 0.030 0.014
1 1.410 0.429 0.015 0.011
1 0.977 0.040 0.199 0.080
0 0.968 0.616 0.010 0.007
0 1.285 0.536 0.015 0.009
0 1.329 0.527 0.008 0.007
0 1.092 0.023 0.016 0.011
4 0.721 0.586 0.351 0.157
