2 0.814 0.566 0.028 0.020
2 0.479 0.568 0.017 0.030
2 0.819 0.541 0.011 0.020
2 0.844 0.199 0.022 0.038
1 0.815 0.077 0.003 0.007
1 0.818 0.070 0.005 0.007
1 0.806 0.070 0.003 0.006
1 0.781 0.067 0.007 0.013
1 0.766 0.064 0.006 0.008
1 0.829 0.060 0.005 0.007
1 0.772 0.059 0.004 0.006
1 0.789 0.054 0.005 0.006
1 0.783 0.053 0.004 0.007
1 0.796 0.054 0.005 0.014
1 0.817 0.054 0.010 0.016
1 0.858 0.051 0.006 0.011
1 0.763 0.051 0.012 0.012
1 0.811 0.042 0.005 0.007
1 0.780 0.041 0.007 0.009
1 0.880 0.028 0.006 0.013
1 0.885 0.022 0.002 0.004
1 0.900 0.020 0.004 0.008
1 0.831 0.021 0.006 0.009
1 0.818 0.003 0.007 0.006
0 0.823 0.525 0.005 0.008
0 0.978 0.229 0.006 0.011
0 0.730 0.043 0.007 0.012
0 0.751 0.007 0.008 0.012
0 0.771 0.006 0.007 0.011
4 0.563 0.107 0.240 0.213
