2 0.184 0.812 0.011 0.024
2 0.577 0.539 0.011 0.013
2 0.321 0.379 0.015 0.012
2 0.679 0.207 0.038 0.056
2 0.716 0.163 0.012 0.020
2 0.198 0.138 0.015 0.029
2 0.659 0.047 0.009 0.007
1 0.315 0.944 0.004 0.007
1 0.573 0.571 0.007 0.014
1 0.577 0.566 0.005 0.010
1 0.560 0.563 0.002 0.005
1 0.561 0.557 0.005 0.008
1 0.584 0.557 0.007 0.010
1 0.552 0.554 0.006 0.006
1 0.554 0.545 0.003 0.006
1 0.568 0.552 0.024 0.021
1 0.562 0.540 0.005 0.006
1 0.130 0.285 0.005 0.006
1 0.326 0.068 0.007 0.009
0 0.782 0.946 0.003 0.005
0 0.507 0.923 0.004 0.006
0 0.469 0.861 0.003 0.003
0 0.810 0.843 0.003 0.004
0 0.716 0.833 0.005 0.007
0 0.808 0.818 0.003 0.005
0 0.531 0.811 0.003 0.005
0 0.184 0.780 0.007 0.011
0 0.710 0.749 0.004 0.005
0 0.730 0.615 0.005 0.006
0 0.588 0.485 0.004 0.006
0 0.644 0.468 0.004 0.008
0 0.713 0.176 0.002 0.003
0 0.707 0.177 0.004 0.006
0 0.703 0.172 0.004 0.005
0 0.733 0.171 0.003 0.005
0 0.653 0.051 0.004 0.005
4 0.260 0.521 0.145 0.240
