2 0.361 0.643 0.003 0.002
2 0.369 0.642 0.006 0.004
2 0.311 0.618 0.007 0.006
2 0.343 0.622 0.021 0.017
2 0.389 0.432 0.004 0.003
2 0.516 0.411 0.008 0.005
2 0.295 0.382 0.005 0.002
2 0.339 0.371 0.007 0.004
2 0.302 0.346 0.005 0.003
2 0.274 0.345 0.008 0.004
2 0.261 0.315 0.007 0.004
2 0.866 0.309 0.006 0.006
2 0.610 0.299 0.007 0.005
2 0.569 0.299 0.005 0.004
2 0.863 0.292 0.010 0.021
2 0.768 0.250 0.004 0.004
2 1.243 0.199 0.006 0.003
2 0.715 0.200 0.009 0.005
2 0.729 0.187 0.007 0.004
1 0.317 0.634 0.013 0.006
1 0.452 0.528 0.011 0.008
1 1.256 0.364 0.021 0.010
1 0.526 0.289 0.013 0.012
0 0.524 0.581 0.009 0.006
0 1.022 0.561 0.008 0.006
0 1.022 0.536 0.007 0.006
0 0.871 0.513 0.006 0.004
0 0.399 0.488 0.006 0.004
0 1.127 0.396 0.006 0.004
0 0.625 0.345 0.005 0.004
0 0.457 0.342 0.009 0.006
0 0.633 0.339 0.011 0.009
0 0.675 0.308 0.009 0.005
0 0.581 0.243 0.007 0.004
0 0.642 0.170 0.009 0.006
0 1.100 0.060 0.007 0.005
4 1.001 0.273 0.175 0.125
