2 0.342 0.726 0.006 0.008
2 0.570 0.228 0.002 0.004
2 0.562 0.212 0.013 0.009
2 0.542 0.208 0.004 0.005
2 0.559 0.201 0.013 0.012
1 0.484 0.959 0.019 0.026
1 0.754 0.882 0.026 0.035
1 0.375 0.804 0.010 0.011
1 0.575 0.608 0.007 0.026
1 0.734 0.585 0.011 0.025
1 0.738 0.542 0.005 0.018
1 0.648 0.498 0.016 0.019
1 0.637 0.436 0.009 0.010
1 0.757 0.447 0.036 0.052
1 0.511 0.356 0.014 0.023
1 0.545 0.330 0.007 0.014
1 0.788 0.332 0.034 0.054
1 0.833 0.313 0.026 0.052
1 0.536 0.291 0.013 0.025
1 0.797 0.283 0.011 0.014
1 0.777 0.283 0.017 0.019
1 0.550 0.282 0.017 0.035
1 0.766 0.273 0.013 0.028
1 0.150 0.260 0.013 0.011
1 0.351 0.261 0.028 0.035
1 0.758 0.252 0.019 0.019
1 0.342 0.186 0.035 0.037
1 0.414 0.169 0.011 0.021
1 0.337 0.145 0.022 0.020
1 0.681 0.122 0.007 0.010
1 0.363 0.057 0.021 0.028
0 0.498 0.850 0.005 0.008
0 0.375 0.815 0.004 0.005
0 0.661 0.710 0.005 0.008
0 0.814 0.691 0.006 0.008
0 0.821 0.663 0.008 0.012
0 0.455 0.643 0.004 0.007
0 0.420 0.630 0.005 0.008
0 0.727 0.623 0.006 0.009
0 0.291 0.583 0.004 0.006
0 0.616 0.571 0.003 0.005
0 0.722 0.563 0.004 0.008
0 0.385 0.541 0.004 0.006
0 0.453 0.532 0.006 0.010
0 0.439 0.520 0.005 0.008
0 0.697 0.515 0.003 0.006
0 0.664 0.495 0.004 0.006
0 0.446 0.487 0.005 0.008
0 0.686 0.475 0.004 0.006
0 0.770 0.466 0.003 0.006
0 0.641 0.454 0.003 0.004
0 0.628 0.448 0.002 0.004
0 0.514 0.446 0.006 0.009
0 0.350 0.416 0.007 0.009
0 0.788 0.394 0.005 0.006
0 0.402 0.389 0.004 0.005
0 0.382 0.387 0.006 0.009
0 0.396 0.385 0.004 0.007
0 0.538 0.350 0.004 0.005
0 0.323 0.345 0.005 0.009
0 0.521 0.339 0.005 0.007
0 0.553 0.331 0.003 0.005
0 0.497 0.328 0.003 0.005
0 0.526 0.327 0.003 0.005
0 0.536 0.321 0.004 0.006
0 0.494 0.317 0.003 0.005
0 0.503 0.317 0.005 0.007
0 0.509 0.314 0.004 0.006
0 0.785 0.307 0.005 0.006
0 0.549 0.308 0.005 0.009
0 0.610 0.304 0.003 0.004
0 0.663 0.297 0.003 0.004
0 0.610 0.291 0.005 0.007
0 0.532 0.267 0.006 0.007
0 0.394 0.264 0.004 0.006
0 0.612 0.254 0.006 0.009
0 0.547 0.240 0.008 0.012
0 0.464 0.218 0.003 0.005
0 0.599 0.214 0.003 0.006
0 0.524 0.205 0.005 0.007
0 0.642 0.194 0.003 0.005
0 0.533 0.177 0.005 0.008
0 0.345 0.147 0.004 0.005
0 0.605 0.146 0.003 0.005
0 0.643 0.146 0.005 0.007
0 0.614 0.142 0.003 0.006
0 0.611 0.126 0.003 0.005
0 0.647 0.119 0.003 0.004
0 0.635 0.111 0.002 0.004
0 0.506 0.100 0.003 0.005
0 0.252 0.092 0.004 0.006
0 0.651 0.093 0.007 0.009
0 0.584 0.085 0.004 0.005
4 0.239 0.476 0.124 0.195
