2 0.713 0.659 0.006 0.007
2 0.640 0.457 0.004 0.007
2 0.578 0.451 0.005 0.010
2 0.719 0.445 0.005 0.007
2 0.653 0.429 0.007 0.015
2 0.637 0.414 0.003 0.005
2 0.617 0.324 0.002 0.002
2 0.620 0.321 0.002 0.003
2 0.654 0.285 0.005 0.009
2 0.423 0.243 0.006 0.006
2 0.691 0.210 0.004 0.008
2 0.623 0.195 0.004 0.006
2 0.656 0.200 0.013 0.024
2 0.663 0.183 0.006 0.009
2 0.626 0.184 0.007 0.010
2 0.640 0.177 0.009 0.010
2 0.633 0.173 0.003 0.007
2 0.623 0.174 0.013 0.015
1 0.543 0.793 0.008 0.016
1 0.705 0.769 0.009 0.018
1 0.753 0.747 0.006 0.017
1 0.707 0.714 0.007 0.019
1 0.120 0.702 0.011 0.019
1 0.139 0.672 0.009 0.022
1 0.709 0.529 0.012 0.018
1 0.766 0.524 0.007 0.018
1 0.590 0.500 0.013 0.024
1 0.555 0.486 0.013 0.011
1 0.703 0.469 0.008 0.013
1 0.568 0.465 0.006 0.012
1 0.502 0.460 0.010 0.010
1 0.843 0.434 0.015 0.037
1 0.674 0.399 0.008 0.019
1 0.698 0.388 0.009 0.015
1 0.827 0.371 0.009 0.017
1 0.120 0.351 0.013 0.020
1 0.736 0.346 0.007 0.013
1 0.761 0.331 0.005 0.009
1 0.750 0.322 0.009 0.008
1 0.736 0.324 0.012 0.014
1 0.675 0.225 0.015 0.016
1 0.726 0.228 0.021 0.038
1 0.641 0.127 0.009 0.013
1 0.710 0.117 0.016 0.022
0 0.694 0.959 0.007 0.011
0 0.715 0.873 0.006 0.011
0 0.494 0.861 0.003 0.005
0 0.404 0.858 0.008 0.011
0 0.527 0.844 0.005 0.007
0 0.612 0.840 0.004 0.006
0 0.725 0.830 0.005 0.008
0 0.613 0.827 0.005 0.009
0 0.788 0.821 0.004 0.009
0 0.728 0.741 0.006 0.009
0 0.689 0.735 0.003 0.005
0 0.759 0.735 0.003 0.006
0 0.522 0.621 0.003 0.006
0 0.676 0.615 0.004 0.006
0 0.689 0.612 0.005 0.007
0 0.591 0.607 0.003 0.006
0 0.688 0.597 0.005 0.009
0 0.116 0.587 0.007 0.008
0 0.690 0.578 0.005 0.007
0 0.113 0.563 0.003 0.005
0 0.074 0.563 0.004 0.007
0 0.558 0.550 0.003 0.006
0 0.476 0.544 0.004 0.006
0 0.566 0.532 0.005 0.007
0 0.626 0.523 0.003 0.005
0 0.644 0.514 0.005 0.008
0 0.074 0.512 0.006 0.010
0 0.697 0.493 0.003 0.005
0 0.587 0.483 0.006 0.011
0 0.725 0.473 0.005 0.008
0 0.523 0.468 0.002 0.004
0 0.582 0.460 0.003 0.004
0 0.702 0.459 0.004 0.005
0 0.575 0.459 0.003 0.005
0 0.834 0.449 0.005 0.007
0 0.420 0.431 0.005 0.007
0 0.667 0.430 0.004 0.006
0 0.808 0.416 0.007 0.009
0 0.805 0.406 0.005 0.007
0 0.742 0.387 0.008 0.011
0 0.700 0.371 0.004 0.007
0 0.691 0.372 0.005 0.009
0 0.355 0.359 0.003 0.004
0 0.588 0.344 0.006 0.008
0 0.747 0.342 0.006 0.009
0 0.665 0.341 0.006 0.008
0 0.723 0.335 0.006 0.008
0 0.653 0.319 0.007 0.010
0 0.340 0.308 0.004 0.006
0 0.643 0.309 0.006 0.011
0 0.696 0.295 0.004 0.005
0 0.686 0.245 0.006 0.009
0 0.695 0.237 0.005 0.008
0 0.410 0.232 0.008 0.011
0 0.764 0.210 0.005 0.008
0 0.753 0.199 0.002 0.004
0 0.748 0.193 0.003 0.004
0 0.769 0.185 0.004 0.006
0 0.444 0.187 0.006 0.009
0 0.572 0.158 0.003 0.006
0 0.655 0.133 0.005 0.007
0 0.730 0.118 0.006 0.008
0 0.724 0.116 0.005 0.008
0 0.463 0.077 0.005 0.007
0 0.465 0.058 0.003 0.005
0 0.590 0.045 0.003 0.005
4 0.208 0.446 0.109 0.183
3 0.348 0.981 0.022 0.032
3 0.230 0.958 0.018 0.042
3 0.206 0.917 0.015 0.028
3 0.318 0.893 0.020 0.045
3 0.138 0.836 0.015 0.023
3 0.126 0.745 0.029 0.047
