2 0.534 0.923 0.002 0.005
2 0.534 0.914 0.003 0.005
2 0.386 0.912 0.003 0.005
2 0.391 0.897 0.002 0.003
2 0.374 0.897 0.002 0.005
2 0.366 0.894 0.004 0.006
2 0.394 0.890 0.003 0.002
2 0.358 0.887 0.005 0.005
2 0.463 0.880 0.004 0.005
2 0.451 0.878 0.005 0.006
2 0.548 0.879 0.008 0.010
2 0.520 0.877 0.003 0.005
2 0.426 0.869 0.002 0.004
2 0.387 0.869 0.005 0.004
2 0.395 0.872 0.004 0.014
2 0.528 0.867 0.006 0.008
2 0.543 0.864 0.003 0.006
2 0.424 0.863 0.003 0.005
2 0.428 0.858 0.002 0.003
2 0.525 0.858 0.006 0.006
2 0.434 0.854 0.002 0.003
2 0.420 0.853 0.004 0.006
2 0.428 0.850 0.002 0.004
2 0.453 0.850 0.007 0.009
2 0.431 0.844 0.002 0.008
2 0.440 0.838 0.003 0.007
2 0.446 0.842 0.008 0.021
2 0.438 0.833 0.002 0.004
2 0.421 0.831 0.002 0.002
2 0.413 0.818 0.003 0.003
2 0.422 0.812 0.005 0.011
2 0.413 0.801 0.005 0.010
2 0.323 0.772 0.002 0.006
2 0.284 0.729 0.012 0.016
2 0.373 0.723 0.005 0.008
2 0.294 0.720 0.003 0.004
2 0.280 0.722 0.020 0.026
2 0.372 0.709 0.003 0.004
2 0.350 0.705 0.002 0.004
2 0.347 0.704 0.003 0.005
2 0.294 0.705 0.010 0.012
2 0.361 0.699 0.003 0.005
2 0.341 0.689 0.006 0.007
2 0.414 0.685 0.016 0.012
2 0.268 0.606 0.002 0.003
2 0.273 0.605 0.007 0.008
2 0.260 0.594 0.002 0.004
2 0.199 0.595 0.003 0.006
2 0.269 0.593 0.003 0.003
2 0.263 0.591 0.003 0.003
2 0.185 0.590 0.002 0.004
2 0.193 0.588 0.002 0.004
2 0.199 0.589 0.004 0.006
2 0.224 0.587 0.002 0.004
2 0.184 0.586 0.003 0.004
2 0.219 0.587 0.003 0.006
2 0.241 0.587 0.006 0.007
2 0.249 0.583 0.003 0.003
2 0.209 0.586 0.009 0.009
2 0.233 0.577 0.002 0.005
2 0.195 0.571 0.002 0.002
2 0.227 0.577 0.010 0.021
2 0.212 0.567 0.006 0.006
2 0.200 0.570 0.004 0.012
2 0.220 0.566 0.011 0.011
2 0.522 0.562 0.003 0.004
2 0.447 0.562 0.002 0.004
2 0.207 0.566 0.007 0.015
2 0.203 0.560 0.005 0.005
2 0.438 0.560 0.002 0.006
2 0.192 0.558 0.004 0.004
2 0.207 0.556 0.001 0.002
2 0.437 0.555 0.002 0.002
2 0.430 0.555 0.003 0.004
2 0.212 0.556 0.007 0.006
2 0.416 0.553 0.003 0.005
2 0.424 0.552 0.003 0.004
2 0.410 0.552 0.003 0.004
2 0.448 0.550 0.002 0.002
2 0.444 0.553 0.007 0.008
2 0.191 0.551 0.005 0.006
2 0.235 0.552 0.004 0.012
2 0.199 0.549 0.007 0.010
2 0.372 0.544 0.003 0.002
2 0.448 0.544 0.002 0.003
2 0.426 0.545 0.003 0.006
2 0.383 0.546 0.016 0.008
2 0.393 0.541 0.002 0.004
2 0.366 0.542 0.008 0.007
2 0.409 0.543 0.009 0.011
2 0.179 0.539 0.002 0.004
2 0.304 0.538 0.001 0.003
2 0.398 0.543 0.008 0.014
2 0.391 0.537 0.002 0.002
2 0.418 0.541 0.009 0.015
2 0.197 0.534 0.001 0.003
2 0.430 0.533 0.003 0.004
2 0.426 0.534 0.005 0.007
2 0.359 0.530 0.003 0.004
2 0.405 0.533 0.013 0.009
2 0.406 0.527 0.005 0.005
2 0.425 0.526 0.002 0.003
2 0.355 0.522 0.002 0.002
2 0.433 0.522 0.003 0.005
2 0.428 0.522 0.003 0.006
2 0.418 0.521 0.002 0.003
2 0.425 0.520 0.003 0.004
2 0.421 0.517 0.003 0.006
2 0.148 0.515 0.003 0.004
2 0.410 0.513 0.008 0.004
2 0.172 0.507 0.003 0.004
2 0.134 0.507 0.003 0.004
2 0.249 0.506 0.002 0.003
2 0.222 0.504 0.003 0.003
2 0.166 0.504 0.002 0.004
2 0.428 0.516 0.039 0.029
2 0.416 0.497 0.001 0.002
2 0.166 0.498 0.005 0.004
2 0.218 0.499 0.004 0.006
2 0.233 0.517 0.022 0.046
2 0.420 0.499 0.008 0.009
2 0.508 0.496 0.002 0.005
2 0.251 0.493 0.002 0.002
2 0.242 0.495 0.005 0.006
2 0.165 0.492 0.005 0.005
2 0.250 0.491 0.001 0.002
2 0.229 0.493 0.004 0.008
2 0.228 0.484 0.010 0.009
2 0.165 0.482 0.007 0.006
2 0.182 0.479 0.003 0.003
2 0.103 0.478 0.004 0.007
2 0.208 0.475 0.005 0.008
2 0.214 0.473 0.004 0.010
2 0.181 0.471 0.006 0.006
2 0.200 0.468 0.004 0.003
2 0.192 0.470 0.004 0.008
2 0.220 0.472 0.006 0.016
2 0.181 0.465 0.004 0.005
2 0.206 0.460 0.003 0.006
2 0.193 0.455 0.004 0.005
2 0.209 0.441 0.003 0.005
2 0.203 0.441 0.003 0.006
2 0.562 0.439 0.004 0.005
2 0.391 0.397 0.003 0.006
2 0.396 0.392 0.002 0.004
2 0.539 0.394 0.013 0.010
2 0.383 0.387 0.002 0.002
2 0.355 0.379 0.002 0.002
2 0.497 0.375 0.003 0.004
2 0.361 0.372 0.001 0.003
2 0.354 0.373 0.003 0.006
2 0.505 0.370 0.003 0.003
2 0.421 0.370 0.002 0.003
2 0.451 0.370 0.006 0.005
2 0.515 0.374 0.007 0.016
2 0.528 0.368 0.003 0.005
2 0.508 0.364 0.004 0.002
2 0.488 0.364 0.003 0.004
2 0.400 0.361 0.002 0.004
2 0.501 0.362 0.014 0.012
2 0.443 0.353 0.004 0.006
2 0.524 0.356 0.011 0.017
2 0.518 0.351 0.003 0.007
2 0.511 0.348 0.003 0.005
2 0.499 0.347 0.005 0.009
2 0.456 0.344 0.003 0.004
2 0.433 0.344 0.003 0.004
2 0.515 0.342 0.003 0.003
2 0.471 0.338 0.003 0.004
2 0.429 0.338 0.003 0.005
2 0.453 0.337 0.007 0.007
2 0.469 0.331 0.003 0.004
2 0.305 0.330 0.004 0.004
2 0.537 0.338 0.017 0.026
2 0.276 0.318 0.006 0.005
2 0.271 0.313 0.005 0.004
2 0.425 0.312 0.004 0.007
2 0.276 0.311 0.003 0.004
2 0.286 0.304 0.003 0.004
2 0.286 0.297 0.007 0.008
2 0.393 0.288 0.004 0.004
2 0.406 0.286 0.003 0.005
2 0.394 0.284 0.003 0.003
2 0.443 0.256 0.005 0.005
2 0.414 0.256 0.004 0.006
2 0.455 0.253 0.010 0.008
2 0.439 0.249 0.006 0.004
2 0.427 0.254 0.018 0.015
2 0.418 0.246 0.003 0.005
2 0.450 0.246 0.006 0.010
2 0.378 0.241 0.006 0.009
2 0.452 0.237 0.005 0.005
2 0.463 0.238 0.008 0.009
2 0.424 0.234 0.002 0.003
2 0.345 0.232 0.004 0.007
2 0.459 0.231 0.003 0.005
2 0.415 0.233 0.009 0.011
2 0.462 0.228 0.003 0.002
2 0.438 0.226 0.002 0.004
2 0.473 0.224 0.003 0.004
2 0.424 0.223 0.003 0.004
2 0.414 0.221 0.004 0.007
2 0.426 0.216 0.003 0.003
2 0.449 0.220 0.012 0.016
2 0.441 0.214 0.003 0.004
2 0.395 0.211 0.004 0.004
2 0.498 0.212 0.003 0.005
2 0.444 0.208 0.005 0.006
2 0.469 0.209 0.008 0.008
2 0.484 0.206 0.005 0.003
2 0.479 0.208 0.010 0.012
2 0.330 0.127 0.006 0.009
2 0.455 0.071 0.013 0.011
2 0.465 0.048 0.017 0.010
1 0.423 0.975 0.022 0.016
1 0.375 0.943 0.013 0.020
1 0.387 0.935 0.008 0.009
1 0.587 0.932 0.016 0.013
1 0.226 0.923 0.009 0.010
1 0.299 0.918 0.009 0.007
1 0.541 0.883 0.010 0.014
1 0.209 0.877 0.007 0.013
1 0.448 0.822 0.005 0.007
1 0.432 0.817 0.007 0.007
1 0.355 0.794 0.009 0.012
1 0.215 0.779 0.006 0.009
1 0.149 0.739 0.006 0.017
1 0.302 0.729 0.011 0.014
1 0.246 0.668 0.014 0.013
1 0.179 0.684 0.034 0.060
1 0.307 0.669 0.043 0.032
1 0.104 0.648 0.022 0.042
1 0.085 0.631 0.019 0.045
1 0.168 0.602 0.006 0.008
1 0.177 0.575 0.007 0.015
1 0.107 0.554 0.007 0.007
1 0.344 0.553 0.005 0.011
1 0.184 0.547 0.007 0.009
1 0.250 0.545 0.007 0.015
1 0.382 0.539 0.006 0.004
1 0.119 0.518 0.021 0.025
1 0.106 0.501 0.009 0.013
1 0.092 0.485 0.014 0.028
1 0.339 0.358 0.006 0.013
1 0.194 0.194 0.023 0.033
1 0.417 0.154 0.007 0.010
1 0.603 0.057 0.056 0.044
1 0.578 0.029 0.009 0.011
0 0.627 0.972 0.004 0.007
0 0.654 0.969 0.004 0.006
0 0.214 0.944 0.003 0.005
0 0.706 0.932 0.006 0.006
0 0.368 0.918 0.005 0.007
0 0.551 0.915 0.004 0.005
0 0.361 0.914 0.003 0.004
0 0.182 0.888 0.003 0.006
0 0.410 0.883 0.003 0.005
0 0.381 0.876 0.003 0.006
0 0.404 0.876 0.005 0.007
0 0.372 0.874 0.003 0.005
0 0.189 0.873 0.003 0.005
0 0.423 0.872 0.003 0.004
0 0.181 0.871 0.003 0.005
0 0.432 0.826 0.003 0.004
0 0.409 0.826 0.003 0.005
0 0.238 0.815 0.004 0.006
0 0.243 0.809 0.006 0.008
0 0.252 0.807 0.003 0.005
0 0.195 0.796 0.003 0.004
0 0.394 0.794 0.003 0.005
0 0.404 0.794 0.003 0.005
0 0.156 0.791 0.002 0.004
0 0.399 0.790 0.003 0.006
0 0.387 0.779 0.003 0.006
0 0.144 0.777 0.002 0.004
0 0.126 0.767 0.003 0.005
0 0.322 0.763 0.002 0.004
0 0.134 0.763 0.002 0.004
0 0.415 0.764 0.006 0.008
0 0.493 0.761 0.002 0.004
0 0.327 0.750 0.004 0.006
0 0.163 0.733 0.006 0.008
0 0.106 0.698 0.002 0.004
0 0.660 0.680 0.002 0.004
0 0.264 0.672 0.004 0.005
0 0.136 0.650 0.005 0.008
0 0.340 0.606 0.007 0.009
0 0.452 0.607 0.007 0.012
0 0.528 0.586 0.003 0.004
0 0.580 0.577 0.003 0.004
0 0.140 0.572 0.006 0.008
0 0.082 0.571 0.008 0.012
0 0.672 0.566 0.003 0.004
0 0.298 0.566 0.008 0.012
0 0.510 0.562 0.003 0.005
0 0.325 0.563 0.003 0.007
0 0.283 0.550 0.002 0.003
0 0.132 0.550 0.003 0.005
0 0.413 0.546 0.002 0.004
0 0.302 0.547 0.004 0.008
0 0.348 0.541 0.002 0.003
0 0.184 0.536 0.004 0.008
0 0.092 0.535 0.003 0.006
0 0.346 0.533 0.003 0.004
0 0.342 0.528 0.004 0.006
0 0.275 0.526 0.003 0.005
0 0.347 0.523 0.004 0.006
0 0.375 0.518 0.002 0.003
0 0.277 0.518 0.003 0.004
0 0.077 0.507 0.002 0.004
0 0.175 0.491 0.002 0.003
0 0.482 0.478 0.003 0.006
0 0.485 0.472 0.003 0.004
0 0.153 0.472 0.006 0.008
0 0.345 0.457 0.004 0.007
0 0.636 0.450 0.004 0.006
0 0.689 0.443 0.003 0.005
0 0.629 0.434 0.002 0.004
0 0.182 0.434 0.003 0.005
0 0.303 0.434 0.003 0.005
0 0.505 0.434 0.005 0.007
0 0.494 0.431 0.002 0.003
0 0.374 0.433 0.007 0.007
0 0.197 0.429 0.003 0.004
0 0.619 0.400 0.003 0.005
0 0.366 0.392 0.003 0.004
0 0.227 0.387 0.003 0.005
0 0.144 0.386 0.003 0.005
0 0.585 0.386 0.004 0.006
0 0.255 0.377 0.003 0.005
0 0.134 0.373 0.003 0.004
0 0.437 0.372 0.002 0.004
0 0.239 0.369 0.003 0.006
0 0.524 0.344 0.004 0.005
0 0.376 0.336 0.003 0.005
0 0.439 0.324 0.003 0.004
0 0.367 0.319 0.003 0.005
0 0.463 0.312 0.003 0.004
0 0.241 0.268 0.005 0.007
0 0.426 0.246 0.002 0.004
0 0.253 0.241 0.003 0.005
0 0.369 0.241 0.005 0.007
0 0.433 0.233 0.003 0.004
0 0.373 0.223 0.002 0.004
0 0.378 0.222 0.002 0.004
0 0.315 0.213 0.003 0.006
0 0.187 0.190 0.003 0.004
0 0.231 0.186 0.012 0.017
0 0.714 0.172 0.008 0.013
0 0.691 0.160 0.006 0.009
0 0.365 0.100 0.003 0.005
0 0.473 0.075 0.003 0.005
0 0.230 0.042 0.006 0.011
0 0.665 0.040 0.006 0.008
4 0.760 0.495 0.116 0.180
