0 0.654734 0.870962 0.005364 0.008778
0 0.751982 0.854986 0.004897 0.009831
0 0.229361 0.798806 0.005830 0.007725
0 0.417094 0.784937 0.006297 0.009480
0 0.160098 0.259480 0.005830 0.009129
0 0.416628 0.233146 0.005830 0.008427
0 0.585704 0.133603 0.005364 0.008778
0 0.569496 0.020716 0.006996 0.009129
1 0.407066 0.954178 0.045476 0.031250
1 0.597132 0.962605 0.117771 0.068469
1 0.423391 0.888167 0.009562 0.015098
1 0.529151 0.866749 0.005597 0.017907
1 0.520406 0.867451 0.007696 0.021419
1 0.182952 0.842170 0.007229 0.006671
1 0.324743 0.831987 0.015159 0.013694
1 0.734608 0.834972 0.016325 0.098315
1 0.228428 0.751404 0.012360 0.018258
1 0.348997 0.732093 0.008629 0.009129
1 0.226213 0.711903 0.009795 0.027037
1 0.250117 0.727879 0.036147 0.070225
1 0.234725 0.687500 0.007229 0.020365
1 0.244520 0.681706 0.010028 0.010183
1 0.207206 0.666959 0.011894 0.014396
1 0.237873 0.644838 0.006530 0.009480
1 0.210588 0.636763 0.018190 0.016503
1 0.318797 0.627985 0.040112 0.028441
1 0.215019 0.615695 0.006530 0.008778
1 0.202775 0.560920 0.006763 0.008778
1 0.325326 0.506145 0.009795 0.013694
1 0.226796 0.441889 0.012826 0.020716
1 0.221665 0.426440 0.006297 0.009480
1 0.413829 0.402914 0.011427 0.021419
1 0.341068 0.331987 0.042211 0.036868
1 0.311334 0.312324 0.017257 0.028441
1 0.370569 0.294593 0.030784 0.050562
1 0.216418 0.272296 0.005131 0.015801
1 0.205574 0.227177 0.010961 0.009129
1 0.387943 0.231039 0.023088 0.048455
1 0.327542 0.224192 0.045942 0.062851
1 0.242537 0.204881 0.020522 0.025632
1 0.208022 0.194698 0.019590 0.020716
1 0.322062 0.186096 0.010728 0.017556
1 0.788596 0.187676 0.024487 0.027739
1 0.385611 0.167662 0.023088 0.008778
1 0.705807 0.139045 0.003965 0.017556
1 0.208722 0.115695 0.009795 0.009480
1 0.350979 0.110253 0.018190 0.013343
1 0.305737 0.100597 0.015858 0.011587
1 0.717584 0.082514 0.009795 0.016152
1 0.499300 0.071980 0.011194 0.009831
1 0.626283 0.030548 0.010028 0.016152
2 0.398787 0.921524 0.005131 0.010183
2 0.339552 0.891152 0.019590 0.025281
2 0.252099 0.882549 0.011660 0.011587
2 0.332439 0.869031 0.004897 0.008427
2 0.390858 0.861657 0.010261 0.015449
2 0.357160 0.866573 0.037547 0.061096
2 0.306670 0.861657 0.050373 0.077247
2 0.179688 0.824965 0.007229 0.010183
2 0.229478 0.827949 0.019590 0.023876
2 0.181670 0.812851 0.006063 0.010534
2 0.215252 0.822331 0.008862 0.032303
2 0.205807 0.809867 0.012826 0.017907
2 0.463853 0.812149 0.016325 0.034410
2 0.190882 0.807409 0.013759 0.027037
2 0.262826 0.792837 0.009328 0.009129
2 0.206507 0.780197 0.012360 0.010534
2 0.390858 0.778792 0.005131 0.013343
2 0.192514 0.750878 0.008629 0.015801
2 0.216301 0.745787 0.004897 0.009129
2 0.394706 0.742100 0.010028 0.046699
2 0.399720 0.701369 0.005131 0.012289
2 0.402402 0.685744 0.005364 0.010534
2 0.407882 0.669768 0.005597 0.010885
2 0.387010 0.672226 0.013293 0.020716
2 0.429454 0.667837 0.010028 0.019663
2 0.416744 0.663097 0.006996 0.010183
2 0.395406 0.659059 0.005830 0.009831
2 0.404384 0.652563 0.011194 0.017907
2 0.420709 0.651510 0.009795 0.023525
2 0.391441 0.639747 0.012360 0.023876
2 0.428755 0.630091 0.004897 0.008778
2 0.421875 0.618329 0.011194 0.008427
2 0.370336 0.630442 0.045243 0.059340
2 0.363923 0.569874 0.007229 0.009129
2 0.187383 0.549508 0.010494 0.010534
2 0.179688 0.528090 0.024021 0.025983
2 0.422575 0.477353 0.007463 0.016503
2 0.240788 0.454529 0.006763 0.008778
2 0.423741 0.458743 0.009795 0.020716
2 0.254664 0.458392 0.019123 0.024930
2 0.432603 0.450843 0.004198 0.012640
2 0.421875 0.446980 0.007929 0.016854
2 0.441465 0.436622 0.009328 0.020014
2 0.619753 0.428546 0.008629 0.012992
2 0.484025 0.422051 0.005364 0.011938
2 0.286730 0.418715 0.006763 0.008778
2 0.505014 0.424684 0.008162 0.022121
2 0.353195 0.436622 0.012826 0.047402
2 0.613689 0.419417 0.008162 0.014396
2 0.789646 0.415379 0.006996 0.010534
2 0.421758 0.414326 0.009095 0.012640
2 0.327309 0.411692 0.004897 0.012289
2 0.430504 0.422402 0.010728 0.034410
2 0.494753 0.407479 0.006763 0.012289
2 0.217351 0.404319 0.008396 0.012992
2 0.431203 0.401861 0.015858 0.013694
2 0.401353 0.400983 0.006063 0.012640
2 0.496502 0.395716 0.006996 0.008427
2 0.298158 0.393961 0.009562 0.009831
2 0.287080 0.393961 0.013060 0.011236
2 0.468284 0.409410 0.012127 0.046348
2 0.482276 0.395716 0.009795 0.019663
2 0.450793 0.403265 0.018190 0.038975
2 0.319496 0.387992 0.009328 0.011236
2 0.475630 0.380091 0.005364 0.008076
2 0.466884 0.382549 0.010728 0.012992
2 0.280084 0.382374 0.013060 0.014747
2 0.436101 0.379038 0.006530 0.011587
2 0.397505 0.379389 0.005364 0.012289
2 0.484375 0.374649 0.004664 0.009129
2 0.515392 0.373069 0.005131 0.008076
2 0.230644 0.369558 0.003731 0.012289
2 0.253498 0.376229 0.016325 0.028441
2 0.439132 0.365344 0.005131 0.012289
2 0.460938 0.362886 0.006297 0.008076
2 0.425606 0.362008 0.008862 0.011236
2 0.482276 0.356917 0.011194 0.011587
2 0.358209 0.350597 0.006530 0.011587
2 0.495686 0.346735 0.005830 0.009480
2 0.380597 0.349192 0.010261 0.020014
2 0.365555 0.351299 0.024953 0.025632
2 0.501982 0.339010 0.009095 0.013694
2 0.489156 0.340941 0.009095 0.030899
2 0.515742 0.330583 0.009562 0.012289
2 0.386777 0.323034 0.007229 0.016152
2 0.487174 0.317767 0.005131 0.014747
2 0.518540 0.309691 0.005830 0.009831
2 0.402402 0.335499 0.034282 0.065660
2 0.484375 0.304600 0.009328 0.013694
2 0.408232 0.302669 0.005364 0.011938
2 0.417910 0.314782 0.016325 0.043188
2 0.396922 0.296524 0.005131 0.008778
2 0.513876 0.296699 0.011427 0.011938
2 0.310751 0.291257 0.006297 0.010183
2 0.303871 0.283357 0.006996 0.011938
2 0.406133 0.269136 0.010028 0.011587
2 0.472948 0.270365 0.009795 0.018258
2 0.462337 0.266678 0.006297 0.010885
2 0.454874 0.245435 0.013293 0.012640
2 0.439949 0.243855 0.011894 0.014396
2 0.442048 0.187500 0.004897 0.010534
2 0.457556 0.183111 0.012127 0.023525
2 0.242537 0.170295 0.007929 0.014045
2 0.239622 0.153265 0.014226 0.014396
2 0.255014 0.148525 0.007696 0.009831
2 0.413829 0.131847 0.005830 0.008778
2 0.557836 0.100597 0.005597 0.010885
2 0.396805 0.038448 0.009095 0.018610
2 0.377099 0.022121 0.004664 0.012640
2 0.413713 0.018083 0.006530 0.018610
2 0.355527 0.236306 0.048741 0.129213
