2 0.663 0.631 0.028 0.034
2 0.516 0.595 0.027 0.045
2 0.482 0.337 0.024 0.039
1 0.859 0.876 0.011 0.022
1 0.581 0.783 0.007 0.008
1 0.562 0.781 0.007 0.009
1 0.870 0.780 0.011 0.016
1 0.385 0.653 0.033 0.100
1 0.849 0.403 0.005 0.008
1 0.843 0.393 0.006 0.008
1 0.888 0.389 0.004 0.006
1 0.884 0.381 0.005 0.015
1 0.892 0.379 0.006 0.013
1 0.974 0.368 0.009 0.008
1 0.911 0.361 0.003 0.005
1 0.827 0.360 0.007 0.011
1 0.945 0.356 0.019 0.022
1 0.810 0.347 0.011 0.016
1 0.900 0.347 0.010 0.027
1 0.950 0.337 0.009 0.013
1 0.848 0.346 0.019 0.075
1 0.784 0.314 0.010 0.018
1 0.993 0.315 0.014 0.024
1 0.759 0.313 0.010 0.020
1 0.840 0.290 0.004 0.006
1 0.880 0.282 0.012 0.017
1 0.991 0.282 0.010 0.022
1 0.908 0.259 0.007 0.011
1 0.829 0.259 0.009 0.012
1 0.844 0.256 0.013 0.011
1 0.858 0.233 0.007 0.011
1 0.790 0.213 0.011 0.010
1 0.473 0.215 0.012 0.019
1 0.795 0.191 0.011 0.007
1 0.764 0.165 0.008 0.022
1 0.774 0.160 0.007 0.018
1 0.730 0.169 0.022 0.034
1 0.844 0.197 0.082 0.093
1 0.764 0.144 0.009 0.011
1 0.792 0.138 0.004 0.008
1 0.747 0.133 0.006 0.012
1 0.891 0.117 0.026 0.045
1 0.931 0.079 0.005 0.008
1 0.890 0.076 0.009 0.016
1 0.927 0.065 0.006 0.008
1 0.889 0.060 0.013 0.017
1 0.913 0.056 0.008 0.021
1 0.943 0.050 0.011 0.014
1 0.952 0.044 0.004 0.006
1 0.909 0.020 0.006 0.011
0 0.950 0.837 0.015 0.025
0 0.627 0.792 0.008 0.011
0 0.175 0.137 0.015 0.023
4 0.418 0.008 0.086 0.015
3 0.740 0.028 0.040 0.055
