2 0.018 0.662 0.017 0.031
2 0.045 0.544 0.021 0.039
2 0.176 0.505 0.053 0.039
2 0.238 0.465 0.034 0.074
2 0.269 0.317 0.011 0.015
2 0.159 0.309 0.015 0.018
2 0.256 0.279 0.011 0.020
2 0.269 0.255 0.022 0.030
2 0.251 0.226 0.027 0.047
2 0.302 0.187 0.032 0.041
2 0.262 0.152 0.026 0.059
2 0.229 0.126 0.008 0.029
2 0.087 0.120 0.010 0.027
2 0.125 0.111 0.019 0.039
2 0.228 0.097 0.021 0.018
2 0.344 0.091 0.012 0.022
2 0.265 0.082 0.011 0.009
2 0.130 0.067 0.013 0.026
2 0.195 0.079 0.044 0.136
2 0.140 0.002 0.011 0.004
2 0.128 0.009 0.015 0.019
1 0.025 0.779 0.005 0.008
1 0.066 0.778 0.005 0.007
1 0.016 0.763 0.006 0.009
1 0.029 0.762 0.010 0.020
1 0.072 0.759 0.006 0.015
1 0.090 0.754 0.003 0.008
1 0.055 0.748 0.004 0.011
1 0.038 0.747 0.008 0.015
1 0.113 0.732 0.008 0.015
1 0.139 0.725 0.014 0.033
1 0.100 0.723 0.011 0.028
1 0.124 0.726 0.011 0.041
1 0.089 0.724 0.011 0.037
1 0.474 0.711 0.008 0.013
1 0.162 0.704 0.013 0.025
1 0.072 0.662 0.004 0.004
1 0.138 0.683 0.042 0.056
1 0.171 0.662 0.014 0.022
1 0.154 0.653 0.016 0.022
1 0.128 0.637 0.002 0.006
1 0.111 0.640 0.005 0.015
1 0.113 0.625 0.003 0.005
1 0.103 0.591 0.007 0.011
1 0.156 0.614 0.056 0.059
1 0.184 0.587 0.012 0.022
1 0.137 0.576 0.004 0.007
1 0.129 0.575 0.005 0.011
1 0.162 0.573 0.007 0.008
1 0.193 0.567 0.021 0.050
1 0.150 0.542 0.012 0.020
1 0.260 0.518 0.008 0.014
1 0.462 0.494 0.007 0.010
1 0.180 0.482 0.005 0.008
1 0.184 0.465 0.006 0.008
1 0.211 0.458 0.003 0.007
1 0.495 0.459 0.007 0.010
1 0.192 0.457 0.004 0.008
1 0.207 0.448 0.003 0.008
1 0.241 0.438 0.004 0.008
1 0.189 0.426 0.004 0.007
1 0.179 0.419 0.010 0.020
1 0.233 0.413 0.006 0.009
1 0.206 0.424 0.027 0.039
1 0.292 0.413 0.017 0.022
1 0.324 0.403 0.007 0.008
1 0.315 0.404 0.008 0.013
1 0.187 0.394 0.003 0.008
1 0.312 0.382 0.006 0.010
1 0.320 0.376 0.006 0.007
1 0.270 0.377 0.019 0.025
1 0.302 0.371 0.008 0.021
1 0.039 0.363 0.006 0.008
1 0.295 0.361 0.008 0.018
1 0.203 0.354 0.006 0.014
1 0.190 0.359 0.011 0.026
1 0.146 0.348 0.016 0.025
1 0.038 0.337 0.003 0.008
1 0.347 0.336 0.005 0.010
1 0.063 0.336 0.015 0.011
1 0.234 0.388 0.061 0.118
1 0.330 0.326 0.007 0.011
1 0.035 0.322 0.005 0.006
1 0.049 0.321 0.005 0.008
1 0.337 0.324 0.006 0.019
1 0.045 0.315 0.003 0.005
1 0.323 0.306 0.007 0.008
1 0.317 0.305 0.004 0.009
1 0.017 0.317 0.019 0.041
1 0.304 0.297 0.010 0.015
1 0.058 0.287 0.005 0.008
1 0.017 0.283 0.014 0.010
1 0.209 0.297 0.040 0.046
1 0.059 0.273 0.007 0.006
1 0.039 0.270 0.006 0.012
1 0.031 0.263 0.002 0.004
1 0.034 0.257 0.002 0.004
1 0.316 0.269 0.024 0.030
1 0.005 0.256 0.004 0.006
1 0.160 0.270 0.024 0.037
1 0.095 0.255 0.005 0.006
1 0.169 0.254 0.012 0.013
1 0.024 0.252 0.009 0.011
1 0.144 0.245 0.014 0.020
1 0.334 0.235 0.017 0.025
1 0.303 0.223 0.011 0.017
1 0.365 0.211 0.005 0.007
1 0.171 0.205 0.004 0.007
1 0.140 0.206 0.025 0.025
1 0.141 0.192 0.005 0.011
1 0.169 0.182 0.004 0.008
1 0.216 0.179 0.005 0.010
1 0.041 0.178 0.007 0.010
1 0.135 0.177 0.008 0.016
1 0.002 0.161 0.005 0.008
1 0.008 0.159 0.004 0.006
1 0.293 0.158 0.007 0.017
1 0.031 0.149 0.005 0.007
1 0.311 0.146 0.005 0.008
1 0.017 0.148 0.014 0.016
1 0.326 0.144 0.011 0.011
1 0.028 0.137 0.004 0.002
1 0.004 0.136 0.004 0.006
1 0.012 0.125 0.006 0.008
1 0.331 0.125 0.006 0.009
1 0.071 0.111 0.007 0.009
1 0.093 0.103 0.008 0.014
1 0.289 0.122 0.038 0.072
1 0.302 0.087 0.004 0.007
1 0.058 0.082 0.012 0.008
1 0.317 0.081 0.009 0.010
1 0.305 0.079 0.006 0.007
1 0.278 0.045 0.003 0.008
1 0.290 0.050 0.020 0.020
1 0.271 0.033 0.004 0.004
1 0.060 0.050 0.031 0.040
1 0.298 0.030 0.003 0.004
1 0.269 0.027 0.005 0.008
1 0.025 0.035 0.022 0.034
1 0.329 0.018 0.004 0.006
1 0.319 0.006 0.006 0.013
1 0.291 0.001 0.005 0.003
0 0.177 0.866 0.005 0.008
0 0.323 0.857 0.014 0.022
0 0.329 0.821 0.011 0.018
0 0.226 0.749 0.002 0.004
0 0.219 0.738 0.007 0.012
0 0.283 0.728 0.008 0.012
0 0.025 0.721 0.008 0.010
0 0.229 0.664 0.006 0.010
0 0.004 0.649 0.008 0.015
0 0.285 0.623 0.009 0.013
0 0.046 0.611 0.007 0.011
0 0.356 0.575 0.007 0.013
0 0.283 0.548 0.003 0.006
0 0.077 0.542 0.006 0.006
0 0.299 0.531 0.003 0.005
0 0.132 0.520 0.009 0.012
0 0.510 0.521 0.011 0.018
0 0.478 0.414 0.008 0.013
0 0.106 0.410 0.005 0.006
0 0.065 0.301 0.005 0.008
0 0.295 0.282 0.007 0.013
0 0.212 0.225 0.006 0.008
0 0.064 0.218 0.008 0.013
0 0.078 0.218 0.009 0.015
0 0.283 0.179 0.006 0.011
0 0.083 0.079 0.006 0.008
0 0.101 0.048 0.011 0.013
0 0.343 0.031 0.005 0.009
0 0.001 0.022 0.002 0.008
0 0.342 0.013 0.005 0.008
0 0.011 0.003 0.005 0.006
