2 0.985 0.642 0.008 0.008
2 1.005 0.636 0.025 0.012
2 0.803 0.578 0.009 0.006
2 1.067 0.576 0.004 0.003
2 0.778 0.575 0.005 0.003
2 0.996 0.573 0.005 0.004
2 0.809 0.572 0.013 0.005
2 0.959 0.570 0.005 0.003
2 0.803 0.564 0.003 0.002
2 0.825 0.561 0.002 0.002
2 0.801 0.561 0.004 0.002
2 0.816 0.554 0.004 0.002
2 1.091 0.554 0.006 0.004
2 0.873 0.548 0.002 0.001
2 0.974 0.550 0.012 0.008
2 1.039 0.519 0.015 0.007
2 1.021 0.519 0.010 0.008
2 1.013 0.511 0.006 0.003
2 1.027 0.511 0.012 0.004
2 1.034 0.509 0.011 0.006
2 1.004 0.508 0.010 0.005
2 1.022 0.507 0.007 0.006
2 1.040 0.505 0.009 0.006
2 1.029 0.499 0.005 0.002
2 1.031 0.497 0.004 0.003
2 0.960 0.440 0.004 0.003
2 0.975 0.423 0.006 0.003
2 0.942 0.429 0.019 0.018
2 1.042 0.416 0.006 0.003
2 1.065 0.414 0.005 0.003
2 0.662 0.413 0.005 0.004
2 0.687 0.409 0.001 0.002
2 0.625 0.407 0.011 0.004
2 0.956 0.406 0.004 0.003
2 0.697 0.406 0.004 0.002
2 0.959 0.397 0.004 0.003
2 0.598 0.399 0.014 0.009
2 0.605 0.387 0.013 0.005
2 0.598 0.378 0.008 0.005
2 1.147 0.377 0.006 0.003
2 0.616 0.376 0.012 0.006
2 1.185 0.370 0.008 0.003
2 0.647 0.369 0.003 0.002
2 0.741 0.371 0.008 0.007
2 0.752 0.370 0.017 0.008
2 0.725 0.367 0.003 0.003
2 0.663 0.363 0.004 0.002
2 0.722 0.363 0.004 0.003
2 0.752 0.362 0.004 0.003
2 1.253 0.361 0.005 0.002
2 0.743 0.363 0.008 0.007
2 0.732 0.363 0.012 0.011
2 1.223 0.357 0.004 0.001
2 0.719 0.358 0.004 0.004
2 1.230 0.355 0.007 0.004
2 0.741 0.352 0.002 0.002
2 1.255 0.352 0.004 0.002
2 1.244 0.350 0.004 0.002
2 0.777 0.353 0.010 0.010
2 0.751 0.349 0.003 0.003
2 1.279 0.348 0.006 0.003
2 0.761 0.347 0.003 0.003
2 0.735 0.347 0.003 0.003
2 1.216 0.347 0.006 0.003
2 0.727 0.346 0.003 0.003
2 0.667 0.345 0.006 0.005
2 0.761 0.343 0.003 0.003
2 0.727 0.342 0.005 0.003
2 0.746 0.341 0.004 0.003
2 1.102 0.341 0.005 0.004
2 1.288 0.338 0.006 0.003
2 0.748 0.337 0.002 0.003
2 0.756 0.336 0.011 0.005
2 0.744 0.334 0.003 0.002
2 0.755 0.332 0.002 0.002
2 0.215 0.332 0.016 0.009
2 0.193 0.330 0.007 0.004
2 0.829 0.329 0.004 0.003
2 1.256 0.328 0.005 0.006
2 0.761 0.323 0.007 0.007
2 0.800 0.320 0.005 0.005
2 0.766 0.319 0.004 0.002
2 0.719 0.315 0.012 0.008
2 0.760 0.312 0.005 0.003
2 0.833 0.309 0.005 0.003
2 0.209 0.312 0.013 0.010
2 0.741 0.309 0.008 0.006
2 0.725 0.305 0.004 0.003
2 0.707 0.309 0.019 0.010
2 0.740 0.302 0.005 0.004
2 0.673 0.301 0.007 0.004
2 1.083 0.300 0.004 0.002
2 1.072 0.302 0.004 0.007
2 1.032 0.301 0.010 0.008
2 0.684 0.299 0.008 0.004
2 0.951 0.304 0.017 0.015
2 0.818 0.297 0.002 0.003
2 0.731 0.298 0.005 0.003
2 1.093 0.297 0.011 0.005
2 1.023 0.297 0.013 0.008
2 0.718 0.296 0.011 0.006
2 0.881 0.297 0.010 0.009
2 0.677 0.295 0.009 0.004
2 1.049 0.295 0.009 0.007
2 0.215 0.296 0.014 0.010
2 1.077 0.294 0.011 0.007
2 0.894 0.293 0.008 0.005
2 0.691 0.296 0.024 0.013
2 1.055 0.291 0.010 0.005
2 1.090 0.289 0.002 0.003
2 1.070 0.290 0.006 0.005
2 0.749 0.295 0.022 0.021
2 1.024 0.286 0.006 0.005
2 0.770 0.289 0.006 0.011
2 0.692 0.285 0.007 0.002
2 1.038 0.289 0.018 0.013
2 0.867 0.283 0.003 0.002
2 0.749 0.282 0.003 0.002
2 0.671 0.284 0.005 0.006
2 1.085 0.283 0.008 0.005
2 0.915 0.282 0.003 0.003
2 0.716 0.285 0.017 0.010
2 0.792 0.296 0.029 0.033
2 0.988 0.293 0.024 0.027
2 0.876 0.280 0.003 0.003
2 1.068 0.279 0.004 0.003
2 0.753 0.278 0.007 0.004
2 0.716 0.277 0.005 0.004
2 0.649 0.282 0.026 0.013
2 0.969 0.278 0.012 0.005
2 0.731 0.278 0.013 0.007
2 1.009 0.287 0.017 0.027
2 0.897 0.276 0.005 0.004
2 0.632 0.274 0.004 0.002
2 1.024 0.278 0.015 0.010
2 0.662 0.274 0.004 0.003
2 0.878 0.272 0.003 0.002
2 1.099 0.272 0.006 0.004
2 0.648 0.271 0.002 0.002
2 1.004 0.273 0.004 0.007
2 0.895 0.271 0.005 0.004
2 0.641 0.272 0.013 0.007
2 0.876 0.269 0.006 0.003
2 0.643 0.267 0.001 0.001
2 1.071 0.270 0.012 0.008
2 0.921 0.267 0.005 0.003
2 0.771 0.274 0.015 0.017
2 0.794 0.266 0.004 0.004
2 0.730 0.266 0.009 0.006
2 0.719 0.265 0.010 0.004
2 0.862 0.269 0.013 0.013
2 1.056 0.264 0.005 0.004
2 1.041 0.264 0.006 0.003
2 0.812 0.271 0.017 0.019
2 0.634 0.267 0.014 0.010
2 1.135 0.265 0.012 0.008
2 0.833 0.263 0.005 0.004
2 0.645 0.260 0.003 0.002
2 0.652 0.260 0.002 0.002
2 0.632 0.260 0.006 0.003
2 1.113 0.260 0.009 0.004
2 0.657 0.259 0.002 0.003
2 0.644 0.258 0.003 0.001
2 0.874 0.262 0.016 0.010
2 0.853 0.261 0.013 0.008
2 0.840 0.259 0.008 0.006
2 0.723 0.259 0.014 0.008
2 1.133 0.256 0.006 0.003
2 0.867 0.255 0.002 0.001
2 1.042 0.256 0.007 0.005
2 1.020 0.259 0.027 0.014
2 0.885 0.253 0.002 0.003
2 0.899 0.258 0.013 0.015
2 0.655 0.253 0.007 0.006
2 0.814 0.251 0.003 0.002
2 0.750 0.262 0.027 0.026
2 0.840 0.252 0.008 0.006
2 0.827 0.250 0.003 0.002
2 0.732 0.248 0.003 0.001
2 0.986 0.255 0.020 0.014
2 1.145 0.248 0.004 0.003
2 1.102 0.257 0.021 0.020
2 0.835 0.248 0.008 0.004
2 1.068 0.248 0.011 0.006
2 0.613 0.247 0.007 0.005
2 0.978 0.245 0.005 0.003
2 0.819 0.246 0.006 0.006
2 0.623 0.244 0.005 0.003
2 0.909 0.245 0.009 0.005
2 0.630 0.243 0.004 0.003
2 0.732 0.242 0.003 0.002
2 0.727 0.242 0.003 0.002
2 0.838 0.243 0.007 0.006
2 0.922 0.251 0.019 0.024
2 0.800 0.240 0.003 0.002
2 1.053 0.240 0.008 0.005
2 0.868 0.242 0.008 0.009
2 1.061 0.242 0.013 0.011
2 0.669 0.237 0.002 0.001
2 0.882 0.236 0.004 0.003
2 0.834 0.238 0.013 0.007
2 0.643 0.243 0.020 0.020
2 1.030 0.234 0.005 0.003
2 0.942 0.239 0.018 0.014
2 0.693 0.234 0.005 0.004
2 1.049 0.234 0.005 0.003
2 0.676 0.234 0.007 0.004
2 1.078 0.242 0.024 0.021
2 1.107 0.238 0.025 0.017
2 0.820 0.231 0.004 0.003
2 0.941 0.230 0.006 0.002
2 0.868 0.233 0.008 0.008
2 1.137 0.231 0.008 0.004
2 0.853 0.237 0.010 0.017
2 0.863 0.228 0.006 0.003
2 1.125 0.229 0.010 0.007
2 1.151 0.235 0.015 0.019
2 0.938 0.225 0.003 0.002
2 1.092 0.226 0.010 0.005
2 0.741 0.236 0.025 0.025
2 0.687 0.226 0.004 0.004
2 1.031 0.227 0.008 0.008
2 0.913 0.233 0.042 0.020
2 1.111 0.224 0.006 0.004
2 0.942 0.222 0.004 0.002
2 0.920 0.225 0.020 0.010
2 0.783 0.223 0.009 0.005
2 0.677 0.223 0.007 0.007
2 0.828 0.221 0.003 0.002
2 0.989 0.221 0.006 0.003
2 0.894 0.222 0.012 0.007
2 0.682 0.220 0.004 0.004
2 0.823 0.226 0.038 0.015
2 0.657 0.228 0.020 0.020
2 1.169 0.220 0.005 0.005
2 0.671 0.220 0.008 0.006
2 0.837 0.219 0.005 0.004
2 0.991 0.217 0.005 0.002
2 0.751 0.221 0.020 0.014
2 0.674 0.215 0.006 0.002
2 0.691 0.216 0.007 0.006
2 0.666 0.215 0.004 0.005
2 0.900 0.210 0.004 0.002
2 0.772 0.210 0.003 0.003
2 0.983 0.209 0.002 0.003
2 0.696 0.209 0.004 0.004
2 0.997 0.208 0.004 0.003
2 0.834 0.209 0.012 0.007
2 0.688 0.207 0.005 0.004
2 0.890 0.207 0.011 0.009
2 0.983 0.203 0.007 0.003
2 1.047 0.202 0.004 0.002
2 1.035 0.202 0.008 0.005
2 0.904 0.202 0.009 0.005
2 0.990 0.200 0.005 0.003
2 0.780 0.209 0.033 0.022
2 0.920 0.208 0.035 0.023
2 0.883 0.200 0.011 0.008
2 1.027 0.197 0.004 0.003
2 0.912 0.195 0.008 0.005
2 0.929 0.197 0.018 0.012
2 0.873 0.191 0.004 0.003
2 0.946 0.194 0.008 0.011
2 1.040 0.186 0.010 0.004
2 0.889 0.186 0.009 0.008
2 0.947 0.184 0.008 0.004
2 0.907 0.181 0.007 0.005
2 0.921 0.182 0.013 0.007
2 0.981 0.183 0.015 0.011
2 0.889 0.179 0.008 0.005
2 0.963 0.176 0.004 0.005
2 0.903 0.176 0.006 0.006
2 0.897 0.172 0.004 0.003
2 0.924 0.168 0.009 0.006
2 0.890 0.167 0.006 0.007
2 0.977 0.166 0.010 0.006
2 0.940 0.163 0.005 0.002
2 0.969 0.162 0.004 0.003
2 0.910 0.164 0.018 0.007
2 0.976 0.161 0.004 0.002
2 0.986 0.159 0.006 0.004
2 0.902 0.154 0.006 0.004
2 0.988 0.153 0.003 0.004
2 0.980 0.153 0.005 0.004
2 0.982 0.150 0.002 0.003
2 0.933 0.149 0.010 0.008
2 0.970 0.146 0.010 0.007
2 0.903 0.142 0.004 0.003
2 0.920 0.141 0.003 0.003
2 0.924 0.137 0.006 0.002
2 0.944 0.135 0.019 0.022
2 0.808 0.066 0.009 0.006
2 0.800 0.058 0.007 0.007
2 0.812 0.057 0.018 0.010
2 1.108 0.050 0.010 0.005
2 0.668 0.027 0.004 0.005
2 0.624 0.020 0.007 0.005
1 0.880 0.611 0.038 0.007
1 0.942 0.609 0.018 0.005
1 0.503 0.608 0.009 0.003
1 0.835 0.606 0.015 0.013
1 0.512 0.601 0.009 0.006
1 1.078 0.601 0.015 0.013
1 1.157 0.554 0.028 0.017
1 1.017 0.539 0.024 0.015
1 0.397 0.514 0.009 0.007
1 0.481 0.511 0.008 0.005
1 0.203 0.495 0.016 0.011
1 0.885 0.461 0.012 0.008
1 1.130 0.439 0.009 0.008
1 0.610 0.436 0.044 0.022
1 0.760 0.414 0.009 0.003
1 0.137 0.404 0.010 0.010
1 0.567 0.385 0.028 0.021
1 1.090 0.370 0.016 0.008
1 0.634 0.313 0.013 0.018
1 0.548 0.275 0.029 0.006
1 0.686 0.274 0.018 0.008
1 0.864 0.194 0.011 0.007
1 1.127 0.191 0.012 0.010
1 1.021 0.178 0.017 0.007
1 0.945 0.156 0.015 0.008
1 0.953 0.131 0.003 0.005
1 0.755 0.124 0.010 0.009
1 0.725 0.120 0.016 0.008
1 0.879 0.105 0.005 0.007
1 0.682 0.110 0.020 0.017
1 0.926 0.090 0.024 0.016
1 1.091 0.077 0.006 0.005
1 0.889 0.076 0.017 0.010
1 0.983 0.076 0.042 0.021
1 0.907 0.067 0.025 0.009
1 0.857 0.064 0.047 0.018
0 0.836 0.642 0.008 0.004
0 0.946 0.642 0.008 0.005
0 0.867 0.634 0.007 0.004
0 0.867 0.627 0.006 0.004
0 0.829 0.612 0.006 0.004
0 1.029 0.609 0.010 0.006
0 0.497 0.605 0.005 0.005
0 0.504 0.603 0.005 0.003
0 0.480 0.600 0.006 0.004
0 0.966 0.592 0.004 0.003
0 0.962 0.589 0.005 0.003
0 0.785 0.586 0.005 0.002
0 0.776 0.585 0.007 0.003
0 1.090 0.587 0.009 0.007
0 0.831 0.584 0.005 0.004
0 0.850 0.582 0.005 0.003
0 1.101 0.582 0.006 0.003
0 1.122 0.581 0.006 0.004
0 0.932 0.576 0.007 0.005
0 0.785 0.568 0.005 0.002
0 1.117 0.555 0.006 0.004
0 0.389 0.550 0.005 0.003
0 0.414 0.547 0.005 0.003
0 1.125 0.546 0.005 0.003
0 0.385 0.544 0.004 0.003
0 0.376 0.537 0.007 0.004
0 0.987 0.534 0.004 0.003
0 0.682 0.512 0.005 0.003
0 0.960 0.512 0.005 0.003
0 0.910 0.512 0.008 0.005
0 1.162 0.510 0.009 0.007
0 1.156 0.501 0.006 0.004
0 0.666 0.497 0.004 0.003
0 0.838 0.477 0.004 0.002
0 0.878 0.475 0.008 0.005
0 0.244 0.467 0.008 0.005
0 1.117 0.449 0.006 0.003
0 0.818 0.447 0.010 0.007
0 0.728 0.436 0.007 0.005
0 0.797 0.434 0.009 0.009
0 0.885 0.421 0.006 0.004
0 0.816 0.419 0.003 0.002
0 0.561 0.414 0.005 0.004
0 0.909 0.411 0.004 0.003
0 0.980 0.411 0.009 0.005
0 0.537 0.404 0.008 0.003
0 0.271 0.395 0.008 0.004
0 0.793 0.393 0.003 0.002
0 0.964 0.388 0.006 0.004
0 1.082 0.382 0.002 0.002
0 0.791 0.375 0.008 0.005
0 1.004 0.373 0.006 0.004
0 0.766 0.368 0.004 0.003
0 1.044 0.360 0.006 0.005
0 0.601 0.360 0.008 0.006
0 0.624 0.355 0.007 0.002
0 1.105 0.352 0.004 0.003
0 0.668 0.332 0.005 0.004
0 0.621 0.323 0.007 0.005
0 0.611 0.315 0.005 0.004
0 0.179 0.315 0.006 0.003
0 0.670 0.304 0.004 0.003
0 0.511 0.303 0.010 0.006
0 0.648 0.290 0.004 0.003
0 0.193 0.288 0.006 0.005
0 0.595 0.285 0.006 0.004
0 0.798 0.281 0.005 0.003
0 0.668 0.262 0.006 0.004
0 0.801 0.257 0.006 0.004
0 0.890 0.248 0.007 0.004
0 0.897 0.243 0.004 0.002
0 0.695 0.225 0.004 0.003
0 1.131 0.220 0.006 0.004
0 1.064 0.220 0.007 0.004
0 0.905 0.219 0.004 0.003
0 0.898 0.198 0.007 0.004
0 0.939 0.184 0.003 0.002
0 0.968 0.174 0.004 0.002
0 0.924 0.174 0.006 0.005
0 0.812 0.162 0.005 0.003
0 0.200 0.158 0.007 0.005
0 0.982 0.133 0.009 0.006
0 0.856 0.116 0.007 0.004
0 0.325 0.118 0.008 0.007
0 0.233 0.115 0.006 0.004
0 0.344 0.109 0.008 0.004
0 0.995 0.101 0.011 0.007
0 0.614 0.098 0.004 0.003
0 0.980 0.097 0.006 0.004
0 0.986 0.096 0.004 0.003
0 0.965 0.094 0.004 0.003
0 0.961 0.089 0.009 0.005
0 0.340 0.075 0.007 0.005
0 0.957 0.045 0.006 0.004
0 0.948 0.040 0.005 0.003
0 0.376 0.042 0.006 0.005
0 0.445 0.028 0.007 0.004
4 0.372 0.298 0.178 0.133
3 1.040 0.106 0.033 0.044
