2 1.227 0.051 0.005 0.005
2 1.232 0.047 0.008 0.005
2 1.213 0.046 0.004 0.004
2 1.175 0.045 0.011 0.008
2 1.154 0.042 0.008 0.005
2 1.249 0.040 0.007 0.005
2 1.162 0.039 0.006 0.004
2 1.188 0.036 0.007 0.004
2 1.179 0.035 0.006 0.005
2 1.198 0.036 0.008 0.009
2 1.230 0.036 0.015 0.011
2 1.291 0.034 0.008 0.007
2 1.149 0.034 0.018 0.008
2 1.221 0.028 0.008 0.005
2 1.174 0.027 0.011 0.006
2 1.325 0.019 0.009 0.009
2 1.333 0.014 0.004 0.003
2 1.356 0.013 0.006 0.005
2 1.251 0.014 0.008 0.006
2 1.232 0.002 0.011 0.004
1 1.225 0.376 0.041 0.013
1 0.721 0.378 0.025 0.020
1 1.233 0.359 0.017 0.013
1 1.271 0.132 0.034 0.025
0 1.239 0.349 0.007 0.006
0 1.473 0.152 0.009 0.007
0 1.099 0.029 0.011 0.008
0 1.130 0.005 0.012 0.008
0 1.160 0.004 0.010 0.007
4 0.848 0.071 0.361 0.142
