1 0.650070 0.987711 0.012360 0.010534
1 0.439016 0.975597 0.016558 0.007374
1 0.423391 0.953301 0.026819 0.037921
1 0.395756 0.919066 0.017724 0.016503
1 0.517141 0.926264 0.027752 0.043539
1 0.364156 0.909059 0.015159 0.018258
1 0.744170 0.897823 0.019123 0.024579
1 0.334188 0.864817 0.021922 0.013343
1 0.385028 0.878511 0.076959 0.047051
1 0.434235 0.850772 0.018657 0.014747
1 0.433885 0.817416 0.010028 0.012640
1 0.345499 0.813553 0.013293 0.014747
1 0.322411 0.819698 0.032882 0.071980
1 0.601679 0.757725 0.008396 0.016152
1 0.757812 0.757549 0.013293 0.027037
1 0.412896 0.744909 0.011427 0.012289
1 0.414179 0.722261 0.009795 0.014747
1 0.673507 0.605513 0.008396 0.012289
1 0.543377 0.605688 0.006063 0.018258
1 0.321945 0.601826 0.015159 0.021770
1 0.551189 0.596910 0.006763 0.017556
1 0.664995 0.565485 0.052006 0.037570
1 0.355993 0.505442 0.008162 0.011587
1 0.532183 0.501756 0.006996 0.016152
1 0.602379 0.500000 0.013993 0.015449
1 0.573111 0.457514 0.008162 0.011236
1 0.526819 0.451545 0.005131 0.017556
1 0.451842 0.450140 0.017024 0.026685
1 0.782066 0.434867 0.008629 0.014396
1 0.749417 0.386587 0.031017 0.046348
1 0.610774 0.358848 0.007463 0.015449
1 0.392607 0.341117 0.007696 0.012289
1 0.456273 0.292662 0.012826 0.016503
1 0.602962 0.290555 0.017491 0.031250
1 0.173041 0.249298 0.009328 0.014747
1 0.151353 0.224544 0.010728 0.013694
1 0.400187 0.162746 0.008862 0.012289
1 0.357859 0.154319 0.020756 0.031250
1 0.391908 0.142556 0.011427 0.014747
1 0.415695 0.137816 0.008629 0.010183
1 0.707323 0.143961 0.015392 0.023876
1 0.457673 0.134831 0.008162 0.011236
1 0.469333 0.128160 0.010961 0.009129
1 0.640975 0.132900 0.024953 0.035463
1 0.678288 0.125000 0.021222 0.033006
1 0.662197 0.097612 0.012826 0.023876
1 0.554688 0.039677 0.007696 0.014045
1 0.688316 0.038975 0.013759 0.018961
2 0.625933 0.897999 0.006063 0.013694
2 0.560051 0.821980 0.017957 0.035815
2 0.547108 0.804073 0.006996 0.027388
2 0.440998 0.785815 0.009328 0.012640
2 0.539179 0.776861 0.006996 0.013694
2 0.488340 0.777563 0.005597 0.025632
2 0.602612 0.774930 0.009795 0.023876
2 0.462803 0.764572 0.033815 0.042486
2 0.607043 0.722086 0.011660 0.020716
2 0.578242 0.695400 0.021222 0.035463
2 0.559352 0.681004 0.014692 0.015801
2 0.602379 0.678722 0.007929 0.012640
2 0.678405 0.665906 0.009795 0.017907
2 0.508162 0.647823 0.005597 0.015449
2 0.607393 0.641327 0.024487 0.031952
2 0.494636 0.638343 0.026119 0.047051
2 0.473647 0.608146 0.007929 0.014045
2 0.637360 0.611482 0.009328 0.022823
2 0.571945 0.613588 0.039412 0.035463
2 0.525770 0.602001 0.008162 0.023525
2 0.392957 0.600948 0.015858 0.031952
2 0.367071 0.603757 0.037780 0.040379
2 0.346082 0.581461 0.012593 0.012640
2 0.564949 0.572156 0.013759 0.023525
2 0.398088 0.561271 0.006063 0.013694
2 0.458372 0.556882 0.008629 0.011938
2 0.607276 0.590765 0.034049 0.080407
2 0.391325 0.564607 0.016791 0.040028
2 0.508512 0.552317 0.005830 0.016152
2 0.503965 0.576369 0.048974 0.066362
2 0.537430 0.563904 0.025420 0.049860
2 0.503615 0.544593 0.003965 0.024579
2 0.379897 0.536341 0.005131 0.017205
2 0.333139 0.532479 0.023088 0.017205
2 0.598881 0.528265 0.009328 0.014396
2 0.672924 0.510358 0.010028 0.039677
2 0.453242 0.509656 0.016558 0.055126
2 0.472015 0.501931 0.022854 0.041784
2 0.583372 0.487360 0.013293 0.023876
2 0.655667 0.493153 0.023088 0.036166
2 0.620219 0.478230 0.011894 0.028792
2 0.651236 0.466819 0.009562 0.012289
2 0.631530 0.465941 0.011660 0.014045
2 0.564132 0.460323 0.008396 0.014045
2 0.423041 0.504038 0.055970 0.121840
2 0.440532 0.447858 0.007463 0.013694
2 0.336404 0.452949 0.012360 0.023876
2 0.384795 0.449614 0.020056 0.024228
2 0.554104 0.446103 0.013993 0.021419
2 0.303405 0.451545 0.015858 0.035112
2 0.465252 0.443118 0.007929 0.021067
2 0.523554 0.441889 0.010728 0.020716
2 0.510261 0.433813 0.007929 0.011587
2 0.279967 0.432760 0.012360 0.012992
2 0.503848 0.445049 0.024487 0.038272
2 0.473881 0.431355 0.007929 0.015801
2 0.542211 0.428722 0.016325 0.025281
2 0.358675 0.423279 0.006996 0.016503
2 0.407183 0.412219 0.016791 0.026685
2 0.593167 0.393434 0.008162 0.011587
2 0.313549 0.383076 0.009095 0.016854
2 0.419193 0.384831 0.010028 0.025281
2 0.568097 0.377809 0.026586 0.021770
2 0.412663 0.372367 0.008162 0.010885
2 0.391091 0.367100 0.008862 0.015801
2 0.566931 0.350246 0.010261 0.014396
2 0.592584 0.345681 0.009795 0.011587
2 0.446479 0.335674 0.010494 0.014045
2 0.603078 0.334270 0.009328 0.019663
2 0.467001 0.328827 0.011427 0.017205
2 0.629548 0.330583 0.007696 0.025632
2 0.415695 0.304249 0.008629 0.010183
2 0.120686 0.270892 0.005364 0.016503
2 0.280317 0.238237 0.008862 0.010885
2 0.405550 0.202072 0.009795 0.012289
2 0.400886 0.150281 0.007929 0.010534
2 0.278685 0.081285 0.009328 0.012289
2 0.498834 0.015449 0.009795 0.010534
2 0.350746 0.944171 0.013993 0.025983
3 0.161147 0.490695 0.133862 0.187149
