2 0.231 0.559 0.011 0.010
2 0.234 0.315 0.011 0.024
1 0.492 0.672 0.005 0.007
1 0.142 0.539 0.005 0.005
1 0.145 0.532 0.005 0.009
1 0.131 0.527 0.006 0.008
1 0.139 0.526 0.007 0.015
1 0.181 0.516 0.004 0.006
1 0.152 0.514 0.033 0.027
1 0.174 0.501 0.004 0.008
1 0.189 0.502 0.016 0.024
1 0.196 0.488 0.004 0.006
1 0.143 0.489 0.017 0.020
1 0.163 0.482 0.018 0.013
1 0.234 0.478 0.020 0.023
1 0.428 0.470 0.014 0.017
1 0.192 0.453 0.013 0.033
1 0.198 0.432 0.005 0.012
1 0.206 0.431 0.006 0.011
1 0.255 0.443 0.012 0.041
1 0.149 0.429 0.010 0.013
1 0.246 0.429 0.005 0.014
1 0.214 0.429 0.007 0.024
1 0.099 0.416 0.004 0.009
1 0.082 0.416 0.007 0.016
1 0.095 0.401 0.004 0.009
1 0.074 0.394 0.005 0.020
1 0.435 0.393 0.012 0.018
1 0.319 0.312 0.004 0.014
1 0.258 0.309 0.006 0.018
1 0.310 0.307 0.010 0.024
1 0.306 0.286 0.010 0.013
1 0.285 0.279 0.004 0.009
1 0.275 0.264 0.005 0.009
1 0.246 0.265 0.006 0.019
1 0.271 0.254 0.010 0.009
1 0.329 0.251 0.011 0.019
1 0.276 0.233 0.003 0.006
1 0.303 0.223 0.004 0.008
0 0.536 0.760 0.003 0.004
0 0.495 0.613 0.005 0.006
0 0.095 0.500 0.004 0.006
0 0.098 0.490 0.004 0.006
0 0.208 0.278 0.007 0.008
0 0.215 0.268 0.006 0.008
0 0.453 0.051 0.004 0.005
4 0.677 0.528 0.135 0.216
