2 0.789 0.607 0.006 0.005
2 0.751 0.602 0.006 0.004
2 0.776 0.596 0.010 0.013
2 1.471 0.542 0.008 0.009
2 1.486 0.541 0.010 0.009
2 1.424 0.537 0.011 0.007
2 1.439 0.537 0.010 0.014
2 0.952 0.518 0.006 0.007
2 1.090 0.480 0.004 0.003
2 1.031 0.480 0.005 0.005
2 0.976 0.479 0.006 0.005
2 1.343 0.392 0.017 0.011
2 1.366 0.366 0.006 0.003
2 1.330 0.354 0.023 0.021
2 1.343 0.345 0.008 0.005
2 1.502 0.197 0.006 0.005
1 0.264 0.664 0.004 0.001
1 1.359 0.663 0.009 0.003
1 0.259 0.662 0.005 0.004
1 0.278 0.658 0.021 0.013
1 0.628 0.625 0.010 0.005
1 0.613 0.622 0.009 0.005
1 0.667 0.629 0.065 0.028
1 1.087 0.592 0.036 0.010
1 1.271 0.556 0.022 0.022
1 1.171 0.471 0.036 0.017
1 0.963 0.329 0.045 0.034
1 1.111 0.301 0.021 0.007
1 1.366 0.287 0.037 0.021
1 1.489 0.079 0.033 0.014
0 0.229 0.656 0.019 0.014
0 0.756 0.647 0.011 0.007
0 1.160 0.442 0.020 0.013
0 0.953 0.431 0.008 0.007
0 1.069 0.410 0.021 0.014
0 0.666 0.380 0.013 0.009
0 1.074 0.372 0.013 0.008
0 1.102 0.352 0.010 0.007
0 1.072 0.350 0.011 0.007
0 1.054 0.345 0.011 0.007
0 1.091 0.310 0.015 0.010
0 1.023 0.303 0.013 0.008
0 1.069 0.293 0.012 0.008
0 1.207 0.074 0.012 0.008
4 0.530 0.540 0.347 0.248
3 0.850 0.660 0.060 0.009
3 1.198 0.424 0.062 0.064
3 1.132 0.330 0.121 0.047
