2 0.001 0.327 0.002 0.005
2 0.008 0.292 0.006 0.004
2 0.004 0.286 0.007 0.004
2 0.002 0.278 0.004 0.006
2 0.039 0.277 0.007 0.005
2 0.077 0.276 0.006 0.007
2 0.017 0.268 0.008 0.005
2 0.129 0.263 0.020 0.015
2 0.123 0.256 0.006 0.007
2 0.150 0.257 0.025 0.025
2 0.112 0.246 0.013 0.006
2 0.411 0.245 0.019 0.012
2 0.137 0.245 0.025 0.015
2 0.087 0.245 0.032 0.020
2 0.083 0.230 0.006 0.004
2 0.328 0.232 0.015 0.010
2 0.285 0.226 0.009 0.007
2 0.276 0.221 0.008 0.008
2 0.003 0.219 0.006 0.004
2 0.383 0.220 0.021 0.009
2 0.369 0.218 0.007 0.007
2 0.357 0.216 0.010 0.006
2 0.221 0.220 0.032 0.015
2 0.443 0.214 0.005 0.004
2 0.252 0.217 0.025 0.017
2 0.036 0.234 0.067 0.056
2 0.368 0.206 0.008 0.007
2 0.176 0.203 0.017 0.009
2 0.252 0.199 0.005 0.003
2 0.245 0.196 0.006 0.004
2 0.151 0.194 0.011 0.009
2 0.130 0.209 0.067 0.040
2 0.081 0.196 0.030 0.015
2 0.376 0.188 0.010 0.004
2 0.309 0.203 0.054 0.035
2 0.448 0.185 0.006 0.006
2 0.091 0.187 0.026 0.011
2 0.377 0.177 0.006 0.004
2 0.269 0.190 0.020 0.030
2 0.426 0.174 0.006 0.005
2 0.174 0.182 0.034 0.025
2 0.295 0.172 0.011 0.010
2 0.011 0.186 0.022 0.039
2 0.209 0.171 0.022 0.010
2 0.270 0.166 0.006 0.005
2 0.351 0.174 0.039 0.026
2 0.396 0.166 0.020 0.012
2 0.116 0.163 0.008 0.004
2 0.361 0.160 0.005 0.004
2 0.379 0.160 0.007 0.007
2 0.217 0.160 0.008 0.007
2 0.386 0.154 0.005 0.003
2 0.236 0.161 0.031 0.024
2 0.301 0.156 0.030 0.018
2 0.318 0.147 0.008 0.005
2 0.030 0.154 0.025 0.021
2 0.143 0.162 0.049 0.049
2 0.016 0.139 0.008 0.008
2 0.283 0.144 0.012 0.019
2 0.004 0.144 0.008 0.020
2 0.377 0.137 0.009 0.006
2 0.066 0.170 0.096 0.072
2 0.297 0.136 0.005 0.007
2 0.140 0.133 0.006 0.007
2 0.282 0.131 0.005 0.006
2 0.409 0.137 0.015 0.019
2 0.390 0.132 0.007 0.009
2 0.228 0.131 0.010 0.007
2 0.200 0.140 0.040 0.026
2 0.065 0.130 0.006 0.005
2 0.078 0.133 0.014 0.013
2 0.020 0.130 0.008 0.006
2 0.266 0.127 0.004 0.003
2 0.179 0.130 0.013 0.009
2 0.034 0.135 0.018 0.021
2 0.220 0.124 0.015 0.007
2 0.258 0.121 0.004 0.004
2 0.363 0.125 0.022 0.019
2 0.258 0.115 0.004 0.003
2 0.340 0.122 0.028 0.019
2 0.305 0.119 0.015 0.014
2 0.172 0.113 0.019 0.008
2 0.253 0.111 0.011 0.007
2 0.080 0.113 0.045 0.021
2 0.140 0.115 0.028 0.026
2 0.279 0.110 0.038 0.018
2 0.370 0.104 0.014 0.007
2 0.203 0.110 0.022 0.019
2 0.220 0.103 0.007 0.006
2 0.046 0.108 0.015 0.017
2 0.348 0.101 0.006 0.004
2 0.260 0.099 0.007 0.004
2 0.133 0.099 0.008 0.004
2 0.112 0.108 0.020 0.021
2 0.359 0.098 0.006 0.004
2 0.223 0.096 0.006 0.004
2 0.275 0.098 0.013 0.009
2 0.332 0.098 0.022 0.014
2 0.191 0.101 0.025 0.020
2 0.211 0.094 0.014 0.007
2 0.277 0.088 0.007 0.004
2 0.226 0.084 0.005 0.005
2 0.298 0.082 0.008 0.005
2 0.245 0.076 0.023 0.017
2 0.243 0.062 0.017 0.013
2 0.204 0.057 0.013 0.010
2 0.270 0.044 0.008 0.006
1 0.245 0.452 0.017 0.015
1 0.145 0.394 0.029 0.017
1 0.204 0.382 0.067 0.030
1 0.157 0.275 0.039 0.037
1 0.035 0.055 0.018 0.010
0 0.022 0.500 0.011 0.007
0 0.141 0.468 0.009 0.007
0 0.127 0.460 0.009 0.007
0 0.210 0.459 0.009 0.006
0 0.196 0.455 0.013 0.006
0 0.177 0.364 0.010 0.007
0 0.348 0.121 0.007 0.004
0 0.427 0.033 0.022 0.010
4 0.685 0.121 0.331 0.242
