2 0.511 0.635 0.006 0.005
2 0.919 0.630 0.002 0.001
2 0.277 0.578 0.010 0.007
2 0.534 0.552 0.005 0.003
2 0.718 0.549 0.006 0.010
2 0.515 0.537 0.007 0.008
2 0.515 0.530 0.004 0.003
2 0.750 0.527 0.005 0.004
2 0.548 0.526 0.013 0.008
2 1.126 0.519 0.018 0.010
2 1.167 0.510 0.007 0.004
2 0.751 0.493 0.007 0.006
2 1.144 0.490 0.004 0.003
2 0.592 0.489 0.004 0.003
2 0.704 0.488 0.007 0.004
2 0.748 0.485 0.006 0.004
2 0.643 0.464 0.003 0.002
2 0.681 0.464 0.005 0.008
2 1.102 0.459 0.004 0.004
2 1.130 0.457 0.005 0.003
2 1.129 0.453 0.002 0.002
2 0.423 0.453 0.004 0.005
2 1.147 0.454 0.008 0.010
2 1.133 0.434 0.006 0.004
2 1.111 0.419 0.011 0.004
2 0.571 0.407 0.004 0.004
2 0.477 0.368 0.005 0.004
2 0.455 0.367 0.005 0.003
2 0.503 0.362 0.006 0.005
2 1.142 0.354 0.014 0.009
2 0.508 0.342 0.003 0.004
2 0.574 0.334 0.004 0.004
2 1.129 0.332 0.014 0.010
2 0.208 0.308 0.004 0.004
2 0.529 0.268 0.004 0.004
2 0.528 0.255 0.004 0.005
2 0.543 0.253 0.005 0.003
2 0.575 0.239 0.007 0.011
2 0.531 0.179 0.005 0.005
2 1.067 0.125 0.024 0.010
2 0.469 0.117 0.004 0.003
2 1.048 0.111 0.020 0.016
2 1.088 0.095 0.050 0.031
2 1.063 0.079 0.010 0.009
2 1.062 0.070 0.008 0.007
2 1.091 0.063 0.014 0.007
2 1.100 0.059 0.007 0.003
2 1.099 0.053 0.009 0.006
2 1.059 0.050 0.008 0.010
2 1.084 0.041 0.013 0.005
2 1.025 0.038 0.008 0.006
2 1.024 0.033 0.009 0.005
1 0.642 0.639 0.086 0.033
1 0.379 0.625 0.006 0.008
1 0.953 0.620 0.014 0.009
1 0.712 0.612 0.018 0.014
1 0.811 0.588 0.026 0.012
1 0.931 0.582 0.051 0.027
1 0.781 0.544 0.038 0.017
1 0.985 0.530 0.024 0.016
1 0.915 0.530 0.030 0.020
1 0.671 0.515 0.084 0.038
1 0.637 0.491 0.011 0.006
1 0.228 0.483 0.018 0.014
1 1.098 0.460 0.008 0.016
1 0.181 0.459 0.019 0.016
1 0.208 0.446 0.013 0.013
1 0.341 0.463 0.058 0.052
1 0.307 0.435 0.012 0.006
1 0.166 0.481 0.088 0.111
1 0.405 0.416 0.015 0.014
1 0.244 0.436 0.055 0.059
1 0.655 0.405 0.029 0.014
1 0.302 0.405 0.035 0.026
1 0.276 0.396 0.009 0.011
1 0.791 0.373 0.045 0.020
1 1.214 0.357 0.145 0.106
1 1.161 0.310 0.090 0.038
1 1.237 0.265 0.042 0.043
1 1.231 0.225 0.079 0.030
1 0.448 0.207 0.055 0.029
1 0.309 0.196 0.012 0.016
1 0.275 0.175 0.018 0.017
1 0.352 0.162 0.028 0.019
1 0.399 0.168 0.035 0.035
1 0.308 0.156 0.024 0.027
1 1.076 0.143 0.037 0.017
1 0.549 0.142 0.019 0.014
1 0.474 0.141 0.065 0.037
1 0.364 0.131 0.087 0.044
1 0.427 0.107 0.039 0.026
1 0.915 0.086 0.042 0.024
1 0.856 0.040 0.035 0.014
1 0.884 0.026 0.023 0.016
1 0.844 0.016 0.038 0.019
0 0.587 0.650 0.009 0.006
0 0.372 0.588 0.006 0.004
0 0.308 0.587 0.008 0.005
0 0.373 0.582 0.006 0.003
0 0.241 0.561 0.005 0.003
0 0.240 0.556 0.008 0.004
0 0.395 0.551 0.004 0.002
0 0.407 0.551 0.008 0.006
0 0.323 0.535 0.005 0.004
0 0.479 0.534 0.011 0.007
0 0.366 0.530 0.004 0.003
0 0.895 0.515 0.004 0.003
0 0.781 0.516 0.008 0.006
0 0.246 0.509 0.003 0.003
0 0.529 0.491 0.004 0.003
0 0.256 0.487 0.005 0.003
0 0.264 0.486 0.003 0.002
0 0.262 0.469 0.003 0.002
0 0.553 0.469 0.007 0.007
0 0.433 0.462 0.003 0.002
0 0.731 0.459 0.007 0.005
0 0.745 0.457 0.007 0.004
0 0.496 0.383 0.010 0.006
0 0.300 0.369 0.008 0.006
0 0.618 0.340 0.010 0.007
0 0.771 0.330 0.008 0.005
0 0.692 0.314 0.007 0.004
0 0.593 0.306 0.005 0.003
0 1.157 0.250 0.005 0.003
0 0.528 0.232 0.008 0.005
0 1.191 0.191 0.006 0.004
0 0.340 0.188 0.009 0.006
0 0.300 0.184 0.007 0.004
0 0.309 0.181 0.005 0.003
0 0.576 0.168 0.006 0.004
0 0.288 0.151 0.004 0.003
0 0.303 0.137 0.004 0.003
0 0.524 0.126 0.004 0.003
0 0.493 0.116 0.009 0.007
0 0.389 0.112 0.007 0.005
0 0.684 0.079 0.004 0.002
0 1.082 0.070 0.007 0.004
0 0.486 0.037 0.004 0.003
0 0.715 0.034 0.005 0.003
4 1.013 0.313 0.170 0.113
