2 0.717 0.397 0.005 0.004
2 0.697 0.395 0.033 0.014
2 0.699 0.384 0.018 0.008
2 0.592 0.380 0.001 0.001
2 0.472 0.380 0.004 0.002
2 0.566 0.380 0.002 0.002
2 0.413 0.381 0.008 0.004
2 0.613 0.375 0.002 0.001
2 0.575 0.376 0.004 0.003
2 0.447 0.373 0.004 0.003
2 0.547 0.371 0.002 0.001
2 0.552 0.370 0.003 0.002
2 0.575 0.368 0.002 0.002
2 0.572 0.368 0.003 0.002
2 0.615 0.368 0.003 0.002
2 0.564 0.366 0.002 0.002
2 0.559 0.365 0.002 0.003
2 0.585 0.363 0.003 0.002
2 0.607 0.362 0.003 0.002
2 0.790 0.364 0.015 0.007
2 0.812 0.363 0.012 0.006
2 0.599 0.361 0.002 0.001
2 0.723 0.359 0.004 0.003
2 0.602 0.356 0.003 0.002
2 0.580 0.356 0.005 0.003
2 0.826 0.357 0.007 0.007
2 0.747 0.353 0.005 0.003
2 0.754 0.352 0.004 0.003
2 0.904 0.351 0.008 0.004
2 0.609 0.349 0.002 0.002
2 0.859 0.346 0.004 0.003
2 0.556 0.344 0.007 0.004
2 0.422 0.335 0.006 0.003
2 0.831 0.335 0.007 0.005
2 0.760 0.332 0.003 0.002
2 0.423 0.332 0.006 0.003
2 0.429 0.332 0.005 0.006
2 0.778 0.338 0.034 0.018
2 0.810 0.330 0.004 0.006
2 0.843 0.326 0.007 0.004
2 0.779 0.325 0.006 0.003
2 0.858 0.319 0.004 0.003
2 0.826 0.320 0.007 0.006
2 0.783 0.317 0.009 0.005
2 0.405 0.320 0.015 0.013
2 0.889 0.307 0.007 0.003
2 0.869 0.307 0.005 0.004
2 0.266 0.308 0.009 0.007
2 0.385 0.308 0.005 0.007
2 0.879 0.306 0.008 0.009
2 0.864 0.298 0.006 0.003
2 0.898 0.298 0.008 0.005
2 0.789 0.297 0.006 0.005
2 0.886 0.293 0.011 0.006
2 0.836 0.296 0.022 0.019
2 0.847 0.285 0.007 0.002
2 0.547 0.234 0.005 0.004
1 0.646 0.406 0.007 0.002
1 0.552 0.399 0.021 0.009
1 0.669 0.372 0.010 0.004
1 0.502 0.351 0.005 0.008
1 0.286 0.334 0.036 0.012
1 0.486 0.320 0.015 0.010
1 0.525 0.320 0.022 0.012
1 0.690 0.311 0.024 0.007
1 0.578 0.258 0.043 0.016
1 0.506 0.071 0.033 0.029
1 0.560 0.057 0.032 0.016
1 0.665 0.060 0.040 0.031
0 0.451 0.354 0.007 0.004
0 0.542 0.351 0.004 0.002
0 0.557 0.348 0.005 0.003
0 0.541 0.346 0.004 0.003
0 0.510 0.327 0.004 0.003
0 0.533 0.303 0.006 0.005
0 0.517 0.301 0.003 0.002
0 0.508 0.298 0.006 0.004
0 0.532 0.204 0.005 0.003
0 0.788 0.203 0.009 0.005
0 0.532 0.198 0.005 0.003
0 0.590 0.181 0.007 0.004
0 0.830 0.179 0.009 0.005
0 0.819 0.161 0.008 0.006
0 0.327 0.145 0.006 0.004
0 0.565 0.070 0.011 0.006
4 1.079 0.346 0.159 0.137
3 0.666 0.241 0.073 0.037
3 0.574 0.195 0.045 0.026
3 0.826 0.166 0.059 0.025
