2 0.135 0.785 0.007 0.010
2 0.178 0.832 0.055 0.132
2 0.125 0.729 0.010 0.023
2 0.134 0.696 0.012 0.020
2 0.282 0.659 0.008 0.013
2 0.237 0.613 0.035 0.047
2 0.257 0.375 0.020 0.026
2 0.747 0.288 0.009 0.011
2 0.761 0.274 0.007 0.008
2 0.740 0.272 0.005 0.018
1 0.203 0.572 0.003 0.005
1 0.887 0.532 0.002 0.003
1 0.871 0.493 0.002 0.004
1 0.279 0.448 0.002 0.003
1 0.878 0.442 0.003 0.004
1 0.804 0.435 0.003 0.006
1 0.701 0.416 0.005 0.006
1 0.675 0.414 0.003 0.005
1 0.072 0.413 0.003 0.006
1 0.339 0.391 0.003 0.002
1 0.348 0.375 0.002 0.003
1 0.344 0.375 0.002 0.004
1 0.307 0.368 0.006 0.006
1 0.247 0.366 0.002 0.003
1 0.360 0.356 0.002 0.003
1 0.256 0.354 0.002 0.003
1 0.890 0.350 0.002 0.004
1 0.276 0.348 0.003 0.006
1 0.666 0.318 0.004 0.008
1 0.293 0.310 0.002 0.004
1 0.321 0.302 0.001 0.004
1 0.719 0.287 0.002 0.006
1 0.256 0.286 0.004 0.006
1 0.236 0.235 0.007 0.008
1 0.235 0.216 0.003 0.006
1 0.275 0.210 0.002 0.002
1 0.263 0.209 0.001 0.003
1 0.301 0.202 0.002 0.004
1 0.351 0.200 0.003 0.003
1 0.280 0.201 0.002 0.005
1 0.297 0.195 0.003 0.002
1 0.289 0.189 0.001 0.003
1 0.300 0.187 0.003 0.005
1 0.351 0.184 0.002 0.003
1 0.228 0.184 0.002 0.006
1 0.280 0.185 0.002 0.010
1 0.338 0.174 0.003 0.006
1 0.284 0.170 0.003 0.004
1 0.320 0.166 0.002 0.006
1 0.254 0.163 0.002 0.007
1 0.242 0.163 0.002 0.006
1 0.249 0.159 0.003 0.005
1 0.302 0.140 0.001 0.005
1 0.279 0.135 0.002 0.006
1 0.266 0.131 0.003 0.006
0 0.160 0.709 0.003 0.005
0 0.689 0.559 0.004 0.005
0 0.268 0.531 0.006 0.006
4 0.465 0.271 0.117 0.165
