2 0.871 0.132 0.014 0.009
2 1.003 0.037 0.014 0.012
2 0.007 0.033 0.013 0.011
2 0.083 0.004 0.013 0.008
1 0.255 0.583 0.055 0.055
1 0.349 0.539 0.095 0.058
1 0.270 0.525 0.074 0.031
1 0.331 0.497 0.027 0.017
1 0.013 0.434 0.027 0.018
1 0.049 0.347 0.041 0.021
1 0.735 0.355 0.055 0.067
1 0.618 0.371 0.148 0.200
1 0.496 0.235 0.051 0.032
1 0.792 0.241 0.091 0.104
1 0.968 0.201 0.039 0.036
1 0.821 0.162 0.019 0.018
1 0.234 0.147 0.083 0.045
1 0.941 0.119 0.046 0.018
1 1.064 0.003 0.044 0.006
0 0.092 0.629 0.009 0.006
0 0.071 0.630 0.016 0.009
0 0.012 0.412 0.015 0.010
0 0.001 0.401 0.001 0.005
0 0.084 0.391 0.005 0.003
0 0.423 0.290 0.018 0.012
0 0.315 0.273 0.013 0.008
0 0.737 0.244 0.015 0.011
0 0.070 0.210 0.017 0.010
0 0.002 0.201 0.004 0.012
0 0.085 0.196 0.008 0.004
0 0.483 0.189 0.020 0.014
0 0.151 0.103 0.020 0.014
0 0.127 0.082 0.019 0.013
0 0.963 0.043 0.010 0.006
0 0.846 0.024 0.007 0.005
0 0.128 0.007 0.016 0.009
0 0.897 0.003 0.015 0.007
4 0.521 0.057 0.373 0.114
3 0.454 0.627 0.088 0.074
3 0.248 0.626 0.110 0.075
3 0.771 0.410 0.091 0.085
