2 0.646 0.830 0.004 0.004
2 0.591 0.813 0.003 0.004
2 0.637 0.723 0.006 0.008
2 0.639 0.706 0.005 0.006
2 0.588 0.583 0.007 0.009
2 0.897 0.558 0.015 0.028
2 0.587 0.543 0.007 0.012
2 0.372 0.270 0.006 0.014
1 0.733 0.798 0.033 0.025
0 0.553 0.913 0.007 0.010
0 0.666 0.866 0.007 0.011
0 0.672 0.847 0.011 0.015
0 0.748 0.815 0.007 0.011
0 0.753 0.781 0.007 0.011
0 0.741 0.775 0.007 0.010
0 0.795 0.767 0.008 0.012
0 0.745 0.754 0.007 0.010
0 0.580 0.672 0.005 0.008
0 0.536 0.662 0.005 0.008
0 0.858 0.517 0.011 0.016
