2 1.278 0.664 0.007 0.000
2 1.465 0.662 0.013 0.004
2 1.450 0.662 0.011 0.004
2 1.375 0.661 0.011 0.007
2 1.415 0.656 0.037 0.016
2 1.492 0.510 0.007 0.011
2 1.502 0.507 0.008 0.019
2 1.474 0.464 0.019 0.030
2 0.340 0.356 0.009 0.007
2 0.350 0.347 0.010 0.012
2 0.369 0.326 0.008 0.008
2 1.369 0.155 0.010 0.007
2 1.277 0.149 0.022 0.014
2 1.341 0.146 0.020 0.011
2 1.212 0.146 0.014 0.016
2 1.393 0.144 0.025 0.020
2 1.368 0.138 0.020 0.019
2 1.304 0.127 0.011 0.007
2 1.287 0.125 0.006 0.007
2 1.417 0.126 0.008 0.012
2 1.321 0.127 0.015 0.018
2 1.280 0.119 0.009 0.011
2 1.290 0.115 0.008 0.007
2 1.381 0.115 0.012 0.009
2 1.415 0.113 0.011 0.008
2 1.188 0.113 0.008 0.008
2 1.393 0.117 0.011 0.020
2 1.340 0.117 0.022 0.021
2 1.402 0.104 0.015 0.015
2 1.363 0.097 0.011 0.006
2 1.209 0.090 0.008 0.006
2 1.312 0.088 0.008 0.005
2 1.435 0.098 0.030 0.025
2 1.466 0.090 0.025 0.022
2 1.505 0.075 0.001 0.003
2 1.438 0.080 0.022 0.013
2 1.193 0.066 0.008 0.007
2 1.496 0.060 0.008 0.009
2 1.197 0.046 0.017 0.014
1 1.229 0.616 0.288 0.088
1 0.279 0.472 0.043 0.008
1 0.384 0.421 0.228 0.086
1 0.942 0.387 0.066 0.045
1 1.095 0.293 0.034 0.024
1 0.826 0.270 0.030 0.031
1 1.394 0.224 0.188 0.071
1 1.497 0.190 0.017 0.009
1 1.130 0.042 0.032 0.020
1 1.159 0.034 0.027 0.011
1 1.245 0.028 0.155 0.054
0 0.292 0.534 0.013 0.010
0 0.611 0.326 0.011 0.009
0 1.107 0.315 0.020 0.012
0 1.045 0.190 0.015 0.009
0 1.499 0.155 0.008 0.005
0 1.006 0.139 0.013 0.008
0 0.665 0.128 0.008 0.006
0 1.483 0.117 0.011 0.007
0 0.797 0.093 0.011 0.008
0 1.359 0.082 0.020 0.011
4 0.786 0.578 0.311 0.172
3 1.478 0.211 0.040 0.026
3 1.505 0.007 0.001 0.008
3 1.375 0.037 0.125 0.075
