2 0.620 0.692 0.004 0.007
2 0.553 0.623 0.002 0.003
2 0.561 0.618 0.005 0.006
2 0.552 0.616 0.002 0.003
2 0.552 0.601 0.002 0.004
2 0.603 0.595 0.003 0.005
2 0.610 0.568 0.004 0.006
2 0.619 0.559 0.003 0.004
2 0.580 0.546 0.002 0.002
2 0.408 0.539 0.002 0.004
2 0.409 0.535 0.003 0.004
2 0.403 0.535 0.001 0.003
2 0.390 0.534 0.003 0.006
2 0.383 0.532 0.003 0.004
2 0.415 0.530 0.002 0.004
2 0.386 0.529 0.002 0.003
2 0.395 0.527 0.002 0.003
2 0.541 0.527 0.002 0.004
2 0.392 0.526 0.002 0.004
2 0.398 0.527 0.003 0.007
2 0.408 0.527 0.005 0.008
2 0.429 0.526 0.003 0.006
2 0.381 0.525 0.006 0.006
2 0.405 0.521 0.003 0.004
2 0.390 0.521 0.004 0.005
2 0.440 0.514 0.003 0.007
2 0.443 0.511 0.001 0.002
2 0.450 0.510 0.002 0.004
2 0.416 0.510 0.003 0.005
2 0.409 0.498 0.004 0.009
2 0.389 0.483 0.002 0.005
2 0.524 0.350 0.004 0.004
2 0.530 0.346 0.006 0.006
2 0.738 0.121 0.005 0.006
1 0.407 0.783 0.014 0.010
1 0.239 0.784 0.008 0.015
1 0.603 0.775 0.007 0.007
1 0.410 0.770 0.006 0.010
1 0.537 0.757 0.016 0.018
1 0.736 0.741 0.010 0.016
1 0.675 0.658 0.007 0.010
1 0.687 0.645 0.010 0.028
1 0.679 0.615 0.028 0.032
1 0.576 0.606 0.018 0.029
1 0.422 0.600 0.011 0.019
1 0.598 0.556 0.014 0.018
1 0.791 0.529 0.009 0.009
1 0.662 0.498 0.010 0.011
1 0.626 0.453 0.005 0.011
1 0.611 0.419 0.007 0.006
1 0.524 0.328 0.013 0.017
1 0.517 0.317 0.010 0.014
1 0.805 0.275 0.013 0.017
1 0.603 0.232 0.009 0.019
1 0.380 0.229 0.023 0.025
0 0.616 0.884 0.005 0.008
0 0.585 0.776 0.003 0.004
0 0.539 0.773 0.004 0.006
0 0.411 0.763 0.002 0.004
0 0.514 0.749 0.003 0.005
0 0.676 0.694 0.003 0.004
0 0.778 0.695 0.005 0.008
0 0.641 0.680 0.002 0.003
0 0.666 0.645 0.003 0.005
0 0.489 0.614 0.003 0.006
0 0.365 0.522 0.003 0.006
0 0.568 0.506 0.003 0.006
0 0.375 0.504 0.004 0.006
0 0.385 0.503 0.003 0.006
0 0.778 0.485 0.004 0.005
0 0.570 0.449 0.006 0.011
0 0.676 0.442 0.003 0.005
0 0.616 0.417 0.003 0.004
0 0.740 0.407 0.003 0.005
0 0.645 0.342 0.003 0.005
0 0.573 0.287 0.004 0.007
0 0.600 0.258 0.004 0.006
0 0.602 0.243 0.003 0.005
4 0.281 0.510 0.120 0.193
