2 0.651 0.607 0.004 0.003
2 0.659 0.603 0.004 0.004
2 0.645 0.598 0.002 0.003
2 0.616 0.598 0.006 0.005
2 0.647 0.577 0.004 0.004
2 0.446 0.571 0.016 0.008
2 0.439 0.567 0.002 0.002
2 0.417 0.563 0.003 0.002
2 0.429 0.561 0.005 0.002
2 0.512 0.562 0.005 0.005
2 0.521 0.562 0.007 0.004
2 0.472 0.565 0.016 0.010
2 0.451 0.558 0.004 0.002
2 0.409 0.557 0.007 0.003
2 0.494 0.562 0.030 0.014
2 0.501 0.556 0.004 0.002
2 0.477 0.555 0.005 0.002
2 0.437 0.555 0.004 0.003
2 0.610 0.554 0.005 0.004
2 0.443 0.553 0.003 0.002
2 0.504 0.551 0.004 0.003
2 0.437 0.551 0.003 0.002
2 0.437 0.547 0.003 0.001
2 0.422 0.554 0.019 0.015
2 0.402 0.550 0.008 0.009
2 0.501 0.542 0.002 0.002
2 0.423 0.542 0.004 0.004
2 0.428 0.541 0.007 0.005
2 0.459 0.536 0.003 0.002
2 0.455 0.535 0.002 0.002
2 0.458 0.533 0.003 0.002
2 0.422 0.535 0.013 0.006
2 0.411 0.534 0.007 0.006
2 0.397 0.535 0.020 0.010
2 0.465 0.530 0.002 0.001
2 0.569 0.531 0.005 0.004
2 0.385 0.527 0.011 0.004
2 0.394 0.526 0.005 0.002
2 0.406 0.526 0.004 0.003
2 0.484 0.527 0.005 0.007
2 0.592 0.525 0.008 0.004
2 0.402 0.524 0.004 0.003
2 0.337 0.522 0.006 0.003
2 0.384 0.521 0.005 0.002
2 0.376 0.521 0.002 0.002
2 0.451 0.520 0.002 0.002
2 0.359 0.520 0.002 0.002
2 0.502 0.521 0.007 0.004
2 0.335 0.519 0.004 0.002
2 0.416 0.519 0.004 0.002
2 0.383 0.519 0.003 0.002
2 0.411 0.516 0.003 0.002
2 0.391 0.514 0.003 0.002
2 0.415 0.513 0.005 0.003
2 0.402 0.512 0.004 0.002
2 1.208 0.512 0.005 0.003
2 0.397 0.506 0.004 0.003
2 0.341 0.511 0.029 0.016
2 1.213 0.504 0.007 0.005
2 0.365 0.503 0.006 0.005
2 0.373 0.501 0.004 0.002
2 1.189 0.501 0.009 0.005
2 1.208 0.500 0.005 0.004
2 0.636 0.498 0.008 0.007
2 0.363 0.493 0.009 0.005
2 0.365 0.489 0.002 0.002
2 0.606 0.503 0.030 0.032
2 0.546 0.487 0.003 0.002
2 0.380 0.486 0.004 0.002
2 0.371 0.486 0.003 0.002
2 0.555 0.485 0.003 0.004
2 0.540 0.485 0.005 0.006
2 0.638 0.486 0.016 0.008
2 0.543 0.481 0.005 0.003
2 1.205 0.479 0.005 0.003
2 0.388 0.476 0.004 0.003
2 0.371 0.473 0.004 0.002
2 0.280 0.471 0.005 0.003
2 0.431 0.470 0.007 0.004
2 0.366 0.470 0.004 0.003
2 0.439 0.469 0.002 0.002
2 0.375 0.468 0.003 0.003
2 0.621 0.467 0.005 0.003
2 0.350 0.466 0.003 0.002
2 1.183 0.465 0.005 0.005
2 0.603 0.464 0.008 0.006
2 0.392 0.462 0.003 0.002
2 0.281 0.463 0.003 0.004
2 0.325 0.462 0.003 0.002
2 0.332 0.461 0.003 0.003
2 0.595 0.460 0.004 0.002
2 0.340 0.460 0.005 0.005
2 0.320 0.458 0.005 0.003
2 0.337 0.489 0.091 0.064
2 0.351 0.457 0.005 0.003
2 0.614 0.460 0.010 0.011
2 0.328 0.454 0.004 0.003
2 0.343 0.450 0.004 0.002
2 0.303 0.448 0.002 0.002
2 0.552 0.449 0.007 0.006
2 0.330 0.446 0.003 0.002
2 0.590 0.446 0.006 0.003
2 0.289 0.447 0.006 0.005
2 0.273 0.446 0.003 0.003
2 0.600 0.445 0.004 0.002
2 0.331 0.444 0.002 0.002
2 0.559 0.443 0.002 0.002
2 0.278 0.441 0.006 0.003
2 0.269 0.440 0.003 0.003
2 0.320 0.439 0.003 0.002
2 0.530 0.439 0.005 0.003
2 0.283 0.439 0.004 0.003
2 0.268 0.437 0.003 0.002
2 0.575 0.438 0.014 0.006
2 0.535 0.436 0.002 0.002
2 0.523 0.436 0.002 0.002
2 0.272 0.436 0.003 0.003
2 0.516 0.436 0.006 0.002
2 0.282 0.435 0.002 0.002
2 0.287 0.434 0.002 0.002
2 0.538 0.433 0.004 0.004
2 1.103 0.431 0.009 0.003
2 0.582 0.431 0.005 0.002
2 0.311 0.432 0.009 0.005
2 0.528 0.430 0.006 0.003
2 0.551 0.430 0.003 0.004
2 1.091 0.428 0.006 0.004
2 0.394 0.420 0.006 0.004
2 0.522 0.417 0.004 0.002
2 0.513 0.417 0.004 0.004
2 0.493 0.416 0.004 0.003
2 0.567 0.414 0.023 0.015
2 0.297 0.407 0.003 0.003
2 0.595 0.404 0.010 0.009
2 0.428 0.398 0.002 0.001
2 0.487 0.390 0.002 0.002
2 0.446 0.390 0.002 0.002
2 0.417 0.390 0.003 0.003
2 0.507 0.393 0.028 0.011
2 0.407 0.389 0.005 0.002
2 0.435 0.387 0.003 0.002
2 0.563 0.394 0.022 0.022
2 0.430 0.389 0.014 0.012
2 0.525 0.384 0.008 0.005
2 0.348 0.382 0.004 0.003
2 0.503 0.386 0.025 0.012
2 0.518 0.380 0.004 0.003
2 0.499 0.378 0.003 0.002
2 0.540 0.388 0.027 0.024
2 0.447 0.377 0.005 0.002
2 0.561 0.380 0.009 0.009
2 0.504 0.377 0.005 0.005
2 0.500 0.374 0.003 0.003
2 0.398 0.372 0.003 0.002
2 0.505 0.372 0.004 0.002
2 0.443 0.371 0.003 0.003
2 0.515 0.371 0.007 0.004
2 0.448 0.371 0.006 0.004
2 0.425 0.370 0.006 0.003
2 0.398 0.368 0.003 0.002
2 0.436 0.367 0.004 0.001
2 0.392 0.366 0.004 0.003
2 0.458 0.366 0.003 0.003
2 0.496 0.365 0.003 0.002
2 0.490 0.366 0.007 0.005
2 0.483 0.364 0.002 0.002
2 0.694 0.361 0.011 0.003
2 0.706 0.363 0.011 0.007
2 0.490 0.361 0.011 0.006
2 0.716 0.357 0.002 0.002
2 0.681 0.358 0.007 0.003
2 0.422 0.364 0.034 0.018
2 0.404 0.356 0.004 0.003
2 0.721 0.355 0.004 0.002
2 0.479 0.355 0.003 0.003
2 0.491 0.356 0.005 0.004
2 0.474 0.354 0.004 0.003
2 0.706 0.352 0.004 0.002
2 0.717 0.349 0.005 0.003
2 0.549 0.328 0.004 0.003
2 0.564 0.325 0.004 0.003
2 0.571 0.322 0.005 0.003
2 0.383 0.322 0.007 0.004
2 0.576 0.316 0.014 0.010
2 0.593 0.299 0.006 0.002
2 0.517 0.299 0.004 0.003
2 0.561 0.299 0.005 0.004
2 0.602 0.297 0.002 0.002
2 0.438 0.296 0.006 0.003
2 0.593 0.295 0.005 0.004
2 0.597 0.292 0.004 0.003
2 0.626 0.295 0.012 0.008
2 0.403 0.294 0.011 0.007
2 0.571 0.290 0.003 0.002
2 0.685 0.292 0.006 0.008
2 0.438 0.289 0.004 0.003
2 0.546 0.288 0.003 0.002
2 0.515 0.288 0.005 0.002
2 0.490 0.289 0.007 0.008
2 0.449 0.286 0.007 0.004
2 0.637 0.284 0.004 0.002
2 0.569 0.283 0.003 0.002
2 0.435 0.282 0.004 0.001
2 0.597 0.283 0.005 0.003
2 0.308 0.282 0.008 0.003
2 0.517 0.281 0.005 0.002
2 0.511 0.282 0.005 0.003
2 0.617 0.285 0.018 0.011
2 0.539 0.293 0.037 0.028
2 0.633 0.280 0.004 0.002
2 0.626 0.281 0.007 0.005
2 0.549 0.278 0.002 0.001
2 0.445 0.279 0.004 0.003
2 0.646 0.283 0.010 0.012
2 0.684 0.277 0.004 0.002
2 0.679 0.279 0.005 0.006
2 0.524 0.277 0.005 0.002
2 0.536 0.277 0.005 0.003
2 0.610 0.276 0.006 0.003
2 0.458 0.277 0.009 0.007
2 0.579 0.275 0.004 0.003
2 0.676 0.274 0.004 0.001
2 0.515 0.276 0.008 0.005
2 0.555 0.275 0.004 0.004
2 0.541 0.274 0.004 0.003
2 0.611 0.273 0.003 0.002
2 0.567 0.276 0.012 0.008
2 0.518 0.271 0.009 0.004
2 0.457 0.270 0.004 0.003
2 0.601 0.272 0.012 0.010
2 0.395 0.269 0.004 0.003
2 0.618 0.268 0.006 0.003
2 0.554 0.269 0.006 0.005
2 0.588 0.268 0.004 0.004
2 0.646 0.267 0.004 0.003
2 0.546 0.267 0.009 0.008
2 0.290 0.267 0.009 0.008
2 0.487 0.273 0.028 0.021
2 0.644 0.270 0.029 0.016
2 0.613 0.262 0.004 0.002
2 0.600 0.262 0.003 0.002
2 0.450 0.262 0.004 0.002
2 0.553 0.262 0.004 0.003
2 0.582 0.261 0.003 0.002
2 0.575 0.262 0.006 0.003
2 0.388 0.262 0.004 0.003
2 0.302 0.260 0.003 0.002
2 0.546 0.260 0.008 0.005
2 0.470 0.259 0.008 0.003
2 0.459 0.261 0.010 0.009
2 0.501 0.257 0.002 0.001
2 0.562 0.264 0.013 0.016
2 0.553 0.258 0.007 0.004
2 0.386 0.257 0.004 0.002
2 0.567 0.256 0.004 0.003
2 0.488 0.255 0.004 0.002
2 0.320 0.253 0.005 0.003
2 0.446 0.254 0.005 0.005
2 0.664 0.252 0.004 0.003
2 0.326 0.252 0.004 0.003
2 0.388 0.253 0.009 0.006
2 0.478 0.251 0.004 0.003
2 0.467 0.252 0.007 0.007
2 0.426 0.250 0.006 0.006
2 0.540 0.248 0.003 0.002
2 0.444 0.245 0.005 0.003
2 0.452 0.245 0.008 0.004
2 0.492 0.248 0.014 0.010
2 0.466 0.243 0.004 0.002
2 0.476 0.243 0.004 0.003
2 0.526 0.245 0.009 0.008
2 0.534 0.243 0.004 0.007
2 0.679 0.242 0.013 0.009
2 0.467 0.238 0.007 0.003
2 0.501 0.239 0.005 0.007
2 0.468 0.234 0.002 0.001
2 0.422 0.234 0.002 0.002
2 0.653 0.233 0.003 0.002
2 0.462 0.233 0.003 0.002
2 0.402 0.233 0.004 0.003
2 0.440 0.236 0.007 0.008
2 0.675 0.233 0.005 0.003
2 0.360 0.233 0.004 0.004
2 0.502 0.231 0.003 0.003
2 0.333 0.233 0.006 0.006
2 0.448 0.230 0.002 0.002
2 0.323 0.234 0.009 0.010
2 0.474 0.229 0.002 0.001
2 0.669 0.229 0.005 0.003
2 0.495 0.231 0.007 0.008
2 0.441 0.228 0.006 0.003
2 0.614 0.227 0.005 0.003
2 0.481 0.228 0.004 0.004
2 0.425 0.228 0.006 0.005
2 0.420 0.235 0.029 0.022
2 0.452 0.224 0.004 0.003
2 0.461 0.223 0.003 0.002
2 0.483 0.223 0.004 0.005
2 0.548 0.222 0.006 0.002
2 0.445 0.222 0.008 0.005
2 0.389 0.222 0.010 0.007
2 0.462 0.220 0.003 0.002
2 0.676 0.220 0.005 0.004
2 0.476 0.219 0.004 0.002
2 0.515 0.219 0.004 0.002
2 0.382 0.219 0.004 0.003
2 0.501 0.218 0.003 0.002
2 0.538 0.217 0.003 0.002
2 0.494 0.217 0.003 0.002
2 0.456 0.218 0.010 0.006
2 0.404 0.214 0.002 0.001
2 0.530 0.215 0.004 0.002
2 0.535 0.214 0.002 0.002
2 0.462 0.214 0.003 0.003
2 0.545 0.213 0.005 0.003
2 0.518 0.212 0.004 0.003
2 0.477 0.211 0.007 0.004
2 0.698 0.211 0.009 0.006
2 0.456 0.210 0.007 0.006
2 0.426 0.208 0.004 0.002
2 0.470 0.210 0.006 0.007
2 0.663 0.207 0.004 0.003
2 0.492 0.212 0.019 0.012
2 0.464 0.206 0.003 0.003
2 0.719 0.206 0.004 0.003
2 0.434 0.212 0.032 0.016
2 0.669 0.204 0.004 0.003
2 0.459 0.203 0.004 0.003
2 0.496 0.202 0.004 0.003
2 0.451 0.202 0.003 0.003
2 0.438 0.197 0.005 0.003
2 0.446 0.197 0.003 0.003
2 0.485 0.196 0.009 0.007
2 0.507 0.193 0.004 0.003
2 0.471 0.201 0.021 0.020
2 0.545 0.192 0.008 0.004
2 0.654 0.191 0.006 0.004
2 0.536 0.189 0.006 0.004
2 0.472 0.188 0.003 0.002
2 0.555 0.187 0.005 0.003
2 0.689 0.187 0.013 0.007
2 0.488 0.184 0.006 0.003
2 0.569 0.182 0.006 0.003
2 0.684 0.182 0.004 0.004
2 0.671 0.184 0.020 0.014
2 0.444 0.187 0.032 0.023
2 0.459 0.176 0.004 0.003
2 0.657 0.176 0.008 0.004
2 0.569 0.176 0.003 0.003
2 0.547 0.177 0.005 0.005
2 0.501 0.174 0.003 0.002
2 0.558 0.174 0.005 0.004
2 0.595 0.173 0.004 0.003
2 0.512 0.172 0.003 0.003
2 0.437 0.173 0.011 0.005
2 0.578 0.168 0.006 0.004
2 0.630 0.167 0.003 0.003
2 0.565 0.168 0.007 0.005
2 0.559 0.167 0.005 0.002
2 0.473 0.167 0.004 0.003
2 0.589 0.167 0.010 0.004
2 0.649 0.170 0.023 0.011
2 0.453 0.166 0.006 0.005
2 0.603 0.165 0.007 0.005
2 0.488 0.166 0.011 0.005
2 0.461 0.165 0.006 0.004
2 0.639 0.164 0.007 0.005
2 0.617 0.163 0.003 0.003
2 0.591 0.163 0.003 0.003
2 0.614 0.160 0.003 0.002
2 0.427 0.162 0.011 0.009
2 0.604 0.158 0.005 0.003
2 0.551 0.159 0.012 0.007
2 0.480 0.155 0.007 0.005
2 0.572 0.158 0.022 0.014
2 0.643 0.152 0.006 0.004
2 0.632 0.152 0.009 0.005
2 0.462 0.155 0.010 0.013
2 0.514 0.151 0.006 0.006
2 0.601 0.147 0.005 0.004
2 0.453 0.153 0.015 0.016
2 0.438 0.154 0.015 0.018
2 0.652 0.146 0.008 0.007
2 0.668 0.139 0.006 0.005
2 0.583 0.139 0.009 0.006
2 0.500 0.138 0.005 0.004
2 0.466 0.145 0.019 0.018
2 0.549 0.142 0.057 0.024
2 0.623 0.130 0.011 0.008
2 0.508 0.131 0.010 0.011
2 0.646 0.127 0.007 0.005
2 0.631 0.122 0.007 0.008
2 0.596 0.118 0.006 0.010
2 0.557 0.119 0.009 0.015
2 0.741 0.061 0.006 0.005
2 0.718 0.060 0.008 0.006
2 0.689 0.056 0.007 0.006
2 0.739 0.052 0.008 0.007
2 0.716 0.051 0.007 0.005
2 0.666 0.049 0.014 0.009
2 0.700 0.047 0.007 0.006
2 0.734 0.044 0.008 0.007
2 0.682 0.044 0.014 0.010
2 0.665 0.030 0.006 0.006
2 0.786 0.027 0.007 0.008
2 0.667 0.008 0.016 0.009
1 0.583 0.588 0.012 0.012
1 0.344 0.577 0.014 0.009
1 0.590 0.576 0.011 0.012
1 0.547 0.562 0.010 0.008
1 0.304 0.561 0.009 0.011
1 0.319 0.548 0.013 0.008
1 1.079 0.534 0.024 0.014
1 1.081 0.518 0.015 0.007
1 0.201 0.494 0.014 0.007
1 0.204 0.462 0.010 0.010
1 0.827 0.444 0.016 0.007
1 0.197 0.441 0.013 0.008
1 1.222 0.435 0.027 0.013
1 1.137 0.423 0.010 0.006
1 1.222 0.422 0.009 0.009
1 1.230 0.409 0.014 0.007
1 1.129 0.384 0.013 0.007
1 0.383 0.396 0.034 0.033
1 0.349 0.347 0.009 0.004
1 0.333 0.343 0.014 0.009
1 1.183 0.341 0.018 0.015
1 0.647 0.328 0.008 0.009
1 0.288 0.298 0.004 0.003
1 0.335 0.281 0.020 0.012
1 0.368 0.280 0.013 0.010
1 0.353 0.268 0.008 0.007
1 0.415 0.266 0.008 0.007
1 0.345 0.254 0.022 0.021
1 0.668 0.249 0.010 0.011
1 0.578 0.235 0.011 0.007
1 0.633 0.232 0.004 0.005
1 0.650 0.215 0.010 0.005
1 0.610 0.208 0.007 0.007
1 0.624 0.209 0.011 0.010
1 0.564 0.206 0.034 0.013
1 0.995 0.206 0.012 0.017
1 0.599 0.201 0.010 0.009
1 0.641 0.199 0.010 0.009
1 0.623 0.198 0.015 0.009
1 0.636 0.189 0.007 0.006
1 0.939 0.140 0.009 0.010
1 0.413 0.124 0.009 0.013
1 0.286 0.080 0.011 0.008
1 0.495 0.073 0.012 0.009
1 0.506 0.050 0.013 0.008
1 0.702 0.019 0.059 0.036
0 0.853 0.635 0.006 0.004
0 0.635 0.597 0.004 0.003
0 0.440 0.590 0.003 0.002
0 0.536 0.588 0.007 0.005
0 0.423 0.587 0.005 0.003
0 0.439 0.584 0.006 0.004
0 0.485 0.583 0.004 0.003
0 0.363 0.571 0.004 0.003
0 1.130 0.570 0.007 0.005
0 0.331 0.560 0.006 0.004
0 0.433 0.547 0.002 0.001
0 0.633 0.536 0.009 0.005
0 0.360 0.535 0.006 0.004
0 0.574 0.513 0.005 0.003
0 0.455 0.508 0.007 0.004
0 1.127 0.502 0.005 0.004
0 0.384 0.491 0.004 0.003
0 0.421 0.488 0.005 0.003
0 0.247 0.490 0.009 0.007
0 0.226 0.486 0.002 0.001
0 1.227 0.483 0.005 0.003
0 0.229 0.479 0.007 0.004
0 0.223 0.476 0.002 0.001
0 0.634 0.457 0.006 0.004
0 0.640 0.454 0.003 0.002
0 0.206 0.453 0.005 0.003
0 0.528 0.445 0.005 0.003
0 0.187 0.441 0.003 0.003
0 0.255 0.437 0.006 0.003
0 0.370 0.435 0.004 0.003
0 0.360 0.435 0.007 0.005
0 0.443 0.427 0.009 0.005
0 0.362 0.425 0.006 0.004
0 0.449 0.422 0.005 0.003
0 0.419 0.421 0.005 0.003
0 0.477 0.419 0.007 0.005
0 1.237 0.418 0.007 0.004
0 1.197 0.416 0.006 0.005
0 1.217 0.416 0.007 0.005
0 1.205 0.409 0.006 0.004
0 1.154 0.390 0.006 0.004
0 1.149 0.383 0.007 0.005
0 0.220 0.375 0.005 0.004
0 0.467 0.370 0.005 0.003
0 0.281 0.365 0.003 0.002
0 0.463 0.364 0.007 0.004
0 0.350 0.361 0.008 0.005
0 0.764 0.354 0.010 0.006
0 0.331 0.347 0.004 0.003
0 0.211 0.345 0.006 0.004
0 1.206 0.329 0.007 0.005
0 0.807 0.329 0.007 0.005
0 1.208 0.324 0.004 0.003
0 0.330 0.320 0.005 0.003
0 0.380 0.316 0.003 0.002
0 0.384 0.315 0.002 0.002
0 0.331 0.313 0.002 0.002
0 0.815 0.312 0.005 0.003
0 0.566 0.312 0.008 0.006
0 0.347 0.308 0.007 0.005
0 0.217 0.297 0.004 0.003
0 0.323 0.297 0.006 0.004
0 0.856 0.288 0.009 0.009
0 0.355 0.274 0.005 0.004
0 0.375 0.272 0.007 0.005
0 0.162 0.267 0.009 0.006
0 1.034 0.261 0.007 0.005
0 0.249 0.259 0.007 0.006
0 0.167 0.259 0.008 0.007
0 0.773 0.245 0.006 0.003
0 0.629 0.237 0.004 0.003
0 0.710 0.237 0.006 0.004
0 0.558 0.234 0.004 0.003
0 0.548 0.230 0.004 0.003
0 0.554 0.228 0.003 0.002
0 0.557 0.228 0.002 0.001
0 0.560 0.227 0.002 0.002
0 0.642 0.222 0.004 0.003
0 0.571 0.222 0.010 0.005
0 1.109 0.217 0.006 0.005
0 0.629 0.216 0.009 0.006
0 0.635 0.212 0.007 0.006
0 0.460 0.206 0.004 0.003
0 0.409 0.205 0.005 0.004
0 0.593 0.203 0.005 0.003
0 0.582 0.204 0.007 0.005
0 0.401 0.202 0.006 0.004
0 0.414 0.196 0.009 0.007
0 0.602 0.193 0.006 0.004
0 0.205 0.186 0.005 0.003
0 0.643 0.185 0.007 0.004
0 0.287 0.183 0.005 0.004
0 0.632 0.181 0.006 0.003
0 0.936 0.173 0.007 0.005
0 0.349 0.167 0.006 0.004
0 0.416 0.160 0.004 0.003
0 0.492 0.144 0.010 0.007
0 1.036 0.141 0.006 0.004
0 0.491 0.095 0.007 0.004
0 0.393 0.080 0.007 0.004
0 0.935 0.068 0.007 0.005
0 0.638 0.065 0.007 0.005
0 0.778 0.060 0.005 0.004
0 0.846 0.032 0.007 0.005
4 0.968 0.354 0.202 0.135
