0 0.651819 0.113940 0.007463 0.012289
1 0.745919 0.891854 0.011894 0.012640
1 0.710821 0.858146 0.026119 0.037921
1 0.687850 0.843574 0.014226 0.017907
1 0.738456 0.744206 0.016558 0.030548
1 0.576726 0.540730 0.009795 0.008427
1 0.659282 0.534586 0.019123 0.027739
1 0.740322 0.480864 0.013759 0.024228
1 0.772854 0.479284 0.030317 0.042135
1 0.799440 0.408883 0.018657 0.024930
1 0.367887 0.401334 0.013759 0.015449
1 0.418144 0.387289 0.018657 0.023876
1 0.793377 0.367802 0.018657 0.030548
1 0.718167 0.326721 0.007229 0.011587
1 0.737057 0.266503 0.017491 0.036517
1 0.158932 0.164677 0.008629 0.012640
1 0.660098 0.086201 0.020756 0.034761
1 0.461637 0.044417 0.011894 0.017205
2 0.535215 0.933462 0.011194 0.014396
2 0.512710 0.916433 0.006763 0.013343
2 0.534049 0.875878 0.011194 0.015801
2 0.497668 0.863237 0.013526 0.012992
2 0.515159 0.870260 0.010261 0.027739
2 0.588619 0.856566 0.010261 0.022823
2 0.602612 0.857093 0.012127 0.030197
2 0.651003 0.833919 0.013293 0.011236
2 0.532066 0.829881 0.007229 0.016503
2 0.518890 0.838834 0.020522 0.042135
2 0.588386 0.818820 0.008396 0.016152
2 0.531716 0.810042 0.010728 0.012640
2 0.499067 0.802142 0.008862 0.009480
2 0.551189 0.807584 0.028685 0.022472
2 0.631063 0.799508 0.011660 0.016152
2 0.638176 0.783532 0.019823 0.018610
2 0.718284 0.709796 0.013526 0.022121
2 0.661614 0.704881 0.006530 0.012992
2 0.700326 0.702949 0.011660 0.010534
2 0.675023 0.700667 0.015159 0.016503
2 0.715019 0.687851 0.006063 0.014045
2 0.690648 0.687676 0.010494 0.021419
2 0.683652 0.680478 0.012826 0.023876
2 0.626632 0.664853 0.013060 0.022823
2 0.679688 0.657654 0.010028 0.012640
2 0.699743 0.658532 0.012360 0.015801
2 0.583139 0.654494 0.012360 0.009831
2 0.523787 0.657654 0.028451 0.051264
2 0.595849 0.643961 0.013060 0.028090
2 0.617654 0.640801 0.045009 0.055478
2 0.661381 0.609024 0.018190 0.027739
2 0.677472 0.619909 0.053638 0.051615
2 0.730410 0.591292 0.009795 0.010534
2 0.745919 0.590765 0.010028 0.012289
2 0.470849 0.574965 0.013526 0.013694
2 0.702775 0.579354 0.009562 0.028090
2 0.483792 0.539150 0.028218 0.056531
2 0.510145 0.479635 0.011427 0.013343
2 0.529618 0.486131 0.014925 0.027739
2 0.699160 0.477001 0.006063 0.018610
2 0.704874 0.475070 0.006763 0.016854
2 0.492071 0.478055 0.015392 0.022823
2 0.445429 0.481566 0.011194 0.039677
2 0.404035 0.460323 0.005830 0.014747
2 0.540695 0.455407 0.006297 0.014747
2 0.641674 0.464712 0.029151 0.038272
2 0.565182 0.451194 0.011427 0.014045
2 0.613340 0.449614 0.013993 0.018610
2 0.625816 0.446278 0.013759 0.014045
2 0.599347 0.442767 0.016791 0.009129
2 0.464785 0.444698 0.009795 0.015801
2 0.696712 0.448034 0.022621 0.028090
2 0.550606 0.442240 0.012593 0.020014
2 0.645639 0.443469 0.017491 0.023174
2 0.533465 0.439782 0.010961 0.022121
2 0.491488 0.426791 0.012360 0.017205
2 0.666978 0.436271 0.016791 0.045295
2 0.622901 0.424684 0.016325 0.026334
2 0.638643 0.417837 0.007696 0.016854
2 0.527519 0.415379 0.006063 0.014045
2 0.589319 0.419242 0.027519 0.022472
2 0.652985 0.416081 0.010261 0.018258
2 0.476796 0.414853 0.019356 0.021419
2 0.569263 0.408883 0.013993 0.028441
2 0.485424 0.392205 0.011427 0.017556
2 0.538946 0.391327 0.008396 0.017907
2 0.547808 0.390976 0.005597 0.020014
2 0.527868 0.386236 0.011427 0.016152
2 0.468983 0.382022 0.007463 0.013343
2 0.635261 0.380969 0.011660 0.014747
2 0.615322 0.378511 0.010961 0.022472
2 0.515275 0.370787 0.014692 0.028792
2 0.505247 0.359902 0.015625 0.021067
2 0.600746 0.372367 0.034515 0.055829
2 0.480061 0.355513 0.009562 0.023525
2 0.514109 0.350948 0.005830 0.015098
2 0.579524 0.344979 0.009795 0.015098
2 0.559935 0.349192 0.011194 0.024228
2 0.470616 0.342697 0.014459 0.017556
2 0.520406 0.340414 0.008162 0.021419
2 0.594566 0.331461 0.010961 0.018258
2 0.567048 0.327598 0.009562 0.011236
2 0.511077 0.326018 0.008629 0.011587
2 0.485658 0.330583 0.013759 0.020716
2 0.581507 0.324614 0.014692 0.025632
2 0.393540 0.319522 0.009095 0.016152
2 0.381063 0.320049 0.005597 0.020716
2 0.349580 0.314958 0.009328 0.015449
2 0.559118 0.301264 0.017491 0.037219
2 0.619403 0.285112 0.008396 0.010534
2 0.546409 0.286692 0.006530 0.014396
2 0.595266 0.282654 0.011894 0.011938
2 0.635145 0.275808 0.011894 0.014396
2 0.613806 0.273876 0.010261 0.012640
2 0.582556 0.268258 0.020522 0.019663
2 0.455340 0.268785 0.012360 0.034059
2 0.388526 0.259656 0.013060 0.020716
2 0.381063 0.243680 0.009328 0.009831
2 0.567631 0.246313 0.017724 0.018610
2 0.412780 0.238588 0.013993 0.017205
2 0.462920 0.217346 0.007929 0.011938
2 0.438316 0.196278 0.008629 0.011236
3 0.199160 0.540204 0.112407 0.185042
