2 0.466 0.994 0.006 0.008
2 0.456 0.991 0.003 0.010
2 0.454 0.977 0.003 0.005
2 0.606 0.881 0.004 0.005
2 0.580 0.743 0.002 0.004
2 0.584 0.706 0.005 0.009
2 0.586 0.699 0.004 0.005
2 0.609 0.637 0.006 0.008
2 0.606 0.629 0.006 0.005
2 0.597 0.625 0.006 0.010
2 0.595 0.614 0.006 0.008
2 0.645 0.537 0.002 0.003
2 0.554 0.476 0.003 0.007
2 0.555 0.464 0.006 0.018
2 0.563 0.456 0.003 0.004
2 0.592 0.453 0.011 0.020
2 0.812 0.439 0.004 0.005
2 0.100 0.436 0.003 0.002
2 0.126 0.434 0.003 0.004
2 0.588 0.434 0.004 0.007
2 0.083 0.421 0.003 0.006
2 0.613 0.412 0.006 0.010
2 0.093 0.412 0.012 0.012
2 0.086 0.400 0.006 0.007
2 0.110 0.395 0.004 0.007
2 0.619 0.392 0.009 0.022
2 0.628 0.383 0.006 0.008
2 0.112 0.379 0.005 0.008
2 0.138 0.366 0.012 0.009
2 0.607 0.369 0.007 0.015
2 0.648 0.357 0.003 0.006
2 0.621 0.359 0.009 0.021
2 0.610 0.352 0.004 0.008
2 0.651 0.343 0.002 0.005
2 0.615 0.335 0.006 0.014
2 0.607 0.323 0.008 0.016
2 0.664 0.313 0.017 0.031
2 0.638 0.297 0.007 0.010
2 0.759 0.289 0.004 0.011
2 0.648 0.277 0.007 0.009
2 0.663 0.266 0.004 0.007
2 0.674 0.245 0.006 0.009
2 0.653 0.241 0.004 0.008
2 0.682 0.236 0.003 0.006
2 0.670 0.235 0.003 0.005
2 0.212 0.235 0.002 0.004
2 0.664 0.233 0.004 0.007
2 0.671 0.229 0.002 0.006
2 0.210 0.223 0.003 0.005
2 0.680 0.223 0.004 0.006
2 0.697 0.208 0.007 0.011
2 0.248 0.139 0.006 0.008
2 0.315 0.063 0.003 0.007
1 0.115 0.606 0.008 0.012
1 0.228 0.282 0.008 0.020
1 0.201 0.208 0.011 0.023
1 0.219 0.141 0.004 0.012
0 0.635 0.760 0.005 0.007
0 0.386 0.723 0.007 0.011
0 0.490 0.631 0.004 0.006
0 0.463 0.600 0.004 0.006
0 0.097 0.437 0.002 0.002
0 0.364 0.395 0.004 0.005
0 0.427 0.255 0.004 0.007
0 0.573 0.196 0.003 0.006
0 0.214 0.164 0.003 0.005
0 0.219 0.127 0.003 0.005
4 0.246 0.520 0.125 0.197
