2 0.300 0.545 0.009 0.006
2 0.532 0.536 0.005 0.003
2 0.461 0.521 0.008 0.005
2 0.466 0.515 0.012 0.005
2 0.685 0.508 0.005 0.003
2 1.055 0.489 0.006 0.004
2 1.060 0.484 0.008 0.004
2 1.080 0.476 0.007 0.004
2 0.682 0.475 0.004 0.002
2 1.069 0.469 0.007 0.003
2 1.050 0.471 0.023 0.012
2 1.024 0.468 0.010 0.006
2 1.066 0.464 0.004 0.003
2 1.101 0.463 0.005 0.004
2 0.831 0.457 0.004 0.003
2 1.081 0.459 0.012 0.009
2 1.070 0.457 0.007 0.006
2 1.056 0.455 0.006 0.003
2 1.236 0.449 0.008 0.004
2 1.226 0.448 0.005 0.003
2 1.075 0.447 0.005 0.007
2 1.029 0.450 0.018 0.012
2 1.086 0.442 0.012 0.009
2 0.999 0.440 0.007 0.008
2 0.995 0.432 0.007 0.004
2 1.089 0.427 0.006 0.004
2 0.927 0.425 0.005 0.004
2 1.029 0.424 0.012 0.005
2 1.068 0.420 0.004 0.005
2 1.053 0.421 0.006 0.007
2 0.937 0.421 0.007 0.010
2 0.601 0.417 0.005 0.003
2 1.040 0.417 0.009 0.006
2 0.920 0.417 0.015 0.009
2 0.936 0.412 0.004 0.006
2 1.038 0.410 0.012 0.007
2 1.116 0.405 0.020 0.012
2 0.975 0.397 0.005 0.004
2 0.797 0.392 0.002 0.002
2 0.998 0.393 0.005 0.005
2 0.758 0.382 0.003 0.003
2 1.000 0.382 0.003 0.002
2 0.995 0.381 0.002 0.001
2 0.972 0.381 0.003 0.002
2 0.922 0.379 0.006 0.004
2 0.788 0.379 0.004 0.004
2 0.771 0.380 0.017 0.010
2 0.746 0.378 0.010 0.008
2 0.873 0.375 0.004 0.004
2 0.997 0.374 0.005 0.003
2 0.988 0.369 0.004 0.002
2 0.905 0.367 0.004 0.003
2 0.900 0.366 0.003 0.003
2 0.993 0.368 0.004 0.007
2 1.060 0.363 0.007 0.004
2 0.939 0.361 0.002 0.001
2 0.910 0.361 0.005 0.006
2 0.964 0.361 0.007 0.005
2 1.036 0.379 0.043 0.044
2 1.006 0.364 0.018 0.015
2 0.767 0.352 0.002 0.002
2 1.048 0.352 0.002 0.002
2 0.935 0.354 0.009 0.006
2 0.754 0.351 0.003 0.002
2 1.007 0.353 0.014 0.007
2 0.912 0.350 0.002 0.002
2 1.031 0.350 0.007 0.003
2 0.948 0.348 0.004 0.002
2 0.932 0.349 0.006 0.003
2 0.358 0.348 0.005 0.003
2 0.985 0.356 0.027 0.020
2 0.926 0.347 0.011 0.008
2 0.786 0.344 0.005 0.003
2 1.029 0.344 0.011 0.007
2 1.046 0.341 0.003 0.003
2 0.973 0.346 0.020 0.017
2 0.797 0.340 0.009 0.006
2 1.059 0.337 0.003 0.002
2 0.811 0.337 0.010 0.007
2 0.733 0.337 0.011 0.006
2 0.753 0.338 0.019 0.010
2 0.820 0.335 0.006 0.005
2 1.073 0.337 0.018 0.013
2 0.826 0.333 0.005 0.006
2 0.986 0.328 0.007 0.005
2 0.770 0.325 0.005 0.003
2 1.086 0.330 0.015 0.013
2 0.973 0.324 0.004 0.002
2 0.740 0.328 0.015 0.010
2 0.661 0.326 0.013 0.008
2 0.972 0.320 0.003 0.002
2 0.639 0.318 0.007 0.004
2 1.068 0.324 0.024 0.019
2 0.978 0.315 0.010 0.004
2 1.048 0.316 0.012 0.007
2 1.052 0.312 0.005 0.005
2 1.055 0.307 0.003 0.002
2 0.990 0.306 0.003 0.002
2 0.950 0.324 0.042 0.038
2 1.016 0.308 0.008 0.006
2 1.064 0.305 0.004 0.003
2 1.073 0.303 0.011 0.006
2 1.050 0.302 0.011 0.005
2 0.942 0.301 0.004 0.003
2 1.046 0.298 0.004 0.003
2 0.901 0.297 0.004 0.003
2 0.981 0.295 0.003 0.002
2 1.026 0.303 0.022 0.022
2 0.992 0.295 0.017 0.008
2 0.898 0.290 0.003 0.003
2 0.987 0.290 0.006 0.004
2 0.981 0.289 0.003 0.002
2 0.843 0.279 0.003 0.002
2 1.051 0.287 0.045 0.025
2 0.858 0.273 0.007 0.006
2 1.005 0.278 0.038 0.021
2 0.963 0.283 0.030 0.032
2 0.918 0.283 0.052 0.032
2 0.973 0.266 0.007 0.003
2 1.000 0.263 0.007 0.003
2 1.247 0.259 0.006 0.003
2 1.142 0.257 0.004 0.003
2 1.221 0.251 0.007 0.004
2 1.140 0.250 0.024 0.011
2 1.111 0.246 0.014 0.008
2 1.126 0.243 0.006 0.005
2 1.120 0.241 0.007 0.004
2 1.133 0.240 0.007 0.003
2 0.967 0.239 0.004 0.003
2 1.162 0.226 0.011 0.005
2 1.002 0.212 0.006 0.005
2 0.710 0.203 0.004 0.002
2 0.723 0.200 0.004 0.002
2 0.713 0.199 0.007 0.003
2 0.452 0.195 0.003 0.002
2 0.720 0.193 0.003 0.002
2 0.706 0.188 0.015 0.014
2 0.698 0.181 0.004 0.002
2 0.715 0.181 0.007 0.005
2 0.761 0.183 0.009 0.012
2 0.726 0.172 0.005 0.003
2 0.770 0.171 0.004 0.002
2 0.761 0.159 0.007 0.004
2 1.124 0.155 0.004 0.003
2 0.709 0.157 0.009 0.007
2 0.749 0.163 0.029 0.018
2 0.732 0.154 0.005 0.003
2 0.721 0.155 0.008 0.006
2 0.750 0.151 0.007 0.005
2 0.696 0.158 0.039 0.025
2 0.736 0.148 0.016 0.007
2 0.711 0.138 0.021 0.014
2 0.733 0.133 0.019 0.010
2 0.720 0.120 0.017 0.007
2 0.699 0.117 0.014 0.008
2 1.160 0.113 0.003 0.002
2 1.113 0.109 0.004 0.002
2 0.627 0.109 0.004 0.003
2 0.588 0.108 0.009 0.005
2 0.577 0.121 0.021 0.031
2 0.700 0.107 0.012 0.008
2 0.712 0.103 0.016 0.007
2 1.144 0.070 0.005 0.003
2 0.900 0.050 0.007 0.005
2 0.701 0.049 0.009 0.004
2 1.093 0.042 0.005 0.003
1 0.834 0.516 0.005 0.006
1 0.680 0.511 0.008 0.004
1 0.703 0.446 0.023 0.007
1 0.991 0.436 0.010 0.004
1 0.767 0.432 0.007 0.003
1 1.138 0.426 0.008 0.004
1 0.860 0.414 0.007 0.007
1 1.159 0.408 0.009 0.008
1 1.134 0.391 0.010 0.007
1 0.952 0.374 0.018 0.015
1 1.084 0.368 0.010 0.007
1 1.133 0.339 0.006 0.006
1 1.004 0.338 0.008 0.007
1 1.025 0.336 0.012 0.011
1 0.984 0.336 0.011 0.011
1 0.734 0.307 0.019 0.016
1 1.076 0.273 0.013 0.005
1 1.226 0.263 0.009 0.008
1 0.815 0.173 0.008 0.012
1 0.726 0.150 0.008 0.005
1 0.883 0.153 0.023 0.018
1 0.822 0.087 0.013 0.005
0 0.669 0.535 0.007 0.005
0 1.101 0.511 0.007 0.006
0 0.872 0.508 0.005 0.003
0 1.027 0.432 0.004 0.003
0 0.895 0.425 0.005 0.003
0 0.841 0.424 0.006 0.004
0 0.766 0.417 0.004 0.003
0 0.580 0.417 0.006 0.003
0 1.170 0.413 0.008 0.006
0 0.642 0.409 0.006 0.004
0 0.981 0.406 0.002 0.002
0 1.197 0.393 0.005 0.003
0 1.095 0.391 0.005 0.003
0 0.412 0.375 0.009 0.006
0 1.096 0.357 0.005 0.003
0 0.844 0.355 0.005 0.003
0 0.881 0.355 0.006 0.004
0 1.063 0.349 0.003 0.003
0 1.074 0.348 0.004 0.003
0 0.920 0.342 0.006 0.005
0 1.047 0.338 0.004 0.003
0 0.970 0.337 0.007 0.005
0 1.041 0.326 0.004 0.003
0 0.873 0.311 0.006 0.004
0 0.842 0.308 0.005 0.003
0 1.127 0.273 0.006 0.004
0 1.000 0.251 0.007 0.004
0 0.812 0.247 0.008 0.005
0 1.004 0.244 0.007 0.005
0 0.971 0.238 0.004 0.002
0 0.773 0.235 0.006 0.004
0 1.015 0.233 0.009 0.005
0 0.972 0.229 0.005 0.002
0 0.749 0.205 0.005 0.003
0 0.916 0.190 0.005 0.003
0 0.581 0.189 0.010 0.006
0 0.808 0.183 0.005 0.003
0 0.876 0.173 0.006 0.003
0 0.452 0.173 0.006 0.004
0 0.789 0.154 0.006 0.003
0 0.853 0.140 0.006 0.004
4 0.254 0.295 0.166 0.125
