0 0.632812 0.658532 0.007229 0.010183
0 0.590252 0.624649 0.005597 0.009831
0 0.585121 0.608322 0.006063 0.008076
0 0.626399 0.525983 0.006063 0.009129
0 0.143074 0.474368 0.005830 0.009831
0 0.602729 0.426791 0.004897 0.008778
0 0.677589 0.343223 0.007229 0.011587
0 0.562500 0.295822 0.006530 0.008076
0 0.178988 0.242978 0.010494 0.016152
0 0.556553 0.202072 0.007696 0.010885
0 0.352146 0.036868 0.006063 0.008427
1 0.502215 0.952598 0.023088 0.014045
1 0.579524 0.932760 0.018190 0.025632
1 0.516325 0.831461 0.027052 0.030197
1 0.175140 0.796348 0.044776 0.051966
1 0.179688 0.715063 0.043144 0.098666
1 0.817048 0.638518 0.030550 0.049508
1 0.707673 0.594803 0.014692 0.017556
1 0.087803 0.593926 0.026353 0.016503
1 0.755247 0.606917 0.037080 0.058638
1 0.122201 0.568118 0.032183 0.034410
1 0.676772 0.516854 0.012593 0.011938
1 0.804688 0.511938 0.017491 0.022472
1 0.341418 0.494733 0.017724 0.007725
1 0.630947 0.492275 0.018424 0.019663
1 0.715951 0.497015 0.076959 0.131671
1 0.589319 0.445225 0.018657 0.042837
1 0.430387 0.443645 0.030550 0.041081
1 0.088619 0.469628 0.046642 0.109199
1 0.347481 0.398350 0.019590 0.019312
1 0.578008 0.396770 0.024953 0.026685
1 0.470849 0.385007 0.011660 0.011587
1 0.111590 0.403617 0.018890 0.066362
1 0.177239 0.371313 0.023321 0.045295
1 0.620802 0.357795 0.016325 0.028792
1 0.603078 0.311622 0.010728 0.012992
1 0.539646 0.329178 0.028451 0.053722
1 0.114389 0.304073 0.018424 0.022472
1 0.377565 0.265098 0.011660 0.014747
1 0.552006 0.251404 0.008862 0.007725
1 0.543610 0.221383 0.009328 0.017205
1 0.503731 0.257022 0.067631 0.089185
1 0.158932 0.221910 0.006297 0.021770
1 0.647738 0.151334 0.023554 0.040730
1 0.495219 0.165379 0.102845 0.128511
2 0.590602 0.680302 0.006297 0.008076
2 0.595849 0.673631 0.011194 0.007374
2 0.564949 0.621664 0.008162 0.016503
2 0.585121 0.555653 0.007929 0.010183
2 0.528102 0.538272 0.010028 0.010534
2 0.553405 0.531426 0.011194 0.010183
2 0.546992 0.518083 0.008162 0.012289
2 0.537197 0.470330 0.005830 0.008778
2 0.527752 0.483146 0.020522 0.047051
2 0.508046 0.468399 0.007696 0.017556
2 0.642141 0.465765 0.008162 0.023525
2 0.673857 0.454178 0.007696 0.012992
2 0.514692 0.379565 0.006530 0.012640
2 0.472598 0.288975 0.006763 0.009129
2 0.236357 0.834796 0.054338 0.072683
2 0.372785 0.463132 0.023088 0.061096
2 0.474580 0.188904 0.012127 0.031601
