2 1.190 0.465 0.007 0.004
2 1.193 0.457 0.006 0.006
2 1.227 0.454 0.006 0.005
2 0.588 0.275 0.012 0.009
2 0.553 0.271 0.006 0.004
2 0.610 0.267 0.005 0.004
2 0.600 0.264 0.003 0.002
2 0.587 0.265 0.006 0.004
2 0.540 0.262 0.004 0.003
2 0.619 0.262 0.004 0.003
2 0.599 0.256 0.006 0.003
2 0.566 0.252 0.005 0.004
2 0.598 0.247 0.006 0.002
2 0.630 0.244 0.004 0.003
2 0.552 0.243 0.003 0.002
2 0.610 0.242 0.007 0.004
2 0.646 0.239 0.003 0.004
2 0.541 0.248 0.017 0.023
2 0.608 0.236 0.006 0.002
2 0.548 0.235 0.005 0.003
2 0.577 0.234 0.003 0.002
2 0.550 0.232 0.002 0.002
2 0.580 0.231 0.002 0.002
2 0.616 0.230 0.005 0.002
2 0.634 0.230 0.005 0.003
2 0.629 0.228 0.006 0.003
2 0.548 0.227 0.006 0.005
2 0.592 0.226 0.004 0.004
2 0.568 0.230 0.026 0.014
2 0.648 0.224 0.007 0.003
2 0.629 0.224 0.012 0.005
2 0.616 0.222 0.007 0.003
2 0.633 0.220 0.006 0.004
2 0.548 0.218 0.004 0.003
2 0.639 0.215 0.004 0.003
2 0.624 0.215 0.006 0.003
2 0.612 0.209 0.004 0.003
2 0.632 0.210 0.012 0.007
2 0.642 0.208 0.010 0.006
2 0.656 0.199 0.004 0.003
2 0.654 0.203 0.012 0.011
2 0.630 0.198 0.005 0.002
2 0.583 0.195 0.022 0.010
2 0.651 0.193 0.007 0.008
2 0.543 0.180 0.007 0.007
2 0.516 0.179 0.010 0.006
2 0.552 0.176 0.008 0.005
2 0.647 0.176 0.009 0.007
2 0.521 0.172 0.005 0.008
2 0.541 0.170 0.012 0.011
2 0.597 0.095 0.005 0.003
1 1.058 0.630 0.018 0.012
1 0.855 0.608 0.086 0.030
1 0.606 0.567 0.012 0.004
1 0.494 0.574 0.064 0.022
1 0.955 0.539 0.012 0.008
1 0.688 0.528 0.025 0.005
1 0.294 0.519 0.008 0.007
1 0.363 0.515 0.008 0.004
1 0.251 0.509 0.028 0.028
1 0.209 0.476 0.024 0.020
1 0.878 0.387 0.020 0.008
1 0.210 0.255 0.007 0.007
1 0.528 0.218 0.014 0.010
1 0.501 0.218 0.024 0.012
1 0.496 0.203 0.013 0.010
1 0.523 0.204 0.013 0.012
1 0.603 0.174 0.013 0.004
1 0.314 0.173 0.016 0.014
1 0.575 0.171 0.033 0.020
1 0.710 0.162 0.084 0.023
1 0.642 0.150 0.037 0.009
1 0.574 0.143 0.047 0.027
1 0.382 0.116 0.020 0.012
1 0.411 0.090 0.011 0.008
1 1.010 0.041 0.008 0.012
0 0.288 0.543 0.006 0.004
0 0.235 0.537 0.008 0.005
0 0.719 0.536 0.008 0.004
0 0.317 0.515 0.006 0.003
0 0.369 0.509 0.007 0.004
0 1.110 0.498 0.006 0.004
0 1.146 0.457 0.008 0.004
0 1.154 0.447 0.007 0.005
0 0.892 0.417 0.005 0.003
0 0.893 0.382 0.005 0.004
0 0.898 0.377 0.005 0.004
0 0.179 0.310 0.004 0.003
0 0.920 0.274 0.006 0.004
0 0.187 0.240 0.005 0.003
0 0.272 0.237 0.009 0.007
0 0.593 0.205 0.006 0.003
0 0.625 0.188 0.008 0.005
0 0.311 0.189 0.006 0.006
0 0.335 0.186 0.006 0.003
0 0.486 0.168 0.006 0.004
0 0.325 0.153 0.005 0.004
0 0.421 0.141 0.004 0.003
0 0.377 0.125 0.006 0.004
4 1.041 0.321 0.178 0.132
3 0.816 0.640 0.025 0.019
3 1.072 0.612 0.045 0.027
3 1.118 0.569 0.022 0.018
3 0.278 0.511 0.029 0.023
3 1.176 0.524 0.073 0.050
3 1.130 0.491 0.031 0.023
3 0.600 0.172 0.039 0.034
3 0.440 0.030 0.056 0.013
3 0.838 0.018 0.038 0.029
