2 0.321 0.788 0.029 0.039
2 0.270 0.696 0.022 0.040
2 0.244 0.668 0.014 0.025
2 0.208 0.657 0.007 0.017
2 0.229 0.628 0.009 0.010
2 0.127 0.595 0.011 0.005
2 0.636 0.411 0.011 0.012
2 0.198 0.410 0.013 0.015
2 0.461 0.328 0.008 0.007
2 0.465 0.317 0.013 0.012
2 0.612 0.291 0.011 0.015
2 0.510 0.257 0.013 0.006
2 0.503 0.249 0.008 0.004
2 0.600 0.084 0.011 0.022
2 0.335 0.054 0.016 0.029
1 0.492 0.836 0.005 0.006
1 0.458 0.836 0.006 0.008
1 0.496 0.824 0.012 0.017
1 0.349 0.826 0.016 0.035
1 0.455 0.807 0.007 0.009
1 0.472 0.810 0.017 0.018
1 0.556 0.799 0.008 0.024
1 0.533 0.792 0.007 0.013
1 0.517 0.798 0.011 0.040
1 0.476 0.781 0.007 0.013
1 0.441 0.774 0.019 0.028
1 0.564 0.762 0.007 0.009
1 0.579 0.754 0.004 0.006
1 0.553 0.757 0.012 0.015
1 0.449 0.752 0.010 0.014
1 0.544 0.747 0.007 0.010
1 0.299 0.745 0.009 0.008
1 0.490 0.771 0.026 0.060
1 0.465 0.755 0.020 0.028
1 0.538 0.733 0.007 0.015
1 0.481 0.728 0.005 0.007
1 0.281 0.728 0.006 0.010
1 0.556 0.728 0.018 0.012
1 0.429 0.725 0.006 0.010
1 0.452 0.730 0.019 0.024
1 0.573 0.721 0.006 0.010
1 0.518 0.722 0.013 0.024
1 0.299 0.711 0.005 0.008
1 0.487 0.709 0.005 0.009
1 0.461 0.708 0.008 0.009
1 0.518 0.705 0.006 0.009
1 0.568 0.704 0.020 0.025
1 0.609 0.694 0.003 0.006
1 0.558 0.693 0.005 0.007
1 0.509 0.698 0.007 0.016
1 0.231 0.694 0.007 0.014
1 0.571 0.685 0.007 0.009
1 0.510 0.726 0.038 0.093
1 0.584 0.680 0.004 0.009
1 0.528 0.675 0.004 0.004
1 0.578 0.673 0.006 0.011
1 0.500 0.673 0.020 0.023
1 0.526 0.655 0.004 0.007
1 0.274 0.654 0.014 0.023
1 0.533 0.644 0.005 0.004
1 0.506 0.653 0.012 0.023
1 0.545 0.637 0.009 0.014
1 0.486 0.510 0.002 0.003
1 0.491 0.511 0.006 0.010
1 0.497 0.496 0.003 0.004
1 0.492 0.493 0.002 0.004
1 0.483 0.492 0.004 0.005
1 0.501 0.486 0.003 0.004
1 0.505 0.485 0.003 0.004
1 0.483 0.481 0.004 0.004
1 0.642 0.476 0.004 0.004
1 0.506 0.476 0.004 0.005
1 0.493 0.477 0.008 0.011
1 0.502 0.472 0.004 0.005
1 0.351 0.465 0.007 0.009
1 0.644 0.466 0.007 0.012
1 0.555 0.465 0.007 0.011
1 0.658 0.457 0.009 0.010
1 0.645 0.455 0.009 0.009
1 0.635 0.451 0.005 0.006
1 0.140 0.447 0.005 0.007
1 0.659 0.446 0.006 0.008
1 0.633 0.442 0.004 0.007
1 0.427 0.436 0.001 0.002
1 0.429 0.434 0.003 0.002
1 0.336 0.435 0.014 0.014
1 0.555 0.428 0.003 0.005
1 0.662 0.430 0.023 0.015
1 0.414 0.424 0.003 0.005
1 0.421 0.424 0.009 0.014
1 0.428 0.409 0.003 0.004
1 0.684 0.405 0.004 0.007
1 0.415 0.404 0.010 0.012
1 0.671 0.393 0.006 0.007
1 0.426 0.392 0.005 0.005
1 0.659 0.406 0.018 0.036
1 0.410 0.384 0.003 0.005
1 0.396 0.378 0.004 0.003
1 0.348 0.375 0.006 0.010
1 0.339 0.366 0.009 0.009
1 0.397 0.357 0.003 0.006
1 0.550 0.347 0.008 0.004
1 0.519 0.349 0.010 0.011
1 0.416 0.341 0.003 0.004
1 0.358 0.342 0.008 0.009
1 0.553 0.340 0.007 0.006
1 0.427 0.342 0.015 0.011
1 0.350 0.348 0.016 0.026
1 0.361 0.334 0.004 0.004
1 0.479 0.334 0.005 0.009
1 0.513 0.334 0.012 0.012
1 0.565 0.324 0.005 0.006
1 0.522 0.322 0.005 0.004
1 0.412 0.325 0.006 0.011
1 0.531 0.318 0.005 0.006
1 0.503 0.319 0.020 0.008
1 0.376 0.317 0.010 0.017
1 0.534 0.309 0.009 0.006
1 0.359 0.305 0.013 0.012
1 0.524 0.300 0.005 0.008
1 0.491 0.290 0.005 0.005
0 0.492 0.863 0.007 0.009
0 0.296 0.848 0.005 0.009
0 0.787 0.822 0.008 0.012
0 0.539 0.782 0.005 0.008
0 0.512 0.734 0.006 0.008
0 0.541 0.684 0.006 0.007
0 0.305 0.640 0.004 0.006
0 0.574 0.629 0.006 0.008
0 0.200 0.629 0.006 0.008
0 0.498 0.510 0.005 0.007
0 0.628 0.465 0.004 0.005
0 0.544 0.436 0.005 0.007
0 0.545 0.417 0.005 0.006
0 0.518 0.397 0.004 0.005
0 0.540 0.361 0.003 0.004
0 0.349 0.241 0.004 0.007
0 0.663 0.138 0.005 0.008
0 0.626 0.105 0.004 0.005
4 0.757 0.493 0.115 0.193
