2 0.101 0.561 0.007 0.006
2 0.101 0.550 0.011 0.007
2 0.145 0.504 0.023 0.014
2 0.059 0.501 0.009 0.007
2 0.083 0.487 0.017 0.011
2 0.131 0.483 0.010 0.007
2 0.077 0.476 0.017 0.008
2 0.066 0.083 0.008 0.006
1 0.262 0.574 0.048 0.017
1 0.123 0.509 0.032 0.019
0 0.381 0.628 0.013 0.009
0 0.462 0.623 0.012 0.008
0 0.620 0.574 0.018 0.008
0 0.154 0.552 0.011 0.007
0 0.483 0.240 0.007 0.005
0 0.084 0.114 0.009 0.006
0 0.241 0.103 0.008 0.005
0 0.519 0.088 0.008 0.006
0 0.029 0.083 0.009 0.007
4 0.780 0.056 0.347 0.113
