0 0.769838 0.605061 0.010885 0.007229
0 0.773174 0.587337 0.007725 0.005830
0 0.700316 0.581390 0.010885 0.007463
0 0.757198 0.571595 0.010183 0.006530
0 0.934867 0.534398 0.005267 0.003498
0 0.667837 0.509212 0.008427 0.005364
0 0.806882 0.500350 0.006320 0.003965
0 1.109375 0.483209 0.008778 0.006063
0 0.976475 0.482743 0.009129 0.005597
0 1.077598 0.479244 0.009129 0.005597
0 0.749122 0.477612 0.005969 0.004198
0 1.089537 0.463153 0.008427 0.005131
0 0.959270 0.456623 0.011236 0.006530
0 1.124298 0.450676 0.003511 0.002099
0 0.222086 0.451842 0.006671 0.004897
0 0.674333 0.448111 0.007374 0.005364
0 1.198034 0.439132 0.008427 0.005131
0 0.745962 0.437500 0.005969 0.003731
0 0.962781 0.436684 0.009831 0.006763
0 1.004038 0.371735 0.009480 0.007463
0 0.462254 0.349930 0.007374 0.005364
0 0.148876 0.319496 0.011236 0.007929
0 0.772472 0.316348 0.007725 0.004897
0 0.249298 0.308069 0.005618 0.003731
0 0.201369 0.303638 0.003862 0.002799
0 0.780021 0.296758 0.006671 0.004897
0 1.036692 0.294193 0.005969 0.003965
0 1.012992 0.288713 0.004916 0.002799
0 1.059691 0.281133 0.009831 0.005830
0 0.613764 0.276119 0.006320 0.004198
0 0.641503 0.267257 0.004213 0.002799
0 1.004038 0.259328 0.008778 0.004664
0 0.223841 0.255830 0.008076 0.005131
0 1.009305 0.237407 0.005969 0.003265
0 0.666081 0.232509 0.005618 0.003265
0 0.866397 0.229711 0.007374 0.004664
0 1.148876 0.226562 0.004213 0.003498
0 0.650456 0.221782 0.006671 0.004198
0 0.730513 0.213853 0.005969 0.004664
0 0.765976 0.209655 0.014396 0.008862
0 0.587430 0.198811 0.006320 0.004431
0 0.854459 0.198461 0.007374 0.004664
0 0.627809 0.197295 0.005618 0.004198
0 0.850070 0.179104 0.005618 0.003731
0 0.836903 0.167094 0.003160 0.002099
0 0.860779 0.162780 0.008778 0.005131
0 0.729108 0.131996 0.005267 0.003731
0 0.880267 0.122435 0.006320 0.004198
0 0.659586 0.120103 0.008778 0.005131
0 0.339361 0.108792 0.003862 0.003032
0 0.266854 0.106460 0.004916 0.003032
0 0.880794 0.103895 0.003862 0.002565
0 0.608497 0.103778 0.004213 0.002799
0 0.613588 0.101446 0.003160 0.001866
0 0.459796 0.100280 0.008076 0.004664
0 0.869382 0.098181 0.003511 0.002332
0 0.295997 0.097831 0.004916 0.003032
0 0.865520 0.096082 0.002809 0.002332
0 0.851299 0.096665 0.005969 0.003965
0 0.247191 0.092817 0.007022 0.004198
0 0.793539 0.083839 0.006320 0.003965
0 0.897472 0.076842 0.004213 0.002565
0 0.540379 0.073461 0.004916 0.003265
0 0.692942 0.073811 0.007374 0.005364
0 0.672402 0.071712 0.008427 0.006297
0 0.470154 0.044310 0.011236 0.008396
0 0.456110 0.015858 0.005618 0.004664
1 0.883251 0.632696 0.029846 0.012593
1 0.883427 0.601796 0.033708 0.024953
1 0.784937 0.533349 0.021419 0.010261
1 0.900808 0.540812 0.053722 0.027052
1 0.800913 0.518890 0.044242 0.021922
1 0.735253 0.513643 0.016854 0.018890
1 0.548631 0.487174 0.032654 0.012593
1 0.874298 0.487057 0.028792 0.017024
1 0.703652 0.479011 0.019663 0.019123
1 1.061447 0.470616 0.020365 0.016325
1 0.740520 0.465951 0.014747 0.012593
1 0.606566 0.483559 0.081110 0.050606
1 0.923104 0.462104 0.052669 0.031483
1 0.358146 0.441348 0.016152 0.012826
1 0.867275 0.442980 0.037219 0.017957
1 1.072683 0.446828 0.026685 0.028451
1 0.988764 0.428755 0.018258 0.006297
1 1.159410 0.442864 0.049157 0.034981
1 1.040028 0.442514 0.049860 0.037080
1 1.176966 0.409165 0.025983 0.022155
1 1.068996 0.401702 0.022121 0.010961
1 0.911692 0.394356 0.022823 0.016791
1 0.490344 0.405201 0.126756 0.088853
1 1.070576 0.313899 0.017556 0.016325
1 0.985077 0.306786 0.022121 0.010028
1 1.001053 0.281833 0.011938 0.004897
1 0.981917 0.281600 0.050211 0.035215
1 0.550562 0.266791 0.023174 0.010261
1 1.046348 0.262360 0.044242 0.030317
1 0.975772 0.242421 0.014747 0.011894
1 1.061096 0.242537 0.030197 0.013060
1 0.674508 0.241255 0.019663 0.010494
1 0.626756 0.232043 0.014747 0.008396
1 0.666608 0.219450 0.020716 0.012127
1 0.971032 0.210704 0.020716 0.014226
1 0.789677 0.213270 0.018961 0.019356
1 0.606566 0.200560 0.024228 0.013060
1 0.683989 0.186451 0.021770 0.018424
1 0.542662 0.174440 0.009480 0.007929
1 1.015098 0.181903 0.047753 0.031716
1 0.772999 0.182136 0.121840 0.040112
1 1.024403 0.156833 0.014396 0.010961
1 0.889572 0.145872 0.036868 0.012826
1 0.675913 0.157766 0.108848 0.041278
1 0.804424 0.137710 0.029494 0.017024
1 0.643258 0.122201 0.017556 0.013526
1 0.272121 0.121385 0.028792 0.015625
1 0.294593 0.116138 0.014747 0.006530
1 0.611833 0.113573 0.027739 0.013993
1 1.053722 0.098764 0.044944 0.016558
1 1.063202 0.083722 0.037219 0.013526
1 0.849017 0.079874 0.021770 0.006297
1 1.118329 0.080457 0.040028 0.020989
1 0.822683 0.031133 0.062500 0.036614
2 0.406952 0.624417 0.006320 0.003965
2 0.652037 0.592001 0.004916 0.003498
2 0.676440 0.540345 0.011587 0.006063
2 0.693118 0.539879 0.016854 0.007463
2 0.685393 0.533932 0.005618 0.004897
2 0.693820 0.532066 0.005618 0.005364
2 1.060920 0.521572 0.002458 0.002099
2 1.117626 0.519356 0.005618 0.001866
2 0.850597 0.460704 0.007374 0.004431
2 0.703476 0.447178 0.007374 0.006297
2 0.668188 0.437267 0.015449 0.004664
2 0.658006 0.430854 0.012640 0.009095
2 0.696629 0.427472 0.021067 0.009795
2 0.127985 0.421175 0.008076 0.003731
2 0.676088 0.421175 0.011587 0.008862
2 0.642907 0.419893 0.018961 0.007696
2 0.693996 0.416628 0.007374 0.005364
2 0.660288 0.418377 0.012992 0.010261
2 0.747191 0.413246 0.006320 0.002332
2 1.000000 0.412663 0.006320 0.003498
2 0.979108 0.409981 0.005969 0.002332
2 0.989993 0.409165 0.003862 0.003032
2 0.621138 0.406600 0.006320 0.004431
2 1.004213 0.402985 0.008427 0.004198
2 0.638518 0.404384 0.015801 0.008862
2 0.993680 0.400420 0.004916 0.001866
2 1.004916 0.399370 0.001404 0.001632
2 0.655548 0.402285 0.014747 0.008862
2 0.697331 0.398787 0.003511 0.002799
2 0.965590 0.400070 0.017556 0.009562
2 0.622367 0.395989 0.003160 0.002799
2 0.638167 0.394939 0.022121 0.008629
2 0.949965 0.391674 0.010885 0.004897
2 0.657654 0.391908 0.014747 0.007696
2 0.713834 0.401936 0.100421 0.029618
2 0.591819 0.389576 0.020014 0.005364
2 0.985077 0.387010 0.005267 0.002099
2 0.943820 0.386894 0.006320 0.004198
2 0.769136 0.385028 0.003862 0.002332
2 0.690660 0.389692 0.048455 0.014925
2 0.955056 0.381646 0.004213 0.002565
2 0.674860 0.381530 0.004916 0.002799
2 0.820927 0.379431 0.002809 0.001866
2 0.937324 0.379198 0.003862 0.002332
2 0.216292 0.379431 0.004213 0.003731
2 0.882198 0.378148 0.006671 0.002099
2 0.918715 0.377682 0.003862 0.002565
2 0.779670 0.393424 0.062149 0.035448
2 0.931004 0.375816 0.003160 0.002099
2 0.964010 0.376982 0.007374 0.004897
2 0.876404 0.372201 0.004213 0.001866
2 0.871313 0.373834 0.006671 0.006530
2 0.758954 0.375117 0.024228 0.013759
2 0.742626 0.365555 0.007022 0.003032
2 0.871313 0.364622 0.006671 0.003032
2 0.926966 0.368587 0.011938 0.012360
2 0.888694 0.366954 0.022472 0.011427
2 0.809164 0.360075 0.007374 0.003265
2 0.704003 0.359142 0.002809 0.001866
2 0.912395 0.361824 0.019312 0.010961
2 0.695049 0.357393 0.003862 0.002099
2 0.928195 0.359608 0.015098 0.006996
2 0.835850 0.356110 0.009480 0.007929
2 0.737711 0.351912 0.007725 0.005597
2 0.978230 0.348181 0.004916 0.003265
2 0.882022 0.351213 0.015449 0.009795
2 0.734375 0.347015 0.005969 0.003265
2 0.750351 0.347015 0.004916 0.003731
2 0.923806 0.345849 0.003511 0.002332
2 0.900632 0.346549 0.014747 0.006996
2 0.773701 0.355993 0.031952 0.026819
2 0.860955 0.350513 0.024579 0.018190
2 0.756847 0.342234 0.003862 0.001632
2 0.733848 0.342467 0.008427 0.003032
2 0.786517 0.342351 0.006320 0.004198
2 1.021770 0.341651 0.005618 0.003265
2 0.982268 0.340602 0.003160 0.002099
2 0.773350 0.339902 0.005267 0.003498
2 0.836025 0.339669 0.010534 0.004431
2 1.032303 0.338270 0.009129 0.006297
2 0.750878 0.335121 0.005267 0.003265
2 0.756320 0.333839 0.005618 0.003965
2 0.809691 0.337687 0.020365 0.012127
2 1.046875 0.335588 0.013694 0.010728
2 0.744382 0.331157 0.002809 0.002332
2 0.935569 0.334655 0.018610 0.012593
2 1.056180 0.328708 0.007725 0.002565
2 0.997718 0.329291 0.005969 0.003731
2 0.659586 0.329991 0.010885 0.006063
2 1.016152 0.331973 0.014747 0.010494
2 0.660815 0.361241 0.176264 0.069030
2 0.823912 0.326376 0.003862 0.002099
2 0.962781 0.339319 0.054775 0.029384
2 0.673279 0.325560 0.003160 0.001866
2 0.682760 0.325443 0.003862 0.002099
2 0.797577 0.324160 0.012289 0.006530
2 0.694522 0.322878 0.009129 0.003965
2 0.675386 0.321945 0.005969 0.003498
2 0.868329 0.322645 0.006320 0.006297
2 0.902914 0.319496 0.004565 0.002332
2 0.833567 0.319030 0.006320 0.002799
2 0.792310 0.319030 0.004565 0.003265
2 0.914150 0.329641 0.030548 0.025420
2 0.710674 0.318797 0.007725 0.004664
2 0.958392 0.319846 0.020014 0.009095
2 0.940660 0.320546 0.014045 0.010961
2 0.799157 0.314016 0.004213 0.003032
2 0.692942 0.313899 0.003862 0.002799
2 1.025632 0.318563 0.016854 0.013526
2 1.091468 0.312850 0.008778 0.003032
2 1.044944 0.313083 0.006320 0.003498
2 0.936271 0.313433 0.008076 0.004664
2 0.790730 0.311567 0.008427 0.004198
2 0.954529 0.310984 0.006671 0.003498
2 1.048982 0.309002 0.003160 0.001866
2 1.097963 0.308419 0.007022 0.002099
2 0.822683 0.313200 0.014747 0.015392
2 0.700843 0.309468 0.008427 0.010261
2 0.766152 0.305271 0.004213 0.002799
2 0.806180 0.308069 0.018961 0.010728
2 0.794768 0.302355 0.003862 0.002565
2 0.730688 0.303172 0.006320 0.004664
2 0.886236 0.322994 0.025983 0.045243
2 0.820049 0.301656 0.005969 0.002565
2 0.954881 0.302589 0.013694 0.005830
2 0.685744 0.304571 0.016854 0.009795
2 0.840765 0.307603 0.025632 0.018190
2 0.824965 0.299440 0.005267 0.003265
2 0.737711 0.297691 0.003511 0.001632
2 0.791608 0.294893 0.005267 0.003498
2 0.695400 0.293843 0.003160 0.002332
2 0.729986 0.293843 0.007022 0.002799
2 0.764045 0.293727 0.004916 0.003965
2 0.815836 0.292677 0.004565 0.002799
2 0.804249 0.295009 0.006671 0.010261
2 0.921699 0.302472 0.039326 0.026586
2 0.724017 0.308302 0.053371 0.042444
2 0.872015 0.300023 0.030548 0.027752
2 0.679600 0.288246 0.010885 0.006530
2 0.761587 0.285448 0.004916 0.005597
2 0.868153 0.283815 0.005969 0.002799
2 0.898350 0.280900 0.005267 0.003498
2 0.779670 0.279384 0.003160 0.001399
2 0.708743 0.279384 0.003862 0.001866
2 0.577423 0.278918 0.003862 0.003265
2 0.912044 0.290229 0.040379 0.026353
2 0.908883 0.278918 0.009480 0.005597
2 0.876053 0.280784 0.011236 0.009328
2 0.773525 0.276236 0.004213 0.003498
2 0.886060 0.275070 0.010885 0.004431
2 0.734726 0.276936 0.021419 0.009095
2 1.063729 0.287430 0.047402 0.033349
2 0.907303 0.272971 0.007725 0.004897
2 0.916257 0.272388 0.007374 0.004198
2 0.875000 0.271339 0.003511 0.002099
2 0.784937 0.272038 0.010885 0.003498
2 0.715414 0.269823 0.004565 0.002332
2 0.688378 0.268773 0.005969 0.003498
2 0.814080 0.277169 0.024228 0.024953
2 0.688553 0.263293 0.005618 0.003731
2 0.781074 0.261544 0.005267 0.002565
2 0.678195 0.265625 0.010183 0.011194
2 0.584972 0.269123 0.024579 0.018190
2 0.750878 0.262710 0.030548 0.011427
2 0.727879 0.262710 0.016854 0.013293
2 0.537570 0.259445 0.007725 0.006763
2 0.846208 0.276936 0.047753 0.042211
2 0.785463 0.255597 0.008427 0.005597
2 0.826545 0.255364 0.009831 0.006530
2 0.497191 0.254664 0.006320 0.005131
2 0.698209 0.257463 0.010183 0.011660
2 0.894312 0.253731 0.010534 0.005597
2 0.891854 0.260611 0.047051 0.021688
2 0.718399 0.251632 0.014045 0.012127
2 0.695225 0.247435 0.020365 0.007463
2 0.715414 0.244636 0.008076 0.003265
2 0.559340 0.244170 0.004916 0.003265
2 0.942065 0.245219 0.010534 0.005830
2 0.908532 0.248134 0.016503 0.011660
2 0.571103 0.245336 0.007374 0.006996
2 0.775281 0.244520 0.008427 0.005830
2 0.806355 0.256063 0.031250 0.029851
2 1.155899 0.241954 0.004916 0.002565
2 0.861306 0.245686 0.020365 0.012826
2 0.706285 0.239506 0.005267 0.003731
2 0.896067 0.243703 0.010534 0.012593
2 0.690660 0.238689 0.004916 0.003032
2 0.967346 0.240205 0.009831 0.007463
2 0.615169 0.238223 0.010534 0.005364
2 0.840941 0.240788 0.009129 0.011427
2 0.593750 0.237640 0.007725 0.005131
2 0.800035 0.234142 0.017205 0.008396
2 0.883778 0.233792 0.009129 0.008162
2 0.609726 0.230760 0.005267 0.003965
2 0.904494 0.230061 0.009129 0.005364
2 0.761587 0.230527 0.011236 0.006297
2 0.739817 0.228545 0.003511 0.002332
2 1.106566 0.261894 0.060042 0.073694
2 0.818645 0.227379 0.004565 0.005131
2 0.597437 0.229128 0.007374 0.009562
2 0.586376 0.225746 0.006320 0.004198
2 0.913272 0.223647 0.007725 0.002799
2 0.450140 0.224230 0.012640 0.007229
2 0.869733 0.222481 0.007022 0.006063
2 1.120962 0.220266 0.012289 0.006763
2 0.867100 0.217701 0.005969 0.003965
2 0.756320 0.216884 0.002809 0.002332
2 0.577949 0.214785 0.002809 0.002332
2 0.896945 0.219916 0.020716 0.013526
2 0.508603 0.213619 0.003160 0.001866
2 0.484024 0.223881 0.029143 0.023787
2 0.480688 0.211521 0.004916 0.002332
2 0.841292 0.212337 0.014747 0.005364
2 0.557760 0.210005 0.004565 0.003032
2 1.037219 0.209538 0.007725 0.003965
2 0.543539 0.209305 0.007725 0.006297
2 0.565309 0.206740 0.009831 0.006763
2 0.909586 0.206740 0.015098 0.007229
2 0.470506 0.205574 0.007725 0.004897
2 0.897472 0.207556 0.008427 0.009795
2 0.502458 0.204524 0.008427 0.006996
2 0.557233 0.201842 0.005618 0.004431
2 0.459621 0.202542 0.007022 0.005830
2 1.111306 0.211171 0.052669 0.024487
2 0.516503 0.196245 0.009831 0.003965
2 1.113413 0.198228 0.016152 0.010728
2 0.526159 0.201143 0.015098 0.016558
2 0.439782 0.199277 0.027739 0.013293
2 0.918188 0.195196 0.035815 0.016791
2 0.454705 0.187500 0.005618 0.003731
2 0.525105 0.187150 0.005267 0.003498
2 1.154143 0.186800 0.004213 0.003265
2 1.127633 0.187383 0.010183 0.004897
2 0.961201 0.190998 0.012992 0.012593
2 0.909235 0.183302 0.005969 0.003731
2 1.154319 0.182836 0.003862 0.003265
2 0.940485 0.185401 0.018610 0.008396
2 1.099368 0.184935 0.021770 0.009328
2 0.923982 0.178755 0.006671 0.007229
2 0.602353 0.176656 0.006671 0.003498
2 0.450843 0.174907 0.005618 0.003731
2 0.492451 0.187034 0.061447 0.030317
2 1.122893 0.175606 0.020365 0.010261
2 0.979284 0.173041 0.012640 0.006530
2 1.099017 0.173041 0.011236 0.007929
2 0.555829 0.172924 0.018258 0.008629
2 0.461903 0.167910 0.005267 0.003265
2 0.611131 0.166744 0.005969 0.004198
2 0.984024 0.165578 0.006671 0.002799
2 1.129213 0.166744 0.011938 0.006063
2 1.049333 0.164995 0.005267 0.003498
2 1.114115 0.164179 0.004916 0.004198
2 1.079354 0.185518 0.043539 0.047341
2 0.474719 0.167211 0.011938 0.010728
2 1.100597 0.160564 0.001756 0.001166
2 0.981742 0.161497 0.005618 0.003498
2 1.002809 0.160215 0.010534 0.002799
2 0.626404 0.160448 0.004916 0.003731
2 1.091994 0.158465 0.004213 0.002565
2 0.603055 0.158116 0.005969 0.004664
2 0.530899 0.156483 0.005618 0.003265
2 0.441538 0.155667 0.004565 0.003032
2 1.114817 0.155900 0.007725 0.003965
2 1.096208 0.154035 0.004916 0.002099
2 1.005267 0.154851 0.009129 0.004198
2 1.147823 0.156716 0.009831 0.008862
2 0.519838 0.153801 0.004565 0.003032
2 0.970330 0.152519 0.003862 0.002799
2 1.110604 0.152052 0.004916 0.002799
2 0.610253 0.151819 0.017556 0.009328
2 1.085674 0.147738 0.018258 0.006763
2 1.058638 0.151353 0.030197 0.015858
2 0.445225 0.145406 0.010534 0.004897
2 1.131145 0.146339 0.012289 0.007229
2 0.430653 0.142257 0.006671 0.003265
2 0.595681 0.144123 0.011587 0.009328
2 1.101826 0.138643 0.016152 0.003032
2 0.402388 0.136777 0.004916 0.003032
2 1.072156 0.137710 0.019312 0.006763
2 0.984199 0.135494 0.007022 0.002332
2 0.585323 0.136077 0.009831 0.004431
2 0.909059 0.135378 0.007022 0.003965
2 0.524228 0.137477 0.014747 0.008162
2 0.970154 0.133979 0.003511 0.002565
2 0.438378 0.134911 0.005267 0.004897
2 0.597788 0.134911 0.008076 0.006297
2 1.117451 0.132696 0.008076 0.005597
2 1.131671 0.132696 0.012640 0.007929
2 0.535990 0.130597 0.005969 0.004198
2 0.469101 0.129314 0.006320 0.004431
2 0.485077 0.126866 0.005969 0.003731
2 1.087430 0.127915 0.009831 0.008629
2 0.959270 0.126399 0.008427 0.005597
2 0.403441 0.125466 0.007725 0.004664
2 0.459094 0.123951 0.008076 0.003965
2 0.382549 0.123251 0.003862 0.002565
2 0.442065 0.123717 0.003511 0.003965
2 0.908006 0.121269 0.004916 0.002799
2 0.569874 0.126283 0.015449 0.014692
2 1.114993 0.122318 0.010885 0.008162
2 1.067591 0.121269 0.020014 0.010728
2 1.078827 0.116838 0.009480 0.004664
2 0.551615 0.117654 0.023876 0.006297
2 0.486131 0.116604 0.005969 0.004664
2 1.026685 0.133279 0.068820 0.039412
2 0.410990 0.115905 0.006671 0.004664
2 0.539326 0.113806 0.005618 0.003731
2 1.096208 0.113106 0.008427 0.003731
2 0.465590 0.112523 0.010534 0.002565
2 1.067240 0.111824 0.010885 0.005364
2 0.478055 0.110075 0.003862 0.003265
2 0.435744 0.110191 0.004916 0.003498
2 0.559164 0.108209 0.007374 0.004664
2 0.414853 0.107626 0.007374 0.005364
2 0.565836 0.105993 0.004565 0.003032
2 0.482093 0.104244 0.006320 0.001866
2 0.421699 0.102845 0.006320 0.003731
2 0.888869 0.101679 0.005267 0.003265
2 0.521419 0.100163 0.007725 0.002099
2 0.491924 0.101796 0.007725 0.009095
2 0.581110 0.103778 0.018258 0.014925
2 0.878511 0.097831 0.009831 0.003965
2 0.442416 0.094566 0.004916 0.003498
2 0.457690 0.094450 0.005267 0.003731
2 0.969628 0.094916 0.018610 0.005131
2 0.497718 0.095266 0.009480 0.006297
2 0.885534 0.092001 0.005618 0.003498
2 0.431706 0.091884 0.010885 0.004198
2 0.950316 0.110424 0.132374 0.044076
2 0.484024 0.090135 0.015801 0.007229
2 0.478055 0.083955 0.007374 0.004664
2 0.595154 0.080924 0.003511 0.002332
2 0.456461 0.082673 0.018961 0.005830
2 0.600246 0.078242 0.003862 0.002565
2 0.449438 0.076959 0.011938 0.004198
2 0.461552 0.076609 0.005969 0.003965
2 0.856742 0.074394 0.005618 0.001866
2 0.488940 0.075093 0.016503 0.004198
2 0.835674 0.074394 0.006320 0.003265
2 0.471383 0.074627 0.005267 0.004198
2 0.695225 0.069496 0.006320 0.003265
2 0.620787 0.071129 0.018258 0.006530
2 0.773350 0.071012 0.013694 0.007696
2 0.871664 0.070429 0.007374 0.007463
2 0.478230 0.066931 0.005618 0.003265
2 0.780899 0.066115 0.007725 0.003965
2 0.839888 0.069846 0.032303 0.012360
2 0.727177 0.066465 0.008427 0.005597
2 0.811447 0.069613 0.033708 0.015625
2 0.764396 0.063433 0.006320 0.004198
2 0.819347 0.064016 0.012992 0.007696
2 0.736657 0.063316 0.010534 0.006297
2 0.785112 0.061451 0.007022 0.003965
2 0.486131 0.060285 0.005969 0.003032
2 0.864642 0.060168 0.005267 0.003731
2 0.508603 0.065065 0.034059 0.014459
2 0.907479 0.061451 0.017907 0.007696
2 0.804775 0.058769 0.010534 0.005131
2 0.842872 0.059935 0.019312 0.007929
2 0.764396 0.054688 0.004916 0.003032
2 0.811096 0.053288 0.004916 0.002099
2 0.867626 0.053055 0.010534 0.004431
2 0.790906 0.053172 0.013694 0.006996
2 0.528441 0.053521 0.019663 0.009095
2 1.058462 0.050840 0.010885 0.004198
2 0.576721 0.050840 0.012992 0.004664
2 0.735253 0.051306 0.014747 0.006063
2 0.497367 0.049907 0.004565 0.003731
2 0.760358 0.048391 0.005267 0.003498
2 0.513518 0.049207 0.009480 0.006063
2 0.269312 0.060634 0.033708 0.030317
2 1.084270 0.044426 0.007022 0.002099
2 0.907830 0.043960 0.006671 0.003498
2 0.629389 0.047225 0.019312 0.010028
2 0.954529 0.060285 0.073385 0.040812
2 0.752809 0.041395 0.007022 0.003498
2 0.498069 0.041744 0.010183 0.005597
2 0.563729 0.040928 0.011587 0.004431
2 1.023876 0.055620 0.050562 0.036147
2 0.605864 0.040345 0.029846 0.014459
2 0.874122 0.034398 0.005969 0.003032
2 0.570751 0.035215 0.015801 0.007929
2 0.963834 0.034632 0.011938 0.010961
2 0.851299 0.032299 0.010183 0.007696
2 0.568118 0.028218 0.008427 0.004198
2 0.940836 0.030667 0.021419 0.011894
2 0.557760 0.026119 0.005267 0.003731
2 0.616573 0.026936 0.014747 0.008162
2 0.912570 0.033232 0.042135 0.021688
2 0.923631 0.024720 0.011587 0.006530
2 0.559867 0.016441 0.008076 0.003965
2 0.532128 0.027169 0.043188 0.028218
2 0.933111 0.016091 0.012289 0.006530
2 0.549508 0.014459 0.006320 0.004198
2 0.613764 0.014342 0.010534 0.006297
2 0.527563 0.013060 0.006671 0.005131
2 0.784586 0.014576 0.013694 0.009095
2 0.680478 0.037313 0.098315 0.056903
2 0.946805 0.010028 0.005969 0.003265
2 0.585323 0.019473 0.040730 0.023554
2 0.596208 0.006646 0.008427 0.003032
2 0.915555 0.009095 0.019312 0.011194
2 0.650281 0.022505 0.051966 0.038013
2 0.933638 0.005247 0.009129 0.004431
2 0.567591 0.004198 0.007374 0.003731
2 0.780197 0.003265 0.010534 0.004664
2 0.642029 0.002915 0.010885 0.003965
2 0.894663 0.006646 0.014045 0.012826
2 0.873420 0.005714 0.015801 0.010961
2 0.815133 0.003848 0.034761 0.007696
2 0.620962 0.006530 0.024930 0.013060
2 0.463483 0.412663 0.032303 0.027285
2 0.905197 0.389226 0.015449 0.011660
2 0.783532 0.129548 0.034059 0.023554
2 0.355513 0.072411 0.037570 0.017957
3 0.385534 0.317747 0.160112 0.123368
