2 0.774 0.769 0.016 0.036
2 0.457 0.737 0.019 0.027
2 0.783 0.734 0.014 0.035
2 0.726 0.693 0.013 0.025
2 0.403 0.690 0.012 0.034
2 0.424 0.651 0.017 0.024
2 0.267 0.488 0.019 0.021
2 0.271 0.390 0.014 0.032
2 0.262 0.328 0.017 0.025
2 0.509 0.192 0.045 0.100
2 0.464 0.046 0.013 0.011
2 0.442 0.032 0.018 0.027
2 0.858 0.001 0.006 0.003
1 0.865 0.828 0.006 0.009
1 0.876 0.817 0.005 0.013
1 0.857 0.802 0.003 0.008
1 0.819 0.801 0.008 0.015
1 0.860 0.738 0.006 0.013
1 0.592 0.719 0.021 0.023
1 0.584 0.708 0.003 0.005
1 0.555 0.696 0.004 0.006
1 0.570 0.690 0.007 0.006
1 0.681 0.693 0.007 0.015
1 0.691 0.691 0.009 0.013
1 0.627 0.700 0.021 0.031
1 0.599 0.679 0.006 0.006
1 0.543 0.678 0.009 0.009
1 0.656 0.693 0.040 0.043
1 0.665 0.673 0.005 0.007
1 0.633 0.671 0.007 0.006
1 0.580 0.672 0.006 0.008
1 0.810 0.670 0.006 0.012
1 0.589 0.664 0.004 0.006
1 0.670 0.658 0.005 0.008
1 0.580 0.658 0.004 0.007
1 0.581 0.647 0.004 0.004
1 0.560 0.667 0.025 0.046
1 0.533 0.655 0.011 0.026
1 0.665 0.631 0.003 0.006
1 0.562 0.633 0.005 0.012
1 0.569 0.630 0.009 0.015
1 0.610 0.614 0.004 0.005
1 0.604 0.611 0.003 0.005
1 0.608 0.605 0.004 0.006
1 0.561 0.610 0.018 0.018
1 0.546 0.609 0.009 0.019
1 0.527 0.612 0.026 0.031
1 0.617 0.597 0.003 0.004
1 0.755 0.600 0.007 0.011
1 0.511 0.588 0.014 0.013
1 0.524 0.583 0.006 0.007
1 0.539 0.583 0.005 0.009
1 0.643 0.586 0.006 0.020
1 0.786 0.580 0.010 0.013
1 0.534 0.577 0.006 0.008
1 0.448 0.572 0.007 0.008
1 0.510 0.570 0.006 0.006
1 0.499 0.570 0.003 0.006
1 0.600 0.567 0.003 0.005
1 0.477 0.567 0.003 0.005
1 0.667 0.568 0.009 0.012
1 0.445 0.564 0.005 0.006
1 0.552 0.563 0.006 0.007
1 0.509 0.562 0.004 0.006
1 0.546 0.554 0.004 0.006
1 0.519 0.548 0.004 0.007
1 0.551 0.544 0.006 0.008
1 0.534 0.542 0.005 0.006
1 0.528 0.525 0.006 0.009
1 0.453 0.539 0.038 0.048
1 0.485 0.516 0.008 0.015
1 0.495 0.508 0.005 0.007
1 0.845 0.499 0.011 0.021
1 0.482 0.486 0.012 0.014
1 0.484 0.472 0.002 0.006
1 0.805 0.516 0.040 0.096
1 0.725 0.468 0.004 0.006
1 0.505 0.464 0.005 0.006
1 0.493 0.462 0.004 0.007
1 0.737 0.461 0.004 0.012
1 0.717 0.462 0.006 0.018
1 0.848 0.463 0.021 0.025
1 0.721 0.450 0.007 0.011
1 0.515 0.434 0.005 0.008
1 0.493 0.425 0.006 0.007
1 0.372 0.417 0.006 0.011
1 0.573 0.416 0.009 0.012
1 0.487 0.415 0.005 0.010
1 0.583 0.413 0.002 0.006
1 0.498 0.410 0.004 0.008
1 0.825 0.407 0.007 0.008
1 0.465 0.403 0.004 0.006
1 0.801 0.398 0.010 0.018
1 0.520 0.392 0.004 0.005
1 0.373 0.395 0.004 0.013
1 0.431 0.390 0.004 0.006
1 0.441 0.388 0.004 0.008
1 0.791 0.386 0.006 0.007
1 0.452 0.384 0.006 0.015
1 0.425 0.380 0.007 0.009
1 0.448 0.471 0.120 0.192
1 0.466 0.376 0.006 0.008
1 0.816 0.386 0.013 0.032
1 0.436 0.367 0.005 0.008
1 0.456 0.356 0.005 0.006
1 0.402 0.350 0.003 0.005
1 0.733 0.351 0.010 0.018
1 0.438 0.343 0.004 0.007
1 0.783 0.344 0.007 0.010
1 0.384 0.346 0.007 0.014
1 0.363 0.342 0.004 0.008
1 0.797 0.339 0.005 0.006
1 0.439 0.336 0.003 0.006
1 0.742 0.335 0.003 0.005
1 0.369 0.328 0.008 0.009
1 0.358 0.325 0.004 0.008
1 0.425 0.323 0.004 0.006
1 0.705 0.322 0.007 0.010
1 0.376 0.321 0.005 0.008
1 0.356 0.315 0.004 0.007
1 0.764 0.320 0.018 0.018
1 0.711 0.312 0.003 0.005
1 0.695 0.312 0.003 0.007
1 0.362 0.313 0.004 0.008
1 0.685 0.312 0.007 0.007
1 0.374 0.309 0.003 0.005
1 0.381 0.308 0.003 0.005
1 0.715 0.304 0.005 0.012
1 0.773 0.297 0.007 0.007
1 0.413 0.300 0.013 0.015
1 0.701 0.295 0.008 0.011
1 0.733 0.295 0.004 0.012
1 0.524 0.264 0.008 0.013
1 0.694 0.257 0.005 0.006
1 0.681 0.255 0.005 0.013
1 0.655 0.252 0.006 0.009
1 0.754 0.247 0.031 0.046
1 0.395 0.227 0.004 0.008
1 0.791 0.216 0.013 0.026
1 0.569 0.197 0.003 0.004
1 0.647 0.176 0.003 0.006
1 0.593 0.175 0.003 0.007
1 0.553 0.174 0.004 0.010
1 0.673 0.184 0.037 0.032
1 0.541 0.171 0.007 0.006
1 0.578 0.164 0.004 0.005
1 0.748 0.188 0.030 0.066
1 0.571 0.170 0.019 0.037
1 0.697 0.155 0.010 0.016
1 0.462 0.151 0.006 0.009
1 0.668 0.162 0.033 0.035
1 0.688 0.145 0.006 0.008
1 0.663 0.137 0.004 0.006
1 0.717 0.167 0.035 0.071
1 0.594 0.135 0.007 0.006
1 0.746 0.144 0.012 0.026
1 0.670 0.135 0.006 0.015
1 0.664 0.127 0.004 0.008
1 0.528 0.119 0.004 0.006
1 0.671 0.119 0.006 0.007
1 0.588 0.118 0.004 0.009
1 0.684 0.118 0.010 0.012
1 0.596 0.118 0.008 0.013
1 0.564 0.114 0.007 0.010
1 0.529 0.110 0.004 0.007
1 0.580 0.105 0.005 0.004
1 0.521 0.104 0.005 0.009
1 0.608 0.101 0.004 0.008
1 0.659 0.100 0.004 0.007
1 0.651 0.101 0.009 0.014
1 0.642 0.097 0.003 0.007
1 0.922 0.086 0.014 0.009
1 0.938 0.092 0.015 0.022
1 0.651 0.087 0.014 0.018
1 0.951 0.075 0.003 0.006
1 0.905 0.077 0.010 0.008
1 0.560 0.095 0.045 0.054
1 0.536 0.071 0.006 0.009
1 0.957 0.069 0.006 0.007
1 0.637 0.070 0.004 0.008
1 0.652 0.071 0.007 0.013
1 0.629 0.066 0.005 0.008
1 0.937 0.059 0.005 0.007
1 0.952 0.052 0.006 0.008
0 0.844 0.797 0.005 0.009
0 0.584 0.776 0.004 0.007
0 0.712 0.770 0.009 0.015
0 0.562 0.768 0.007 0.010
0 0.583 0.759 0.007 0.012
0 0.644 0.755 0.005 0.008
0 0.482 0.719 0.006 0.010
0 0.440 0.687 0.008 0.013
0 0.576 0.647 0.002 0.003
0 0.840 0.613 0.012 0.016
0 0.479 0.612 0.008 0.013
0 0.763 0.545 0.007 0.011
0 0.605 0.530 0.009 0.013
0 0.510 0.478 0.005 0.008
0 0.559 0.469 0.006 0.008
0 0.328 0.475 0.013 0.021
0 0.301 0.463 0.003 0.004
0 0.304 0.441 0.009 0.011
0 0.296 0.434 0.003 0.004
0 0.842 0.376 0.008 0.013
0 0.850 0.368 0.004 0.006
0 0.274 0.364 0.007 0.010
0 0.701 0.340 0.007 0.009
0 0.248 0.329 0.004 0.008
0 0.339 0.317 0.007 0.010
0 0.491 0.310 0.006 0.008
0 0.479 0.311 0.009 0.014
0 0.588 0.287 0.012 0.016
0 0.481 0.278 0.008 0.013
0 0.596 0.270 0.006 0.011
0 0.557 0.267 0.006 0.008
0 0.634 0.263 0.009 0.016
0 0.292 0.131 0.007 0.011
0 0.620 0.114 0.007 0.010
0 0.374 0.099 0.004 0.006
0 0.615 0.096 0.009 0.013
0 0.465 0.087 0.010 0.014
0 0.439 0.046 0.005 0.010
0 0.280 0.040 0.007 0.012
