0 0.595965 0.578476 0.005830 0.009480
1 0.325210 0.809164 0.038013 0.062149
1 0.389576 0.743153 0.008162 0.018610
1 0.139925 0.578827 0.019123 0.040379
1 0.227029 0.322507 0.012826 0.017205
1 0.700443 0.219452 0.016558 0.027388
2 0.146805 0.677317 0.005830 0.009129
2 0.131063 0.664326 0.005597 0.007725
2 0.470499 0.629565 0.009095 0.007022
2 0.534632 0.564080 0.006763 0.008076
2 0.541161 0.547402 0.007696 0.009129
2 0.527752 0.526861 0.008396 0.011587
2 0.513643 0.478230 0.005830 0.014747
2 0.482276 0.419944 0.006530 0.010534
2 0.486824 0.409761 0.007229 0.011236
2 0.470266 0.360253 0.005830 0.007725
2 0.547341 0.265098 0.007929 0.014045
