2 0.782 0.512 0.016 0.010
2 1.431 0.418 0.006 0.006
2 0.659 0.412 0.020 0.010
2 1.445 0.403 0.006 0.004
2 1.396 0.396 0.008 0.007
2 1.489 0.381 0.006 0.005
2 1.444 0.375 0.005 0.004
2 1.402 0.369 0.006 0.004
2 1.237 0.363 0.006 0.005
2 1.461 0.364 0.014 0.011
2 1.403 0.356 0.005 0.004
2 1.503 0.358 0.006 0.008
2 1.476 0.354 0.006 0.003
2 1.237 0.354 0.006 0.004
2 1.345 0.354 0.008 0.005
2 1.384 0.352 0.015 0.006
2 1.388 0.344 0.002 0.003
2 1.456 0.347 0.021 0.010
2 1.225 0.338 0.007 0.003
2 1.463 0.338 0.007 0.005
2 1.282 0.338 0.005 0.006
2 1.481 0.338 0.014 0.007
2 1.273 0.336 0.008 0.006
2 1.231 0.337 0.010 0.007
2 1.407 0.335 0.006 0.005
2 1.397 0.334 0.006 0.004
2 1.440 0.331 0.006 0.005
2 1.404 0.331 0.006 0.007
2 1.376 0.329 0.007 0.007
2 1.153 0.327 0.005 0.004
2 1.314 0.324 0.008 0.005
2 1.194 0.323 0.008 0.005
2 1.182 0.322 0.006 0.006
2 1.439 0.323 0.017 0.011
2 1.161 0.321 0.008 0.007
2 1.477 0.319 0.008 0.006
2 1.467 0.319 0.006 0.007
2 1.370 0.313 0.005 0.004
2 1.386 0.313 0.014 0.008
2 1.364 0.312 0.007 0.005
2 1.360 0.307 0.004 0.003
2 1.238 0.302 0.005 0.003
2 1.505 0.301 0.001 0.002
2 1.446 0.303 0.013 0.006
2 1.431 0.301 0.008 0.007
2 1.305 0.297 0.004 0.003
2 1.333 0.297 0.009 0.005
2 1.490 0.297 0.006 0.005
2 1.255 0.296 0.004 0.003
2 1.452 0.294 0.006 0.003
2 1.459 0.290 0.008 0.005
2 1.471 0.289 0.010 0.004
2 1.496 0.287 0.004 0.004
2 1.397 0.288 0.006 0.006
2 1.406 0.285 0.006 0.004
2 1.441 0.281 0.006 0.003
2 1.192 0.276 0.008 0.007
2 1.468 0.274 0.011 0.007
2 1.214 0.271 0.004 0.002
2 1.126 0.271 0.004 0.004
2 1.420 0.270 0.006 0.004
2 1.443 0.262 0.011 0.006
2 1.400 0.258 0.006 0.004
2 1.385 0.258 0.007 0.011
2 1.134 0.253 0.010 0.003
2 1.085 0.253 0.005 0.005
2 1.444 0.252 0.006 0.005
2 1.389 0.249 0.006 0.004
2 1.473 0.246 0.004 0.003
2 1.012 0.244 0.006 0.006
2 1.032 0.237 0.008 0.007
2 1.084 0.232 0.003 0.002
2 1.269 0.232 0.005 0.004
2 1.428 0.231 0.010 0.007
2 1.321 0.230 0.011 0.007
2 1.484 0.229 0.009 0.006
2 0.650 0.228 0.009 0.007
2 1.035 0.223 0.004 0.004
2 0.995 0.221 0.005 0.003
2 1.052 0.225 0.017 0.012
2 1.498 0.221 0.006 0.005
2 1.460 0.222 0.012 0.008
2 1.238 0.221 0.013 0.008
2 1.190 0.218 0.004 0.005
2 1.022 0.217 0.005 0.003
2 1.257 0.221 0.022 0.015
2 1.109 0.216 0.008 0.004
2 1.079 0.216 0.007 0.006
2 0.962 0.215 0.011 0.004
2 1.284 0.220 0.029 0.016
2 1.213 0.212 0.004 0.003
2 1.223 0.211 0.004 0.005
2 1.163 0.211 0.008 0.006
2 1.131 0.217 0.028 0.017
2 1.103 0.210 0.010 0.004
2 1.232 0.208 0.003 0.002
2 1.475 0.209 0.007 0.005
2 0.985 0.208 0.007 0.003
2 1.455 0.206 0.006 0.005
2 1.250 0.208 0.009 0.008
2 0.975 0.200 0.005 0.003
2 1.488 0.200 0.008 0.005
2 1.293 0.200 0.008 0.006
2 1.267 0.202 0.016 0.011
2 1.497 0.199 0.007 0.007
2 1.428 0.207 0.038 0.024
2 1.175 0.195 0.005 0.009
2 1.446 0.192 0.007 0.005
2 1.489 0.191 0.006 0.003
2 1.038 0.194 0.016 0.013
2 1.104 0.189 0.008 0.005
2 1.307 0.192 0.022 0.012
2 1.072 0.193 0.014 0.019
2 1.272 0.185 0.006 0.006
2 1.172 0.186 0.010 0.010
2 1.049 0.176 0.011 0.006
2 1.244 0.173 0.017 0.009
2 1.490 0.158 0.006 0.005
2 1.505 0.140 0.002 0.004
2 1.045 0.128 0.012 0.007
2 1.129 0.111 0.003 0.002
2 1.083 0.099 0.004 0.004
2 1.037 0.094 0.015 0.014
2 0.361 0.090 0.013 0.010
2 1.505 0.047 0.001 0.003
1 0.853 0.550 0.042 0.032
1 1.493 0.431 0.025 0.012
1 1.356 0.407 0.029 0.013
1 0.488 0.421 0.033 0.047
1 0.580 0.371 0.009 0.011
1 1.491 0.367 0.024 0.009
1 0.436 0.385 0.055 0.049
1 1.378 0.359 0.029 0.008
1 1.477 0.358 0.018 0.008
1 1.481 0.344 0.033 0.013
1 1.342 0.338 0.026 0.014
1 0.556 0.333 0.013 0.014
1 1.290 0.327 0.046 0.012
1 0.530 0.334 0.016 0.034
1 1.308 0.286 0.029 0.017
1 0.610 0.283 0.015 0.019
1 1.495 0.270 0.022 0.014
1 1.098 0.277 0.157 0.076
1 0.501 0.277 0.169 0.107
1 0.472 0.223 0.166 0.060
1 1.099 0.074 0.055 0.011
1 1.075 0.059 0.065 0.014
1 1.200 0.030 0.081 0.019
1 1.382 0.017 0.023 0.014
1 1.066 0.022 0.096 0.045
1 0.565 0.019 0.073 0.039
1 0.382 0.000 0.004 0.000
1 0.265 0.025 0.105 0.049
0 1.495 0.550 0.020 0.014
0 1.397 0.437 0.015 0.010
0 1.367 0.423 0.008 0.006
0 1.406 0.416 0.008 0.006
0 0.589 0.411 0.010 0.007
0 1.400 0.405 0.010 0.006
0 1.310 0.375 0.023 0.018
0 0.851 0.352 0.017 0.010
0 1.345 0.311 0.016 0.010
0 0.632 0.309 0.011 0.008
0 1.243 0.310 0.017 0.011
0 0.635 0.301 0.012 0.008
0 1.278 0.299 0.019 0.012
0 1.496 0.280 0.013 0.008
0 1.176 0.276 0.013 0.014
0 1.163 0.270 0.015 0.011
0 1.070 0.249 0.003 0.002
0 1.471 0.197 0.018 0.009
0 1.216 0.178 0.007 0.005
0 1.200 0.132 0.008 0.005
0 0.232 0.059 0.015 0.010
0 1.273 0.049 0.008 0.006
0 1.170 0.043 0.011 0.007
0 1.504 0.021 0.004 0.005
0 1.260 0.006 0.007 0.005
4 0.782 0.077 0.363 0.155
3 0.446 0.454 0.055 0.048
