2 0.952 0.195 0.007 0.011
2 0.925 0.190 0.044 0.044
2 0.928 0.156 0.024 0.025
2 0.787 0.145 0.002 0.004
2 0.627 0.144 0.005 0.006
2 0.752 0.143 0.003 0.006
2 0.549 0.146 0.011 0.013
2 0.814 0.128 0.003 0.004
2 0.764 0.131 0.006 0.010
2 0.594 0.123 0.005 0.009
2 0.727 0.117 0.002 0.004
2 0.733 0.116 0.004 0.006
2 0.764 0.110 0.003 0.007
2 0.760 0.110 0.004 0.007
2 0.817 0.108 0.004 0.007
2 0.749 0.101 0.002 0.006
2 0.743 0.099 0.003 0.008
2 0.777 0.093 0.004 0.005
2 0.807 0.091 0.004 0.006
2 0.796 0.086 0.003 0.004
2 0.961 0.081 0.005 0.008
2 0.799 0.073 0.004 0.005
2 0.770 0.072 0.006 0.008
2 1.000 0.062 0.000 0.005
2 0.993 0.062 0.006 0.011
2 0.809 0.051 0.002 0.006
2 0.738 0.035 0.009 0.012
2 0.561 0.010 0.008 0.009
2 0.569 0.005 0.007 0.010
2 0.560 0.002 0.005 0.004
1 0.858 0.223 0.009 0.006
1 0.733 0.201 0.028 0.028
1 0.889 0.119 0.013 0.013
1 0.666 0.057 0.006 0.023
1 0.380 0.012 0.047 0.023
0 0.599 0.066 0.009 0.013
0 0.721 0.058 0.005 0.007
0 0.740 0.049 0.007 0.009
0 0.718 0.043 0.006 0.008
