2 0.410 0.615 0.008 0.005
2 0.418 0.611 0.006 0.003
2 0.419 0.589 0.006 0.003
2 0.381 0.589 0.006 0.004
2 0.405 0.582 0.009 0.005
2 0.387 0.579 0.004 0.003
2 0.249 0.565 0.005 0.003
2 1.152 0.517 0.021 0.011
2 1.123 0.513 0.023 0.007
2 0.911 0.504 0.011 0.007
2 0.944 0.497 0.008 0.005
2 0.934 0.464 0.010 0.006
2 0.870 0.450 0.011 0.010
2 0.930 0.447 0.010 0.007
2 0.950 0.437 0.012 0.006
2 0.903 0.440 0.012 0.014
2 1.084 0.430 0.010 0.007
2 1.173 0.427 0.011 0.007
2 0.884 0.425 0.008 0.005
2 0.952 0.426 0.015 0.016
2 0.915 0.420 0.014 0.009
2 0.958 0.406 0.005 0.007
2 0.913 0.402 0.007 0.013
2 1.183 0.401 0.019 0.018
2 1.155 0.389 0.011 0.023
2 1.111 0.365 0.017 0.009
2 1.096 0.363 0.011 0.008
2 0.942 0.353 0.007 0.010
2 0.928 0.352 0.006 0.016
2 1.060 0.343 0.030 0.012
2 1.135 0.333 0.007 0.009
2 1.121 0.330 0.007 0.006
2 1.006 0.333 0.016 0.013
2 1.072 0.327 0.006 0.006
2 1.119 0.320 0.006 0.004
2 1.149 0.323 0.019 0.013
2 1.193 0.317 0.006 0.004
2 0.983 0.314 0.023 0.012
2 1.136 0.311 0.028 0.011
2 0.793 0.306 0.005 0.008
2 0.757 0.285 0.012 0.005
2 0.915 0.284 0.018 0.015
2 1.144 0.289 0.029 0.035
2 1.148 0.271 0.005 0.003
2 1.178 0.273 0.010 0.007
2 1.158 0.270 0.011 0.007
2 1.140 0.264 0.018 0.011
2 1.171 0.264 0.021 0.011
2 1.132 0.256 0.007 0.005
2 1.056 0.259 0.013 0.011
2 1.078 0.250 0.006 0.005
2 1.098 0.247 0.006 0.006
2 1.047 0.244 0.011 0.006
2 1.161 0.249 0.038 0.022
2 1.001 0.238 0.006 0.004
2 1.114 0.240 0.035 0.022
2 1.063 0.233 0.018 0.009
2 1.081 0.225 0.010 0.006
2 0.975 0.224 0.011 0.006
2 1.196 0.224 0.011 0.008
2 0.926 0.218 0.021 0.008
2 1.047 0.203 0.016 0.007
2 1.003 0.212 0.054 0.040
2 0.942 0.196 0.078 0.040
2 0.907 0.174 0.030 0.011
2 1.054 0.169 0.053 0.028
2 0.993 0.156 0.010 0.006
2 0.965 0.149 0.007 0.004
2 0.986 0.148 0.017 0.012
2 0.903 0.138 0.005 0.004
2 0.952 0.137 0.026 0.007
2 1.002 0.137 0.024 0.015
2 1.088 0.138 0.022 0.019
2 1.067 0.118 0.015 0.009
2 1.041 0.116 0.018 0.010
1 0.933 0.641 0.022 0.009
1 0.984 0.291 0.034 0.021
1 1.244 0.260 0.063 0.038
0 0.296 0.561 0.007 0.004
0 0.337 0.539 0.003 0.002
0 0.563 0.533 0.004 0.003
0 1.160 0.317 0.006 0.004
0 0.879 0.303 0.009 0.008
0 1.207 0.293 0.009 0.006
0 1.087 0.271 0.007 0.004
0 1.077 0.266 0.007 0.005
0 0.663 0.161 0.013 0.008
0 1.036 0.047 0.005 0.004
4 0.465 0.282 0.210 0.138
