2 0.578 0.733 0.005 0.007
2 0.578 0.689 0.002 0.004
2 0.591 0.680 0.006 0.008
2 0.596 0.674 0.011 0.007
2 0.587 0.667 0.003 0.003
2 0.613 0.664 0.002 0.004
2 0.610 0.662 0.002 0.004
2 0.610 0.642 0.002 0.002
2 0.573 0.637 0.003 0.004
2 0.568 0.628 0.003 0.004
2 0.565 0.622 0.008 0.017
2 0.572 0.598 0.001 0.004
2 0.566 0.586 0.002 0.004
2 0.541 0.583 0.002 0.004
2 0.585 0.556 0.008 0.010
2 0.581 0.544 0.003 0.005
2 0.528 0.538 0.010 0.011
2 0.576 0.537 0.004 0.009
2 0.583 0.534 0.003 0.006
2 0.553 0.531 0.011 0.010
2 0.432 0.528 0.003 0.006
2 0.583 0.525 0.004 0.007
2 0.547 0.518 0.008 0.012
2 0.544 0.510 0.002 0.003
2 0.541 0.507 0.002 0.004
2 0.526 0.502 0.003 0.004
2 0.669 0.489 0.002 0.004
2 0.441 0.489 0.004 0.007
2 0.578 0.478 0.003 0.006
2 0.516 0.471 0.002 0.007
2 0.537 0.470 0.006 0.009
2 0.528 0.483 0.021 0.047
2 0.508 0.468 0.008 0.018
2 0.531 0.458 0.002 0.003
2 0.649 0.456 0.003 0.004
2 0.642 0.466 0.008 0.024
2 0.639 0.450 0.002 0.004
2 0.674 0.454 0.008 0.013
2 0.689 0.447 0.002 0.006
2 0.693 0.427 0.002 0.002
2 0.525 0.429 0.004 0.007
2 0.530 0.420 0.004 0.009
2 0.522 0.393 0.004 0.007
2 0.526 0.388 0.004 0.007
2 0.515 0.380 0.007 0.013
2 0.495 0.349 0.004 0.007
2 0.473 0.289 0.007 0.009
2 0.322 0.161 0.002 0.002
2 0.383 0.100 0.002 0.004
1 0.502 0.953 0.023 0.014
1 0.580 0.933 0.018 0.026
1 0.516 0.831 0.027 0.030
1 0.175 0.796 0.045 0.052
1 0.180 0.715 0.043 0.099
1 0.817 0.639 0.031 0.050
1 0.708 0.595 0.015 0.018
1 0.088 0.594 0.026 0.017
1 0.755 0.607 0.037 0.059
1 0.122 0.568 0.032 0.034
1 0.677 0.517 0.013 0.012
1 0.805 0.512 0.017 0.022
1 0.341 0.495 0.018 0.008
1 0.631 0.492 0.018 0.020
1 0.716 0.497 0.077 0.132
1 0.589 0.445 0.019 0.043
1 0.430 0.444 0.031 0.041
1 0.089 0.470 0.047 0.109
1 0.347 0.398 0.020 0.019
1 0.578 0.397 0.025 0.027
1 0.471 0.385 0.012 0.012
1 0.112 0.404 0.019 0.066
1 0.177 0.371 0.023 0.045
1 0.621 0.358 0.016 0.029
1 0.603 0.312 0.011 0.013
1 0.540 0.329 0.028 0.054
1 0.114 0.304 0.018 0.022
1 0.378 0.265 0.012 0.015
1 0.552 0.251 0.009 0.008
1 0.544 0.221 0.009 0.017
1 0.504 0.257 0.068 0.089
1 0.159 0.222 0.006 0.022
1 0.648 0.151 0.024 0.041
1 0.495 0.165 0.103 0.129
0 0.542 0.778 0.003 0.005
0 0.510 0.672 0.004 0.007
0 0.633 0.659 0.007 0.010
0 0.254 0.629 0.004 0.007
0 0.370 0.628 0.003 0.005
0 0.286 0.627 0.003 0.004
0 0.590 0.625 0.006 0.010
0 0.263 0.615 0.005 0.006
0 0.566 0.611 0.005 0.006
0 0.585 0.608 0.006 0.008
0 0.345 0.599 0.003 0.004
0 0.442 0.598 0.005 0.007
0 0.575 0.591 0.005 0.007
0 0.626 0.526 0.006 0.009
0 0.587 0.503 0.004 0.006
0 0.610 0.492 0.004 0.006
0 0.615 0.479 0.003 0.006
0 0.143 0.474 0.006 0.010
0 0.663 0.425 0.002 0.004
0 0.603 0.427 0.005 0.009
0 0.657 0.418 0.003 0.005
0 0.660 0.411 0.004 0.005
0 0.678 0.343 0.007 0.012
0 0.491 0.334 0.003 0.007
0 0.212 0.303 0.004 0.006
0 0.562 0.296 0.007 0.008
0 0.554 0.288 0.003 0.005
0 0.632 0.284 0.002 0.005
0 0.126 0.244 0.003 0.005
0 0.179 0.243 0.010 0.016
0 0.566 0.237 0.004 0.006
0 0.535 0.231 0.003 0.005
0 0.557 0.202 0.008 0.011
0 0.294 0.186 0.004 0.006
0 0.314 0.172 0.003 0.005
0 0.354 0.146 0.005 0.006
0 0.339 0.122 0.004 0.005
0 0.540 0.103 0.003 0.005
0 0.545 0.096 0.003 0.005
0 0.567 0.088 0.003 0.004
0 0.341 0.035 0.002 0.003
0 0.352 0.037 0.006 0.008
4 0.253 0.456 0.105 0.181
3 0.236 0.835 0.054 0.073
3 0.373 0.463 0.023 0.061
3 0.475 0.189 0.012 0.032
