2 0.132 0.993 0.029 0.015
2 0.119 0.915 0.014 0.036
2 0.135 0.876 0.011 0.025
2 0.288 0.881 0.028 0.046
2 0.076 0.812 0.022 0.029
2 0.546 0.798 0.044 0.073
2 0.207 0.759 0.023 0.034
2 0.376 0.743 0.046 0.071
2 0.331 0.692 0.008 0.009
2 0.133 0.661 0.015 0.025
2 0.173 0.651 0.011 0.026
2 0.143 0.628 0.040 0.060
2 0.343 0.506 0.045 0.079
2 0.382 0.446 0.018 0.032
2 0.455 0.451 0.025 0.055
2 0.002 0.378 0.005 0.013
1 0.291 0.997 0.006 0.006
1 0.259 0.988 0.006 0.013
1 0.317 0.986 0.021 0.028
1 0.191 0.974 0.005 0.009
1 0.074 0.960 0.003 0.006
1 0.034 0.962 0.008 0.015
1 0.069 0.958 0.003 0.007
1 0.122 0.940 0.004 0.006
1 0.046 0.941 0.007 0.008
1 0.057 0.936 0.005 0.006
1 0.109 0.926 0.005 0.008
1 0.091 0.926 0.004 0.009
1 0.104 0.923 0.005 0.007
1 0.208 0.919 0.004 0.007
1 0.084 0.918 0.005 0.008
1 0.217 0.913 0.005 0.006
1 0.225 0.909 0.004 0.006
1 0.090 0.909 0.005 0.007
1 0.154 0.897 0.006 0.006
1 0.175 0.914 0.029 0.046
1 0.033 0.910 0.018 0.047
1 0.160 0.889 0.006 0.010
1 0.028 0.880 0.007 0.009
1 0.222 0.870 0.012 0.019
1 0.071 0.885 0.062 0.075
1 0.161 0.844 0.005 0.009
1 0.014 0.861 0.028 0.065
1 0.349 0.829 0.019 0.031
1 0.039 0.837 0.015 0.048
1 0.003 0.810 0.005 0.028
1 0.332 0.796 0.019 0.028
1 0.287 0.778 0.012 0.041
1 0.133 0.762 0.006 0.011
1 0.160 0.764 0.007 0.016
1 0.133 0.733 0.006 0.009
1 0.228 0.704 0.010 0.018
1 0.220 0.683 0.013 0.022
1 0.097 0.671 0.005 0.013
1 0.097 0.627 0.009 0.032
1 0.059 0.631 0.026 0.061
1 0.027 0.580 0.005 0.009
1 0.012 0.580 0.011 0.015
1 0.033 0.563 0.004 0.006
1 0.039 0.540 0.015 0.033
1 0.057 0.517 0.008 0.016
1 0.069 0.322 0.006 0.011
1 0.187 0.272 0.011 0.017
0 0.011 1.000 0.004 0.001
0 0.361 0.988 0.005 0.006
0 0.312 0.914 0.007 0.013
0 0.442 0.884 0.012 0.018
0 0.147 0.864 0.006 0.013
0 0.584 0.793 0.010 0.015
0 0.404 0.719 0.008 0.013
0 0.396 0.711 0.008 0.013
0 0.298 0.678 0.007 0.012
0 0.265 0.663 0.010 0.015
0 0.181 0.634 0.007 0.011
0 0.519 0.506 0.011 0.018
0 0.156 0.467 0.008 0.011
0 0.156 0.378 0.008 0.014
0 0.005 0.357 0.007 0.010
0 0.048 0.338 0.007 0.012
0 0.429 0.337 0.016 0.024
0 0.370 0.248 0.010 0.016
0 0.150 0.184 0.011 0.015
