2 0.842 0.944 0.017 0.055
2 0.728 0.829 0.039 0.017
2 0.911 0.826 0.024 0.025
2 0.998 0.380 0.004 0.016
2 0.963 0.362 0.021 0.025
2 0.906 0.331 0.026 0.052
1 0.283 0.994 0.017 0.012
1 0.256 0.994 0.009 0.013
1 0.955 0.949 0.016 0.023
1 0.278 0.939 0.018 0.031
1 0.984 0.929 0.010 0.019
1 0.962 0.919 0.005 0.008
1 0.939 0.929 0.025 0.030
1 0.983 0.910 0.007 0.013
1 0.894 0.906 0.009 0.012
1 0.909 0.901 0.011 0.013
1 0.971 0.896 0.006 0.010
1 0.954 0.892 0.015 0.019
1 0.899 0.888 0.013 0.013
1 0.285 0.892 0.018 0.029
1 0.918 0.892 0.032 0.039
1 0.990 0.883 0.020 0.055
1 0.919 0.857 0.010 0.007
1 0.995 0.849 0.004 0.006
1 0.891 0.855 0.006 0.018
1 0.952 0.859 0.022 0.030
1 0.998 0.837 0.004 0.013
1 0.951 0.835 0.007 0.013
1 0.862 0.848 0.035 0.039
1 0.971 0.838 0.018 0.020
1 0.839 0.825 0.005 0.006
1 0.879 0.825 0.006 0.009
1 0.861 0.815 0.003 0.006
1 0.852 0.819 0.018 0.020
1 0.854 0.804 0.001 0.003
1 0.970 0.802 0.012 0.019
1 0.955 0.799 0.014 0.013
1 0.842 0.803 0.019 0.030
1 0.857 0.783 0.004 0.006
1 0.866 0.783 0.003 0.007
1 0.840 0.783 0.007 0.011
1 0.872 0.779 0.002 0.008
1 0.856 0.777 0.004 0.004
1 0.960 0.779 0.018 0.024
1 0.870 0.763 0.009 0.017
1 0.989 0.788 0.022 0.076
1 0.972 0.748 0.004 0.004
1 0.814 0.743 0.009 0.016
1 0.827 0.736 0.007 0.008
1 0.837 0.733 0.005 0.008
1 0.973 0.729 0.004 0.006
1 0.965 0.728 0.004 0.007
1 0.889 0.713 0.002 0.004
1 0.854 0.732 0.027 0.060
1 0.921 0.706 0.007 0.012
1 0.898 0.704 0.009 0.013
1 0.984 0.712 0.033 0.076
1 0.913 0.680 0.006 0.013
1 0.899 0.672 0.009 0.020
1 0.905 0.664 0.005 0.011
1 0.873 0.687 0.027 0.059
1 0.891 0.663 0.011 0.018
1 0.992 0.667 0.015 0.043
1 0.895 0.646 0.007 0.006
1 0.917 0.649 0.009 0.019
1 0.884 0.647 0.005 0.015
1 0.924 0.629 0.005 0.013
1 0.914 0.624 0.007 0.012
1 0.887 0.081 0.005 0.014
1 0.830 0.060 0.010 0.014
0 0.887 0.997 0.007 0.006
0 0.825 0.972 0.010 0.015
0 0.812 0.949 0.006 0.011
0 0.237 0.947 0.008 0.010
0 0.890 0.916 0.006 0.008
0 0.679 0.914 0.013 0.017
0 0.861 0.873 0.005 0.008
0 0.257 0.869 0.008 0.015
0 0.791 0.859 0.008 0.012
0 0.887 0.788 0.008 0.011
0 0.923 0.678 0.005 0.008
0 0.266 0.475 0.009 0.015
0 0.431 0.355 0.010 0.022
0 0.309 0.346 0.008 0.013
0 0.457 0.329 0.010 0.013
0 0.815 0.294 0.006 0.009
0 0.452 0.226 0.010 0.016
0 0.499 0.125 0.008 0.016
0 0.592 0.085 0.009 0.013
4 0.494 0.849 0.236 0.303
