2 0.977 0.547 0.022 0.057
2 0.729 0.467 0.043 0.038
2 0.935 0.442 0.026 0.058
2 0.984 0.403 0.020 0.038
2 0.806 0.456 0.108 0.152
2 0.476 0.329 0.021 0.039
2 0.651 0.220 0.168 0.268
1 0.541 0.880 0.008 0.012
1 0.866 0.783 0.007 0.011
1 0.899 0.627 0.015 0.018
1 0.921 0.626 0.022 0.022
1 0.910 0.608 0.007 0.015
1 0.922 0.602 0.007 0.016
1 0.934 0.347 0.010 0.019
1 0.888 0.317 0.021 0.014
1 0.874 0.297 0.017 0.027
1 0.925 0.287 0.028 0.029
1 0.170 0.268 0.011 0.011
1 0.898 0.268 0.015 0.027
1 0.854 0.264 0.025 0.023
1 0.922 0.255 0.010 0.016
1 0.877 0.260 0.017 0.031
1 0.993 0.244 0.008 0.007
1 0.825 0.224 0.008 0.013
1 0.848 0.218 0.021 0.027
1 0.997 0.211 0.006 0.016
1 0.871 0.211 0.020 0.027
1 0.926 0.201 0.005 0.008
1 0.827 0.192 0.004 0.008
1 0.848 0.189 0.029 0.026
1 0.941 0.213 0.118 0.083
1 0.874 0.180 0.020 0.023
1 0.786 0.173 0.027 0.016
1 0.917 0.173 0.064 0.045
1 0.896 0.149 0.007 0.008
1 0.287 0.143 0.006 0.011
1 0.996 0.127 0.008 0.025
1 0.986 0.101 0.009 0.009
1 0.935 0.081 0.004 0.006
1 0.923 0.076 0.005 0.006
1 0.980 0.060 0.010 0.017
1 0.976 0.045 0.008 0.010
1 0.997 0.045 0.007 0.011
1 0.975 0.031 0.011 0.009
1 0.997 0.009 0.006 0.010
1 0.989 0.000 0.002 0.001
1 0.878 0.001 0.009 0.003
1 0.878 0.096 0.234 0.192
0 0.930 0.751 0.014 0.022
0 1.000 0.722 0.001 0.011
0 0.887 0.533 0.011 0.016
0 0.995 0.438 0.008 0.013
0 0.295 0.361 0.009 0.015
0 0.896 0.349 0.010 0.016
0 0.991 0.317 0.008 0.011
0 0.614 0.054 0.010 0.016
4 0.512 0.071 0.208 0.143
3 0.616 0.243 0.043 0.082
