0 0.628265 0.967170 0.005597 0.008076
0 0.683419 0.916784 0.006763 0.009129
0 0.723997 0.883427 0.006297 0.009831
0 0.771572 0.767381 0.006297 0.010183
0 0.162080 0.703125 0.005131 0.008076
0 0.543610 0.672402 0.006530 0.011236
0 0.529035 0.652739 0.005830 0.013343
0 0.650770 0.618153 0.006297 0.008076
0 0.525653 0.564607 0.005597 0.007725
0 0.398904 0.541433 0.005364 0.009129
0 0.339319 0.456812 0.006530 0.008427
0 0.651936 0.200667 0.005830 0.008778
0 0.215718 0.177317 0.005131 0.011236
0 0.660681 0.152212 0.007463 0.010885
0 0.638060 0.133427 0.006063 0.007725
1 0.584305 0.919593 0.025420 0.011236
1 0.625700 0.916959 0.011660 0.007374
1 0.554688 0.912395 0.010028 0.019312
1 0.340135 0.905372 0.005830 0.008778
1 0.715718 0.905197 0.010261 0.019663
1 0.768773 0.834796 0.018424 0.026334
1 0.675373 0.811271 0.015858 0.022121
1 0.263876 0.774579 0.005830 0.009831
1 0.319613 0.769838 0.005364 0.008076
1 0.134562 0.745084 0.010728 0.016152
1 0.587803 0.693820 0.008162 0.011938
1 0.750350 0.661517 0.006297 0.012640
1 0.405084 0.656601 0.028918 0.033708
1 0.091185 0.607619 0.006530 0.015801
1 0.376632 0.580407 0.018657 0.032303
1 0.724114 0.556531 0.010728 0.011938
1 0.420826 0.471910 0.008629 0.027388
1 0.363806 0.414326 0.019590 0.008427
1 0.455574 0.412921 0.011894 0.012640
1 0.573927 0.292486 0.007463 0.009831
1 0.748484 0.288097 0.007696 0.015098
1 0.678288 0.267732 0.011427 0.010183
1 0.627449 0.235077 0.010028 0.011587
1 0.501283 0.187149 0.006763 0.014045
1 0.481576 0.181180 0.010728 0.012640
1 0.453125 0.165379 0.013060 0.025983
1 0.614855 0.134831 0.016091 0.024579
1 0.590368 0.113764 0.010961 0.015449
1 0.652868 0.114817 0.028218 0.030899
1 0.602612 0.100421 0.016791 0.013343
1 0.569263 0.096383 0.031250 0.027037
2 0.653918 0.967170 0.005597 0.011587
2 0.667677 0.957163 0.016325 0.018258
2 0.533465 0.870435 0.005830 0.009129
2 0.537313 0.861482 0.008396 0.008076
2 0.646805 0.828652 0.007696 0.011938
2 0.689832 0.781426 0.010261 0.010885
2 0.678288 0.780723 0.006763 0.011587
2 0.682020 0.769663 0.007696 0.006320
2 0.687034 0.765976 0.007463 0.008778
2 0.666861 0.764923 0.006763 0.008076
2 0.678521 0.762816 0.004431 0.009480
2 0.690765 0.761060 0.006063 0.008778
2 0.625350 0.646594 0.012826 0.027037
2 0.397505 0.600597 0.009562 0.013694
2 0.401702 0.582514 0.008629 0.007725
2 0.409398 0.565836 0.008162 0.009480
2 0.491954 0.557935 0.005364 0.011236
2 0.499184 0.556706 0.011427 0.012289
2 0.493703 0.546699 0.005597 0.010534
2 0.486124 0.547051 0.007696 0.016152
2 0.516325 0.531074 0.006530 0.015098
2 0.501866 0.506145 0.006996 0.008076
2 0.142724 0.500527 0.010728 0.012992
2 0.505364 0.486131 0.004664 0.010183
2 0.477729 0.474544 0.008162 0.011587
2 0.138993 0.469452 0.008862 0.015449
2 0.492071 0.464712 0.005131 0.009480
2 0.469333 0.464712 0.012360 0.015098
2 0.685168 0.453476 0.006530 0.012289
2 0.631530 0.457338 0.011194 0.022823
2 0.726096 0.447858 0.007229 0.007374
2 0.679571 0.447683 0.008862 0.011938
2 0.476912 0.446103 0.007463 0.009480
2 0.585121 0.447858 0.006530 0.013694
2 0.696828 0.444698 0.006063 0.010885
2 0.142607 0.446103 0.009095 0.014396
2 0.715252 0.443294 0.006996 0.010183
2 0.593517 0.440485 0.005597 0.007374
2 0.459188 0.445751 0.015858 0.019312
2 0.700560 0.438729 0.006530 0.007374
2 0.497318 0.443820 0.014692 0.032303
2 0.511544 0.434691 0.003965 0.016152
2 0.689132 0.435569 0.011660 0.019312
2 0.720732 0.425913 0.005364 0.007725
2 0.475863 0.429600 0.010961 0.015098
2 0.526119 0.446278 0.019590 0.049157
2 0.656367 0.440660 0.015625 0.040730
2 0.430854 0.423982 0.017491 0.019312
2 0.643773 0.418013 0.007696 0.008076
2 0.485308 0.418890 0.008862 0.009831
2 0.670009 0.432233 0.011194 0.040028
2 0.679921 0.418188 0.010028 0.015449
2 0.425840 0.409586 0.008862 0.010183
2 0.711404 0.406952 0.007696 0.012640
2 0.512010 0.412570 0.010028 0.025281
2 0.485075 0.401159 0.006063 0.009480
2 0.477262 0.399579 0.006763 0.006320
2 0.572411 0.405723 0.008629 0.019312
2 0.539412 0.408708 0.011194 0.028090
2 0.421175 0.401510 0.009328 0.015098
2 0.753731 0.399228 0.007929 0.012640
2 0.739156 0.391678 0.006297 0.006671
2 0.580574 0.394312 0.010494 0.014747
2 0.566698 0.392907 0.008396 0.011938
2 0.557836 0.389221 0.005131 0.009480
2 0.480061 0.389747 0.009095 0.011938
2 0.677472 0.389923 0.017724 0.021419
2 0.597015 0.389045 0.008396 0.023174
2 0.498018 0.394487 0.017957 0.038975
2 0.557603 0.379038 0.005597 0.008778
2 0.654618 0.383251 0.013060 0.020716
2 0.732160 0.386236 0.014226 0.029494
2 0.709538 0.373596 0.007229 0.008427
2 0.603545 0.368855 0.006063 0.008076
2 0.556786 0.365520 0.004897 0.009129
2 0.612174 0.378511 0.012593 0.036517
2 0.699277 0.361482 0.005364 0.008076
2 0.576726 0.364115 0.005597 0.014045
2 0.704408 0.363940 0.008629 0.016503
2 0.554104 0.357619 0.008396 0.010885
2 0.426889 0.366046 0.013293 0.029846
2 0.625700 0.360253 0.012127 0.020365
2 0.716301 0.363764 0.016091 0.032303
2 0.735075 0.358497 0.016325 0.025281
2 0.576259 0.351124 0.005597 0.011938
2 0.566814 0.356390 0.006763 0.025281
2 0.747435 0.345506 0.006530 0.009831
2 0.764459 0.353933 0.010261 0.028792
2 0.725163 0.340590 0.006763 0.007022
2 0.491838 0.356039 0.016325 0.037921
2 0.685051 0.342346 0.005364 0.012640
2 0.606693 0.351124 0.028218 0.030197
2 0.610774 0.338834 0.013526 0.014747
2 0.519823 0.335323 0.006063 0.007725
2 0.449743 0.336201 0.004431 0.010183
2 0.593517 0.334445 0.007929 0.010885
2 0.546525 0.340239 0.025420 0.023174
2 0.436684 0.343399 0.013293 0.029494
2 0.445662 0.331636 0.005597 0.008778
2 0.499067 0.333392 0.013526 0.021419
2 0.458722 0.324614 0.004664 0.009480
2 0.554104 0.314958 0.007929 0.011236
2 0.591301 0.311447 0.007229 0.014045
2 0.600630 0.303722 0.006297 0.007022
2 0.518190 0.314782 0.021922 0.033357
2 0.611124 0.313729 0.023554 0.034059
2 0.586521 0.300386 0.006996 0.011587
2 0.605644 0.293013 0.005131 0.008076
2 0.617071 0.296173 0.011660 0.018610
2 0.628498 0.292135 0.005597 0.016854
2 0.590368 0.279670 0.006297 0.011587
2 0.611824 0.274403 0.008629 0.010885
2 0.651819 0.274930 0.010261 0.016854
2 0.613689 0.252985 0.005830 0.008778
2 0.648904 0.249298 0.006763 0.009129
2 0.604478 0.247015 0.012127 0.010885
2 0.619869 0.225070 0.006530 0.012640
2 0.644240 0.220330 0.006763 0.010885
2 0.627215 0.204003 0.012826 0.033006
2 0.536730 0.099719 0.005830 0.008427
2 0.531017 0.087079 0.004664 0.011236
2 0.539646 0.085850 0.011660 0.015098
2 0.735891 0.074789 0.006763 0.007725
2 0.690415 0.159937 0.022155 0.066362
