2 0.671 0.546 0.008 0.013
2 0.648 0.492 0.004 0.006
2 0.514 0.491 0.005 0.007
2 0.680 0.484 0.007 0.009
2 0.648 0.469 0.005 0.006
2 0.977 0.458 0.003 0.006
2 0.670 0.447 0.004 0.008
2 0.590 0.439 0.004 0.005
2 0.983 0.441 0.007 0.010
2 0.998 0.428 0.004 0.008
2 0.725 0.431 0.014 0.015
2 0.596 0.420 0.007 0.009
2 0.672 0.412 0.009 0.014
2 0.613 0.405 0.013 0.018
2 0.662 0.394 0.005 0.008
2 0.957 0.386 0.007 0.019
2 0.933 0.380 0.013 0.016
2 0.976 0.374 0.005 0.017
2 0.259 0.359 0.005 0.011
2 0.917 0.350 0.008 0.010
2 0.916 0.327 0.004 0.011
2 0.864 0.321 0.005 0.008
2 0.372 0.318 0.004 0.006
2 0.936 0.309 0.007 0.016
2 0.958 0.307 0.013 0.015
2 0.288 0.291 0.006 0.013
2 0.897 0.284 0.004 0.006
2 0.998 0.272 0.003 0.007
2 0.981 0.280 0.014 0.028
2 0.210 0.240 0.005 0.008
2 0.633 0.207 0.024 0.032
2 0.662 0.188 0.025 0.038
2 0.649 0.170 0.009 0.011
2 0.476 0.134 0.006 0.009
2 0.423 0.103 0.006 0.008
2 0.225 0.102 0.005 0.009
2 0.351 0.055 0.012 0.015
2 0.357 0.040 0.012 0.013
2 0.293 0.039 0.007 0.011
2 0.320 0.021 0.007 0.012
2 0.577 0.019 0.009 0.012
2 0.369 0.022 0.015 0.018
2 0.589 0.013 0.008 0.006
2 0.661 0.036 0.153 0.072
2 0.599 0.003 0.015 0.006
1 0.688 0.796 0.026 0.021
1 0.705 0.790 0.020 0.026
1 0.687 0.728 0.016 0.048
1 0.622 0.695 0.017 0.024
1 0.506 0.673 0.012 0.011
1 0.990 0.352 0.019 0.033
1 0.816 0.182 0.011 0.022
1 0.336 0.031 0.014 0.025
0 0.907 0.958 0.009 0.011
0 0.435 0.835 0.004 0.006
0 0.438 0.807 0.004 0.009
0 0.362 0.756 0.007 0.010
0 0.385 0.718 0.007 0.010
0 0.394 0.683 0.004 0.006
0 0.409 0.674 0.005 0.011
0 0.867 0.674 0.007 0.012
0 0.405 0.663 0.004 0.006
0 0.847 0.637 0.006 0.008
0 0.347 0.635 0.005 0.010
0 0.662 0.614 0.006 0.008
0 0.922 0.611 0.004 0.005
0 0.462 0.564 0.004 0.007
0 0.970 0.500 0.003 0.006
0 0.782 0.502 0.009 0.011
0 0.687 0.496 0.012 0.015
0 0.875 0.487 0.007 0.013
0 0.386 0.479 0.007 0.011
0 0.684 0.461 0.006 0.008
0 0.886 0.455 0.007 0.016
0 0.256 0.453 0.007 0.012
0 0.423 0.311 0.015 0.017
0 0.507 0.315 0.016 0.026
0 0.342 0.293 0.007 0.013
0 0.351 0.242 0.007 0.013
0 0.899 0.236 0.010 0.020
0 0.829 0.230 0.007 0.013
0 0.768 0.231 0.015 0.022
0 0.269 0.212 0.004 0.008
0 0.222 0.174 0.006 0.008
0 0.215 0.162 0.004 0.004
0 0.503 0.094 0.006 0.008
0 0.298 0.088 0.006 0.010
0 0.334 0.080 0.004 0.009
0 0.355 0.068 0.007 0.011
0 0.338 0.054 0.003 0.004
0 0.330 0.046 0.004 0.008
0 0.482 0.041 0.005 0.007
0 0.472 0.039 0.007 0.011
0 0.375 0.000 0.003 0.001
3 0.724 0.743 0.067 0.077
3 0.766 0.723 0.032 0.062
3 0.304 0.702 0.056 0.118
3 0.924 0.037 0.057 0.074
