2 0.163 0.631 0.055 0.074
1 0.091 0.995 0.014 0.010
1 0.012 0.990 0.004 0.006
1 0.064 0.949 0.005 0.010
1 0.013 0.964 0.027 0.059
1 0.249 0.922 0.005 0.007
1 0.056 0.921 0.004 0.008
1 0.209 0.908 0.005 0.012
1 0.063 0.898 0.004 0.006
1 0.000 0.895 0.001 0.006
1 0.008 0.851 0.004 0.006
1 0.064 0.851 0.005 0.008
1 0.012 0.831 0.010 0.012
1 0.063 0.671 0.007 0.010
1 0.295 0.533 0.005 0.010
1 0.146 0.391 0.005 0.010
1 0.144 0.368 0.005 0.006
1 0.151 0.354 0.004 0.008
0 0.433 0.954 0.008 0.012
0 0.596 0.910 0.006 0.009
0 0.565 0.846 0.005 0.008
0 0.237 0.790 0.005 0.006
0 0.170 0.757 0.007 0.013
0 0.215 0.546 0.009 0.016
0 0.274 0.502 0.006 0.008
0 0.180 0.487 0.003 0.004
0 0.162 0.460 0.006 0.009
0 0.132 0.351 0.012 0.016
