2 0.451 0.999 0.003 0.001
2 0.431 0.997 0.006 0.006
2 0.096 0.996 0.004 0.007
2 0.310 0.987 0.010 0.015
2 0.023 0.978 0.007 0.009
2 0.442 0.986 0.018 0.027
2 0.292 0.975 0.005 0.007
2 0.291 0.963 0.004 0.006
2 0.418 0.973 0.031 0.054
2 0.299 0.949 0.013 0.013
2 0.392 0.950 0.016 0.020
2 0.398 0.938 0.007 0.014
2 0.401 0.926 0.004 0.006
2 0.315 0.921 0.004 0.006
2 0.263 0.959 0.056 0.081
2 0.349 0.926 0.011 0.017
2 0.413 0.920 0.006 0.009
2 0.425 0.912 0.014 0.018
2 0.395 0.908 0.015 0.014
2 0.251 0.906 0.006 0.011
2 0.390 0.897 0.005 0.008
2 0.197 0.896 0.006 0.008
2 0.302 0.889 0.004 0.006
2 0.363 0.914 0.029 0.067
2 0.317 0.889 0.023 0.023
2 0.193 0.875 0.004 0.008
2 0.311 0.875 0.008 0.013
2 0.303 0.869 0.004 0.006
2 0.119 0.840 0.004 0.007
2 0.396 0.864 0.060 0.074
2 0.140 0.823 0.009 0.018
2 0.335 0.836 0.051 0.062
2 0.279 0.852 0.040 0.096
2 0.220 0.851 0.069 0.098
2 0.292 0.801 0.009 0.010
2 0.329 0.792 0.010 0.008
2 0.656 0.781 0.008 0.009
2 0.516 0.775 0.006 0.008
2 0.622 0.756 0.009 0.013
2 0.514 0.754 0.032 0.034
2 0.476 0.739 0.018 0.025
2 0.496 0.732 0.007 0.014
2 0.487 0.725 0.009 0.011
2 0.504 0.721 0.010 0.010
2 0.285 0.718 0.005 0.008
2 0.544 0.679 0.014 0.015
2 0.331 0.640 0.007 0.014
2 0.011 0.552 0.013 0.037
2 0.022 0.515 0.005 0.006
2 0.007 0.502 0.015 0.030
2 0.011 0.478 0.009 0.011
2 0.493 0.468 0.006 0.008
2 0.000 0.458 0.001 0.007
2 0.541 0.340 0.004 0.006
2 0.479 0.329 0.005 0.007
2 0.519 0.210 0.007 0.008
2 0.195 0.150 0.009 0.014
2 0.452 0.127 0.006 0.009
1 0.312 1.000 0.003 0.001
1 0.364 0.997 0.005 0.006
1 0.307 0.997 0.006 0.006
1 0.430 0.821 0.017 0.014
1 0.629 0.791 0.013 0.025
1 0.082 0.521 0.011 0.037
1 0.172 0.460 0.030 0.055
1 0.092 0.263 0.017 0.015
0 0.383 0.981 0.005 0.008
0 0.160 0.936 0.008 0.013
0 0.119 0.926 0.006 0.010
0 0.497 0.821 0.007 0.011
0 0.328 0.755 0.009 0.013
0 0.079 0.745 0.011 0.016
0 0.334 0.734 0.010 0.014
0 0.289 0.717 0.005 0.007
0 0.027 0.709 0.007 0.011
0 0.348 0.702 0.012 0.015
0 0.292 0.691 0.006 0.007
0 0.216 0.571 0.007 0.010
0 0.074 0.552 0.007 0.011
0 0.164 0.522 0.007 0.011
0 0.048 0.462 0.007 0.009
0 0.134 0.423 0.008 0.011
