2 0.349 0.568 0.005 0.006
2 0.621 0.558 0.007 0.010
2 0.704 0.554 0.012 0.008
2 0.699 0.540 0.022 0.008
2 0.576 0.537 0.006 0.004
2 0.513 0.535 0.011 0.006
2 0.627 0.535 0.011 0.011
2 0.539 0.528 0.013 0.006
2 0.499 0.527 0.010 0.004
2 0.571 0.532 0.056 0.021
2 0.663 0.521 0.008 0.005
2 0.693 0.519 0.015 0.010
2 1.044 0.517 0.015 0.007
2 0.413 0.514 0.007 0.005
2 0.509 0.512 0.013 0.011
2 0.463 0.510 0.006 0.009
2 0.659 0.508 0.012 0.007
2 0.476 0.505 0.007 0.007
2 0.673 0.508 0.015 0.012
2 0.626 0.498 0.013 0.007
2 0.499 0.492 0.007 0.004
2 0.632 0.488 0.008 0.006
2 0.656 0.493 0.031 0.020
2 0.541 0.478 0.013 0.008
2 0.559 0.477 0.022 0.011
2 0.520 0.475 0.019 0.018
2 0.534 0.468 0.011 0.007
2 0.503 0.470 0.013 0.011
2 0.584 0.456 0.027 0.010
2 0.531 0.451 0.006 0.005
2 0.644 0.460 0.020 0.027
2 0.665 0.450 0.010 0.009
2 0.542 0.449 0.007 0.006
2 0.501 0.443 0.008 0.005
2 0.534 0.439 0.008 0.007
2 0.324 0.447 0.027 0.027
2 0.519 0.436 0.009 0.005
2 0.549 0.439 0.010 0.012
2 0.383 0.432 0.007 0.005
2 0.326 0.429 0.019 0.016
2 0.351 0.435 0.031 0.031
2 0.419 0.420 0.022 0.016
2 0.442 0.411 0.008 0.006
2 0.366 0.414 0.018 0.012
2 0.548 0.414 0.024 0.017
2 0.479 0.394 0.012 0.006
2 0.843 0.388 0.007 0.005
2 0.446 0.393 0.017 0.020
2 0.501 0.382 0.012 0.007
2 0.476 0.381 0.015 0.010
2 0.406 0.376 0.014 0.009
2 0.514 0.372 0.008 0.005
2 0.446 0.371 0.015 0.016
2 0.395 0.366 0.006 0.006
2 0.428 0.369 0.017 0.014
2 0.685 0.364 0.011 0.008
2 0.480 0.363 0.010 0.008
2 0.315 0.387 0.074 0.066
2 0.656 0.354 0.015 0.006
2 0.374 0.354 0.012 0.007
2 0.527 0.347 0.009 0.006
2 0.516 0.344 0.008 0.005
2 0.567 0.372 0.072 0.063
2 0.635 0.340 0.009 0.006
2 0.379 0.340 0.011 0.006
2 0.427 0.349 0.055 0.024
2 0.560 0.337 0.004 0.002
2 0.273 0.344 0.019 0.018
2 0.332 0.338 0.009 0.007
2 0.294 0.345 0.026 0.024
2 0.565 0.333 0.007 0.002
2 0.709 0.334 0.007 0.007
2 0.213 0.334 0.011 0.008
2 0.534 0.335 0.023 0.011
2 0.227 0.331 0.006 0.003
2 0.554 0.330 0.005 0.003
2 0.693 0.328 0.019 0.008
2 0.662 0.327 0.009 0.008
2 0.560 0.322 0.006 0.003
2 0.606 0.329 0.029 0.023
2 0.882 0.320 0.008 0.006
2 0.828 0.319 0.006 0.004
2 0.735 0.322 0.011 0.010
2 0.646 0.319 0.010 0.007
2 0.712 0.319 0.013 0.009
2 0.506 0.316 0.007 0.005
2 0.685 0.319 0.034 0.012
2 0.578 0.313 0.007 0.005
2 0.916 0.312 0.007 0.006
2 0.906 0.311 0.009 0.007
2 0.364 0.308 0.011 0.007
2 0.597 0.305 0.006 0.003
2 0.339 0.303 0.007 0.003
2 0.892 0.299 0.008 0.003
2 0.339 0.298 0.004 0.002
2 0.508 0.300 0.009 0.009
2 0.412 0.303 0.019 0.017
2 0.593 0.296 0.010 0.010
2 0.590 0.290 0.006 0.004
2 0.594 0.283 0.004 0.002
2 0.251 0.299 0.028 0.036
2 0.619 0.298 0.037 0.036
2 0.520 0.281 0.007 0.004
2 0.491 0.279 0.006 0.005
2 0.507 0.279 0.006 0.005
2 0.670 0.290 0.029 0.030
2 0.686 0.271 0.009 0.007
2 0.602 0.266 0.015 0.011
2 0.583 0.260 0.008 0.003
2 0.548 0.281 0.061 0.049
2 0.738 0.262 0.033 0.014
2 0.292 0.258 0.009 0.006
2 0.712 0.257 0.017 0.010
2 0.449 0.244 0.017 0.011
2 0.397 0.241 0.013 0.008
2 0.374 0.238 0.015 0.008
2 0.894 0.238 0.009 0.009
2 0.717 0.236 0.011 0.008
2 0.815 0.229 0.016 0.009
2 0.368 0.227 0.013 0.009
2 0.580 0.211 0.025 0.013
2 0.742 0.205 0.007 0.003
2 0.463 0.205 0.009 0.004
2 0.545 0.202 0.011 0.007
2 0.599 0.201 0.009 0.006
2 0.485 0.194 0.008 0.005
2 0.587 0.195 0.008 0.006
2 0.745 0.194 0.013 0.008
2 0.518 0.200 0.023 0.018
2 0.646 0.191 0.011 0.010
2 0.629 0.188 0.010 0.005
2 0.528 0.182 0.012 0.008
2 0.603 0.182 0.017 0.012
2 0.659 0.178 0.013 0.006
2 0.642 0.178 0.012 0.007
2 0.510 0.176 0.014 0.010
2 0.594 0.169 0.015 0.010
2 0.529 0.168 0.012 0.010
2 0.512 0.162 0.014 0.009
2 0.333 0.157 0.008 0.007
2 0.490 0.154 0.022 0.010
2 0.565 0.147 0.008 0.006
2 0.422 0.135 0.009 0.004
1 0.403 0.646 0.008 0.004
1 0.951 0.639 0.043 0.016
1 0.811 0.626 0.012 0.005
1 0.714 0.598 0.019 0.008
1 0.877 0.596 0.022 0.015
1 0.783 0.589 0.012 0.010
1 0.451 0.465 0.013 0.006
1 0.383 0.464 0.008 0.013
1 0.640 0.390 0.023 0.021
1 0.388 0.374 0.020 0.009
1 0.873 0.373 0.024 0.012
1 0.772 0.313 0.015 0.011
1 0.545 0.256 0.021 0.013
1 0.861 0.250 0.027 0.014
1 0.248 0.250 0.021 0.016
1 0.660 0.246 0.060 0.018
1 0.280 0.229 0.027 0.025
1 0.306 0.217 0.014 0.012
1 0.335 0.209 0.022 0.022
1 0.429 0.188 0.027 0.024
1 0.409 0.169 0.027 0.021
1 0.177 0.160 0.031 0.039
1 0.315 0.106 0.023 0.010
1 0.275 0.080 0.015 0.012
1 0.385 0.064 0.072 0.034
0 0.771 0.652 0.009 0.006
0 0.784 0.648 0.008 0.008
0 0.915 0.620 0.009 0.006
0 0.909 0.611 0.007 0.005
0 0.576 0.610 0.009 0.006
0 0.903 0.603 0.010 0.006
0 0.301 0.598 0.005 0.004
0 0.330 0.592 0.012 0.007
0 0.555 0.569 0.008 0.005
0 0.577 0.552 0.007 0.004
0 0.353 0.540 0.010 0.007
0 0.597 0.536 0.009 0.005
0 0.349 0.502 0.009 0.007
0 0.746 0.486 0.009 0.005
0 0.816 0.476 0.013 0.009
0 0.434 0.462 0.010 0.006
0 0.407 0.461 0.006 0.004
0 0.471 0.462 0.009 0.007
0 0.393 0.461 0.007 0.004
0 0.707 0.427 0.009 0.006
0 0.907 0.392 0.013 0.007
0 0.615 0.386 0.013 0.005
0 0.907 0.381 0.011 0.008
0 0.354 0.373 0.010 0.007
0 0.500 0.372 0.011 0.007
0 0.462 0.348 0.012 0.008
0 1.256 0.339 0.011 0.007
0 0.401 0.332 0.007 0.003
0 0.500 0.330 0.007 0.006
0 0.288 0.329 0.012 0.007
0 0.402 0.322 0.007 0.006
0 0.432 0.312 0.006 0.003
0 0.843 0.307 0.007 0.005
0 0.762 0.306 0.007 0.005
0 0.403 0.305 0.008 0.006
0 0.211 0.305 0.013 0.009
0 0.858 0.299 0.009 0.005
0 0.199 0.293 0.009 0.007
0 0.734 0.283 0.010 0.006
0 0.362 0.278 0.013 0.005
0 0.426 0.277 0.010 0.009
0 0.320 0.264 0.009 0.006
0 0.443 0.234 0.013 0.010
0 0.458 0.223 0.017 0.006
0 0.610 0.214 0.009 0.006
0 0.382 0.199 0.014 0.010
0 0.200 0.143 0.010 0.007
0 1.104 0.115 0.012 0.010
0 1.141 0.102 0.008 0.007
0 1.133 0.099 0.006 0.003
0 1.042 0.058 0.013 0.010
0 0.712 0.047 0.009 0.005
0 0.585 0.017 0.019 0.011
0 0.660 0.014 0.013 0.007
4 1.111 0.301 0.191 0.144
