0 0.446245 0.310042 0.007229 0.011938
1 0.161264 0.823385 0.024953 0.044944
1 0.548274 0.796524 0.009795 0.012992
1 0.567631 0.787746 0.022388 0.022823
1 0.552239 0.706812 0.013060 0.028090
1 0.168960 0.652212 0.010961 0.016503
1 0.147854 0.568294 0.012593 0.022121
1 0.659865 0.268258 0.017024 0.029494
1 0.559701 0.207338 0.009795 0.012289
1 0.397038 0.148876 0.016558 0.016152
1 0.204874 0.131847 0.009095 0.015801
1 0.562617 0.016503 0.010028 0.017556
2 0.455224 0.844628 0.009795 0.010885
2 0.462920 0.795997 0.008396 0.021770
2 0.484492 0.789677 0.009562 0.018258
2 0.471898 0.796348 0.012360 0.035815
2 0.458489 0.781426 0.009328 0.011587
2 0.485308 0.769312 0.008862 0.009831
2 0.472365 0.771594 0.016091 0.015801
2 0.454524 0.758427 0.008396 0.020365
2 0.492071 0.748771 0.017257 0.022823
2 0.228428 0.726124 0.011427 0.013343
2 0.472715 0.706636 0.014459 0.021419
2 0.489855 0.698912 0.009095 0.010885
2 0.549674 0.693820 0.008396 0.018961
2 0.545592 0.684691 0.008162 0.011236
2 0.479011 0.688027 0.010728 0.020014
2 0.529035 0.684691 0.010494 0.014747
2 0.468167 0.678020 0.011427 0.021067
2 0.573461 0.665906 0.010728 0.011587
2 0.583605 0.663272 0.008162 0.012640
2 0.511894 0.676088 0.022388 0.041784
2 0.265625 0.660463 0.010728 0.012640
2 0.226679 0.658883 0.006996 0.013694
2 0.482160 0.661517 0.010961 0.030899
2 0.395872 0.672402 0.041278 0.056180
2 0.543260 0.657303 0.022155 0.030197
2 0.526936 0.647823 0.010028 0.011236
2 0.602729 0.653090 0.017957 0.025983
2 0.589436 0.643083 0.006763 0.022823
2 0.557836 0.637289 0.011194 0.018961
2 0.498368 0.640274 0.017724 0.029143
2 0.616488 0.630794 0.012826 0.019312
2 0.250700 0.630969 0.008862 0.023174
2 0.578358 0.620962 0.010261 0.017907
2 0.599930 0.617275 0.010028 0.013343
2 0.479478 0.617100 0.012593 0.013694
2 0.423507 0.637640 0.034515 0.056180
2 0.510028 0.616046 0.008396 0.015801
2 0.283699 0.618855 0.009095 0.022121
2 0.547575 0.622191 0.016325 0.036517
2 0.262010 0.611482 0.008629 0.017205
2 0.521922 0.627809 0.031716 0.054073
2 0.496968 0.606742 0.011660 0.018961
2 0.566581 0.605688 0.013293 0.019663
2 0.511311 0.601826 0.005830 0.015449
2 0.620452 0.593926 0.007229 0.014396
2 0.612873 0.591468 0.009328 0.014396
2 0.526586 0.585323 0.014925 0.015449
2 0.546642 0.586201 0.009328 0.019312
2 0.592817 0.582865 0.012593 0.013343
2 0.567514 0.582690 0.007229 0.014396
2 0.537197 0.580934 0.006763 0.015801
2 0.078125 0.575492 0.007929 0.013343
2 0.563316 0.575843 0.008162 0.014747
2 0.288946 0.565660 0.010261 0.020365
2 0.070662 0.562324 0.009328 0.020716
2 0.581273 0.557409 0.007696 0.012992
2 0.161847 0.544593 0.008396 0.010534
2 0.267957 0.545295 0.015392 0.014747
2 0.378615 0.518434 0.006297 0.013694
2 0.372318 0.454529 0.007229 0.016503
2 0.382812 0.459270 0.006297 0.028090
2 0.171992 0.432409 0.015159 0.012289
2 0.189832 0.423455 0.008862 0.011938
2 0.177589 0.416081 0.016091 0.016152
3 0.727612 0.584796 0.110075 0.194171
