2 0.466 0.356 0.014 0.020
2 0.370 0.211 0.042 0.024
2 0.438 0.204 0.015 0.017
2 0.594 0.186 0.021 0.029
2 0.558 0.173 0.049 0.029
2 0.465 0.129 0.023 0.018
2 0.531 0.132 0.033 0.044
2 0.566 0.098 0.029 0.027
2 0.474 0.082 0.028 0.029
2 0.495 0.101 0.038 0.073
2 0.479 0.052 0.017 0.018
2 0.496 0.044 0.009 0.008
1 0.967 0.979 0.002 0.008
1 0.998 0.979 0.005 0.010
1 0.975 0.963 0.004 0.007
1 0.986 0.954 0.005 0.009
1 0.972 0.950 0.006 0.008
1 0.957 0.942 0.011 0.018
1 0.964 0.928 0.005 0.010
1 0.999 0.918 0.002 0.009
1 0.972 0.878 0.005 0.010
1 0.966 0.856 0.004 0.008
0 0.316 0.700 0.007 0.011
0 0.212 0.671 0.010 0.014
0 0.819 0.453 0.008 0.013
0 0.455 0.401 0.007 0.011
0 0.835 0.386 0.011 0.018
0 0.850 0.378 0.016 0.026
0 0.863 0.357 0.008 0.011
0 0.451 0.347 0.010 0.015
0 0.866 0.297 0.007 0.009
0 0.765 0.281 0.009 0.009
0 0.441 0.254 0.007 0.011
0 0.435 0.244 0.008 0.012
0 0.384 0.204 0.008 0.011
0 0.575 0.191 0.006 0.007
0 0.469 0.178 0.005 0.008
0 0.494 0.172 0.004 0.006
0 0.559 0.158 0.009 0.013
0 0.462 0.056 0.007 0.011
4 0.518 0.852 0.208 0.296
