2 0.398 1.000 0.003 0.001
2 0.318 0.997 0.009 0.006
2 0.035 0.997 0.006 0.006
2 0.389 0.996 0.003 0.007
2 0.023 0.995 0.012 0.010
2 0.388 0.988 0.002 0.006
2 0.335 0.991 0.018 0.018
2 0.386 0.980 0.002 0.004
2 0.382 0.981 0.006 0.006
2 0.037 0.983 0.014 0.018
2 0.375 0.972 0.006 0.009
2 0.096 0.971 0.008 0.013
2 0.357 0.957 0.004 0.006
2 0.020 0.959 0.023 0.027
2 0.365 0.953 0.009 0.016
2 0.059 0.972 0.030 0.055
2 0.107 0.951 0.007 0.024
2 0.398 0.954 0.012 0.037
2 0.410 0.950 0.014 0.034
2 0.051 0.934 0.004 0.009
2 0.012 0.935 0.007 0.013
2 0.126 0.929 0.005 0.008
2 0.231 0.923 0.007 0.008
2 0.415 0.919 0.008 0.011
2 0.049 0.918 0.007 0.010
2 0.140 0.917 0.005 0.011
2 0.097 0.916 0.003 0.009
2 0.102 0.915 0.007 0.013
2 0.365 0.909 0.003 0.006
2 0.349 0.915 0.013 0.020
2 0.118 0.915 0.011 0.023
2 0.209 0.903 0.009 0.015
2 0.081 0.911 0.013 0.029
2 0.315 0.895 0.007 0.007
2 0.283 0.929 0.058 0.077
2 0.130 0.902 0.023 0.028
2 0.172 0.890 0.005 0.006
2 0.227 0.899 0.028 0.037
2 0.252 0.893 0.028 0.028
2 0.052 0.881 0.007 0.008
2 0.199 0.886 0.034 0.018
2 0.377 0.880 0.009 0.008
2 0.125 0.880 0.012 0.013
2 0.312 0.874 0.003 0.006
2 0.393 0.896 0.045 0.056
2 0.302 0.870 0.006 0.011
2 0.201 0.868 0.017 0.008
2 0.101 0.884 0.025 0.040
2 0.291 0.887 0.035 0.046
2 0.312 0.865 0.005 0.008
2 0.023 0.863 0.005 0.009
2 0.008 0.863 0.009 0.011
2 0.067 0.880 0.022 0.044
2 0.218 0.863 0.009 0.013
2 0.378 0.857 0.005 0.007
2 0.040 0.853 0.005 0.007
2 0.407 0.853 0.010 0.008
2 0.097 0.852 0.005 0.007
2 0.051 0.854 0.008 0.013
2 0.292 0.850 0.004 0.007
2 0.107 0.850 0.005 0.008
2 0.385 0.848 0.005 0.008
2 0.066 0.849 0.010 0.012
2 0.028 0.846 0.005 0.007
2 0.127 0.844 0.006 0.009
2 0.292 0.838 0.006 0.008
2 0.018 0.837 0.010 0.009
2 0.334 0.873 0.034 0.091
2 0.246 0.849 0.033 0.053
2 0.095 0.828 0.008 0.011
2 0.289 0.824 0.006 0.007
2 0.277 0.836 0.015 0.034
2 0.213 0.822 0.007 0.009
2 0.055 0.831 0.012 0.028
2 0.179 0.838 0.055 0.045
2 0.306 0.832 0.021 0.037
2 0.107 0.819 0.015 0.015
2 0.192 0.813 0.007 0.004
2 0.041 0.821 0.010 0.023
2 0.034 0.812 0.004 0.006
2 0.268 0.811 0.004 0.008
2 0.058 0.810 0.004 0.006
2 0.096 0.809 0.007 0.008
2 0.293 0.807 0.005 0.009
2 0.022 0.808 0.007 0.014
2 0.349 0.805 0.010 0.013
2 0.260 0.803 0.005 0.010
2 0.073 0.808 0.014 0.020
2 0.288 0.798 0.005 0.014
2 0.307 0.801 0.014 0.022
2 0.139 0.818 0.028 0.057
2 0.258 0.789 0.007 0.008
2 0.221 0.789 0.004 0.010
2 0.039 0.787 0.004 0.004
2 0.031 0.786 0.007 0.010
2 0.002 0.785 0.005 0.008
2 0.017 0.784 0.004 0.009
2 0.307 0.779 0.002 0.004
2 0.144 0.778 0.005 0.006
2 0.267 0.779 0.004 0.011
2 0.111 0.775 0.008 0.011
2 0.245 0.773 0.011 0.016
2 0.078 0.783 0.017 0.036
2 0.096 0.782 0.011 0.040
2 0.531 0.768 0.008 0.014
2 0.285 0.765 0.005 0.008
2 0.056 0.772 0.023 0.032
2 0.307 0.763 0.007 0.014
2 0.281 0.757 0.004 0.005
2 0.133 0.757 0.005 0.009
2 0.337 0.754 0.003 0.004
2 0.249 0.754 0.010 0.011
2 0.143 0.754 0.012 0.011
2 0.271 0.762 0.023 0.029
2 0.043 0.749 0.005 0.008
2 0.269 0.739 0.005 0.008
2 0.231 0.757 0.022 0.045
2 0.296 0.729 0.003 0.006
2 0.273 0.717 0.004 0.006
2 0.031 0.742 0.029 0.058
2 0.155 0.718 0.014 0.022
2 0.013 0.720 0.026 0.042
2 0.084 0.700 0.007 0.018
2 0.201 0.745 0.069 0.112
2 0.006 0.696 0.007 0.018
2 0.028 0.702 0.012 0.030
2 0.258 0.690 0.010 0.015
2 0.136 0.684 0.006 0.011
2 0.077 0.681 0.005 0.010
2 0.159 0.690 0.020 0.030
2 0.120 0.698 0.022 0.048
2 0.109 0.687 0.007 0.027
2 0.007 0.674 0.014 0.022
2 0.086 0.667 0.008 0.011
2 0.068 0.668 0.007 0.013
2 0.223 0.664 0.003 0.006
2 0.041 0.681 0.016 0.043
2 0.023 0.670 0.014 0.022
2 0.068 0.651 0.005 0.006
2 0.220 0.652 0.006 0.013
2 0.189 0.663 0.022 0.037
2 0.134 0.655 0.019 0.022
2 0.022 0.652 0.017 0.023
2 0.229 0.644 0.005 0.011
2 0.368 0.642 0.006 0.008
2 0.218 0.633 0.004 0.007
2 0.078 0.634 0.006 0.010
2 0.001 0.636 0.003 0.018
2 0.163 0.649 0.029 0.051
2 0.354 0.625 0.008 0.008
2 0.035 0.631 0.014 0.024
2 0.097 0.627 0.010 0.020
2 0.081 0.595 0.012 0.020
2 0.148 0.576 0.016 0.018
2 0.118 0.603 0.035 0.074
2 0.214 0.568 0.006 0.013
2 0.239 0.570 0.017 0.021
2 0.093 0.573 0.013 0.029
2 0.191 0.565 0.024 0.024
2 0.270 0.552 0.024 0.029
2 0.228 0.548 0.021 0.025
2 0.165 0.537 0.041 0.039
2 0.105 0.520 0.013 0.012
2 0.201 0.509 0.011 0.016
2 0.229 0.494 0.007 0.017
2 0.135 0.493 0.035 0.037
2 0.208 0.462 0.010 0.015
2 0.142 0.456 0.009 0.020
2 0.192 0.433 0.008 0.013
2 0.155 0.434 0.007 0.015
2 0.166 0.422 0.009 0.013
2 0.486 0.355 0.007 0.013
2 0.473 0.345 0.009 0.013
1 0.481 0.962 0.028 0.048
1 0.546 0.958 0.061 0.084
1 0.384 0.818 0.012 0.023
1 0.599 0.818 0.037 0.050
1 0.587 0.736 0.037 0.061
1 0.436 0.653 0.014 0.023
1 0.200 0.532 0.006 0.016
1 0.474 0.533 0.035 0.073
1 0.362 0.216 0.013 0.025
1 0.320 0.172 0.042 0.070
0 0.250 0.927 0.008 0.011
0 0.360 0.711 0.007 0.011
0 0.485 0.704 0.011 0.013
0 0.095 0.702 0.010 0.017
0 0.411 0.685 0.007 0.010
0 0.479 0.662 0.012 0.017
0 0.252 0.638 0.007 0.009
0 0.514 0.583 0.012 0.022
0 0.527 0.571 0.010 0.014
0 0.193 0.545 0.007 0.011
0 0.166 0.498 0.005 0.007
0 0.164 0.461 0.009 0.013
0 0.388 0.458 0.009 0.019
0 0.050 0.350 0.007 0.012
0 0.087 0.335 0.014 0.018
0 0.304 0.228 0.015 0.025
0 0.343 0.217 0.006 0.006
