2 0.818 0.992 0.013 0.016
2 0.876 0.958 0.007 0.010
2 0.950 0.952 0.007 0.017
2 0.818 0.943 0.010 0.015
2 0.984 0.956 0.031 0.046
2 0.946 0.929 0.003 0.004
2 0.891 0.962 0.022 0.077
2 0.789 0.924 0.005 0.010
2 0.782 0.922 0.004 0.006
2 0.952 0.921 0.007 0.008
2 0.798 0.924 0.008 0.013
2 0.981 0.920 0.006 0.009
2 0.961 0.914 0.004 0.007
2 0.979 0.913 0.003 0.006
2 0.808 0.921 0.012 0.029
2 0.942 0.906 0.005 0.011
2 0.789 0.905 0.008 0.012
2 0.985 0.903 0.007 0.014
2 0.975 0.897 0.005 0.011
2 0.971 0.891 0.002 0.006
2 0.763 0.890 0.007 0.011
2 0.982 0.881 0.003 0.006
2 0.930 0.889 0.020 0.032
2 0.781 0.883 0.012 0.020
2 0.859 0.880 0.010 0.016
2 0.731 0.869 0.007 0.009
2 0.983 0.854 0.025 0.034
2 0.994 0.832 0.001 0.003
2 0.990 0.817 0.004 0.006
2 0.985 0.811 0.003 0.006
2 0.954 0.830 0.039 0.043
2 0.953 0.797 0.005 0.008
2 0.992 0.796 0.005 0.007
2 1.000 0.785 0.000 0.004
2 0.943 0.788 0.006 0.015
2 0.953 0.779 0.005 0.007
2 0.746 0.780 0.007 0.011
2 0.798 0.781 0.007 0.015
2 0.971 0.784 0.023 0.035
2 0.961 0.759 0.006 0.006
2 0.938 0.764 0.015 0.027
2 0.996 0.745 0.007 0.013
2 0.974 0.744 0.010 0.015
2 0.964 0.741 0.007 0.009
2 0.741 0.730 0.007 0.010
2 0.997 0.724 0.005 0.020
2 0.960 0.711 0.019 0.047
2 0.970 0.684 0.005 0.010
2 1.000 0.670 0.000 0.003
2 0.941 0.685 0.029 0.035
2 0.993 0.656 0.007 0.020
2 0.971 0.661 0.028 0.041
2 0.987 0.644 0.005 0.017
2 0.998 0.635 0.005 0.022
2 0.787 0.639 0.018 0.032
2 0.762 0.640 0.011 0.041
2 0.699 0.630 0.019 0.031
2 0.885 0.615 0.005 0.008
2 0.717 0.604 0.007 0.011
2 0.751 0.598 0.006 0.011
2 0.779 0.587 0.005 0.008
2 0.904 0.583 0.005 0.013
2 0.710 0.574 0.009 0.013
2 0.750 0.558 0.007 0.020
2 0.913 0.547 0.005 0.008
2 0.868 0.546 0.007 0.010
2 0.928 0.536 0.006 0.008
2 0.833 0.514 0.004 0.011
2 0.911 0.538 0.025 0.068
2 0.724 0.512 0.014 0.024
2 0.777 0.519 0.026 0.041
2 0.737 0.505 0.007 0.015
2 0.842 0.504 0.008 0.014
2 0.865 0.501 0.009 0.020
2 0.882 0.492 0.005 0.007
2 0.902 0.491 0.009 0.013
2 0.911 0.488 0.005 0.013
2 0.762 0.487 0.019 0.020
2 0.918 0.483 0.005 0.013
2 0.944 0.479 0.008 0.016
2 0.930 0.472 0.007 0.012
2 0.826 0.477 0.028 0.034
2 0.923 0.463 0.005 0.012
2 0.900 0.455 0.007 0.011
2 0.945 0.442 0.006 0.010
2 0.926 0.435 0.016 0.024
2 0.857 0.404 0.014 0.013
2 0.901 0.396 0.011 0.021
2 0.937 0.389 0.009 0.014
2 0.877 0.393 0.017 0.022
2 0.919 0.366 0.005 0.009
2 0.935 0.358 0.006 0.013
2 0.833 0.246 0.014 0.020
2 0.374 0.181 0.009 0.013
1 0.736 0.803 0.028 0.031
1 0.836 0.775 0.037 0.048
1 0.318 0.329 0.017 0.025
1 0.923 0.089 0.024 0.034
0 0.758 0.980 0.006 0.008
0 0.686 0.974 0.007 0.007
0 0.927 0.927 0.008 0.012
0 0.845 0.875 0.013 0.018
0 0.718 0.850 0.012 0.015
0 0.794 0.844 0.010 0.013
0 0.718 0.821 0.015 0.015
0 0.962 0.789 0.007 0.012
0 0.799 0.695 0.007 0.007
0 0.431 0.553 0.014 0.018
0 0.856 0.516 0.013 0.020
0 0.420 0.408 0.010 0.019
0 0.642 0.315 0.006 0.011
0 0.980 0.248 0.010 0.016
0 0.333 0.241 0.009 0.017
0 0.916 0.211 0.011 0.017
0 0.865 0.094 0.007 0.018
0 0.840 0.054 0.014 0.020
4 0.396 0.948 0.207 0.105
