2 0.330 0.988 0.012 0.023
2 0.841 0.919 0.017 0.016
2 0.753 0.899 0.029 0.038
2 0.829 0.211 0.010 0.019
2 0.937 0.204 0.047 0.041
1 0.374 0.998 0.005 0.004
1 0.518 0.997 0.013 0.006
1 0.382 0.996 0.007 0.008
1 0.365 0.994 0.008 0.011
1 0.306 0.991 0.006 0.006
1 0.326 0.974 0.007 0.005
1 0.502 0.974 0.014 0.018
1 0.377 0.970 0.017 0.017
1 0.778 0.966 0.006 0.011
1 0.316 0.962 0.004 0.006
1 0.291 0.974 0.017 0.047
1 0.486 0.950 0.012 0.019
1 0.309 0.946 0.009 0.016
1 0.798 0.962 0.020 0.069
1 0.898 0.928 0.017 0.015
1 0.788 0.912 0.021 0.074
1 0.906 0.882 0.008 0.018
1 0.922 0.867 0.006 0.008
1 0.908 0.865 0.004 0.011
1 0.847 0.861 0.004 0.005
1 0.789 0.856 0.003 0.006
1 0.419 0.854 0.005 0.011
1 0.873 0.850 0.008 0.010
1 0.914 0.851 0.013 0.015
1 0.413 0.841 0.004 0.007
1 0.889 0.840 0.018 0.021
1 0.820 0.831 0.012 0.015
1 0.907 0.804 0.004 0.012
1 0.859 0.819 0.029 0.058
1 0.333 0.783 0.008 0.011
1 0.809 0.683 0.004 0.007
1 0.811 0.669 0.004 0.007
1 0.483 0.214 0.010 0.015
1 0.525 0.207 0.008 0.011
1 0.493 0.171 0.013 0.013
0 0.320 0.929 0.009 0.011
0 0.727 0.922 0.006 0.009
0 0.871 0.924 0.009 0.015
0 0.831 0.880 0.007 0.012
0 0.538 0.842 0.007 0.011
0 0.555 0.798 0.010 0.014
0 0.670 0.755 0.008 0.012
0 0.460 0.741 0.006 0.011
0 0.670 0.707 0.008 0.012
0 0.964 0.378 0.006 0.011
0 0.983 0.373 0.006 0.008
0 0.983 0.357 0.011 0.014
0 0.869 0.255 0.006 0.009
0 0.594 0.153 0.012 0.019
3 0.354 0.933 0.030 0.045
3 0.377 0.838 0.056 0.105
