0 0.483848 0.600396 0.004213 0.002565
0 0.472261 0.587104 0.003511 0.002565
0 0.685218 0.583489 0.006671 0.003731
0 0.742802 0.581856 0.003862 0.002799
0 0.938729 0.569846 0.005969 0.003965
0 0.991749 0.566231 0.005267 0.003731
0 0.340239 0.556786 0.006320 0.004897
0 1.171348 0.553405 0.004916 0.003731
0 1.138518 0.540462 0.005267 0.003032
0 0.964537 0.533349 0.005618 0.003731
0 0.984726 0.513293 0.005267 0.003265
0 0.406426 0.507812 0.004565 0.003498
0 0.295997 0.492537 0.004916 0.003265
0 0.295295 0.488340 0.004916 0.002799
0 0.291081 0.478895 0.004213 0.002565
0 0.961025 0.448228 0.004213 0.003265
0 1.035639 0.412780 0.004565 0.003265
0 0.833041 0.398088 0.003862 0.002799
0 1.172577 0.372668 0.005267 0.003731
0 0.942240 0.367771 0.006671 0.004198
0 1.076194 0.350630 0.007022 0.003498
0 1.046348 0.330340 0.006320 0.004431
0 0.144487 0.320546 0.003160 0.002565
0 0.967521 0.317164 0.004565 0.003265
0 1.121138 0.265858 0.005618 0.004198
0 0.730864 0.245219 0.005267 0.003032
0 0.913448 0.234608 0.005969 0.003265
0 0.996313 0.227962 0.004565 0.002565
0 0.919944 0.221898 0.004213 0.003032
0 0.628862 0.175023 0.006320 0.003498
0 0.612711 0.090951 0.005618 0.003265
0 0.754213 0.081507 0.009129 0.004897
0 0.382900 0.066698 0.004565 0.002799
0 0.845857 0.032999 0.004916 0.003032
0 0.652388 0.020289 0.007022 0.004198
1 0.703125 0.547458 0.013694 0.011427
1 0.518961 0.078475 0.016152 0.013759
1 0.649052 0.011660 0.010885 0.008396
2 0.763869 0.544426 0.003160 0.002099
2 0.191011 0.433419 0.002809 0.001632
2 0.659235 0.400886 0.004565 0.003731
2 0.866397 0.372201 0.003160 0.002332
2 0.147472 0.297691 0.003511 0.003032
2 0.921173 0.240089 0.012289 0.005364
2 0.892556 0.237290 0.013343 0.009095
2 0.969277 0.228078 0.003160 0.001399
2 0.800386 0.074394 0.007374 0.004664
2 0.815309 0.068680 0.010534 0.007229
2 0.828125 0.056786 0.004565 0.002565
2 0.795646 0.054221 0.016152 0.007229
2 0.814958 0.046758 0.007725 0.004897
2 0.783181 0.043493 0.006671 0.007229
2 0.764396 0.041395 0.019663 0.012826
2 0.783708 0.034398 0.007022 0.005364
2 0.833041 0.009795 0.010885 0.008862
2 0.793188 0.008279 0.006320 0.005830
2 0.801264 0.003382 0.004916 0.003965
3 0.383603 0.284865 0.202598 0.142957
