2 0.991 0.726 0.018 0.026
2 0.723 0.708 0.010 0.013
2 0.993 0.680 0.003 0.004
2 0.911 0.681 0.005 0.007
2 0.508 0.637 0.012 0.020
2 0.995 0.604 0.011 0.019
2 0.951 0.404 0.004 0.008
2 0.985 0.397 0.006 0.008
2 0.980 0.389 0.003 0.006
2 0.968 0.386 0.005 0.008
2 0.957 0.373 0.011 0.015
2 0.999 0.353 0.003 0.006
2 0.999 0.341 0.002 0.008
2 0.932 0.188 0.004 0.008
2 0.926 0.172 0.006 0.009
2 0.890 0.157 0.006 0.011
2 0.910 0.162 0.013 0.022
2 0.942 0.150 0.027 0.027
2 0.911 0.102 0.003 0.004
2 0.999 0.101 0.002 0.005
2 0.927 0.102 0.011 0.012
2 0.882 0.092 0.005 0.009
2 0.999 0.088 0.002 0.008
2 0.898 0.077 0.005 0.006
2 0.896 0.066 0.006 0.013
2 0.891 0.063 0.004 0.010
2 0.867 0.033 0.004 0.010
2 0.916 0.035 0.010 0.016
2 0.968 0.078 0.056 0.113
2 0.959 0.026 0.007 0.008
2 0.894 0.001 0.006 0.003
2 0.821 0.002 0.007 0.004
1 0.735 0.014 0.011 0.016
0 0.508 0.637 0.007 0.008
0 0.500 0.582 0.012 0.019
0 0.648 0.572 0.008 0.011
0 0.645 0.520 0.009 0.018
0 0.671 0.507 0.014 0.016
0 0.668 0.471 0.008 0.011
0 0.622 0.471 0.010 0.012
0 0.618 0.443 0.011 0.012
0 0.712 0.324 0.006 0.010
0 0.701 0.269 0.002 0.004
0 0.797 0.186 0.010 0.013
0 0.621 0.108 0.006 0.011
0 0.741 0.095 0.007 0.018
0 0.623 0.071 0.006 0.013
4 0.398 0.133 0.225 0.265
