2 0.392 0.989 0.018 0.021
2 0.904 0.952 0.020 0.025
2 0.432 0.857 0.011 0.013
2 0.417 0.850 0.012 0.037
2 0.951 0.825 0.073 0.043
2 0.497 0.799 0.017 0.025
2 0.693 0.803 0.013 0.038
2 0.379 0.699 0.018 0.031
2 0.254 0.672 0.028 0.037
2 0.751 0.671 0.025 0.056
2 0.946 0.625 0.051 0.058
2 0.993 0.597 0.014 0.021
2 0.805 0.597 0.024 0.033
2 0.406 0.568 0.020 0.030
2 0.392 0.537 0.019 0.032
2 0.319 0.525 0.011 0.020
2 0.857 0.542 0.029 0.064
2 0.945 0.526 0.059 0.037
2 0.792 0.516 0.016 0.025
2 0.761 0.504 0.008 0.025
2 0.281 0.497 0.018 0.025
2 0.454 0.489 0.019 0.027
2 0.395 0.479 0.018 0.027
2 0.805 0.465 0.017 0.025
2 0.707 0.450 0.056 0.034
2 0.533 0.444 0.032 0.039
2 0.917 0.410 0.019 0.022
2 0.564 0.376 0.018 0.029
2 0.697 0.380 0.078 0.068
2 0.955 0.356 0.025 0.034
2 0.710 0.270 0.021 0.042
2 0.464 0.110 0.017 0.023
1 0.496 0.997 0.004 0.006
1 0.453 0.982 0.006 0.011
1 0.411 0.970 0.006 0.011
1 0.867 0.928 0.007 0.013
1 0.538 0.890 0.003 0.005
1 0.809 0.863 0.004 0.008
1 0.730 0.765 0.005 0.007
1 0.863 0.737 0.005 0.006
1 0.839 0.716 0.003 0.005
1 0.577 0.703 0.006 0.006
1 0.857 0.701 0.004 0.004
1 0.994 0.705 0.008 0.020
1 0.932 0.698 0.007 0.011
1 0.921 0.689 0.004 0.006
1 0.596 0.685 0.007 0.010
1 0.654 0.670 0.005 0.010
1 0.871 0.650 0.034 0.033
1 0.609 0.643 0.010 0.020
1 0.992 0.629 0.004 0.007
1 0.596 0.621 0.008 0.017
1 0.956 0.584 0.006 0.011
1 0.602 0.564 0.004 0.007
1 0.451 0.516 0.007 0.012
1 0.567 0.486 0.010 0.014
1 0.702 0.471 0.013 0.020
1 0.785 0.457 0.004 0.006
1 0.569 0.456 0.005 0.010
1 0.487 0.454 0.004 0.006
1 0.669 0.453 0.005 0.009
1 0.668 0.441 0.005 0.008
1 0.671 0.427 0.005 0.008
1 0.709 0.428 0.007 0.011
1 0.954 0.428 0.009 0.013
1 0.640 0.383 0.005 0.009
1 0.724 0.336 0.005 0.008
1 0.407 0.231 0.021 0.033
0 0.780 0.997 0.009 0.006
0 0.412 0.996 0.010 0.008
0 0.757 0.958 0.006 0.009
0 0.447 0.958 0.007 0.011
0 0.220 0.956 0.011 0.017
0 0.319 0.950 0.009 0.015
0 0.814 0.929 0.009 0.014
0 0.480 0.917 0.011 0.017
0 0.946 0.914 0.010 0.014
0 0.292 0.898 0.017 0.023
0 0.319 0.866 0.008 0.015
0 0.442 0.849 0.007 0.011
0 0.792 0.827 0.010 0.015
0 0.801 0.815 0.007 0.011
0 0.372 0.803 0.007 0.011
0 0.903 0.784 0.008 0.012
0 0.799 0.736 0.008 0.013
0 0.668 0.729 0.008 0.012
0 0.413 0.708 0.006 0.011
0 0.563 0.696 0.009 0.012
0 0.569 0.668 0.010 0.015
0 0.799 0.657 0.008 0.012
0 0.848 0.634 0.014 0.016
0 0.359 0.634 0.010 0.016
0 0.242 0.629 0.014 0.020
0 0.885 0.616 0.014 0.020
0 0.281 0.608 0.006 0.009
0 0.728 0.608 0.009 0.013
0 0.559 0.607 0.009 0.013
0 0.759 0.599 0.005 0.008
0 0.708 0.601 0.010 0.013
0 0.729 0.593 0.005 0.008
0 0.327 0.579 0.007 0.011
0 0.829 0.575 0.007 0.011
0 0.818 0.569 0.008 0.010
0 0.197 0.570 0.007 0.012
0 0.826 0.564 0.005 0.008
0 0.579 0.536 0.010 0.014
0 0.696 0.526 0.008 0.012
0 0.889 0.511 0.009 0.013
0 0.745 0.509 0.010 0.016
0 0.638 0.475 0.007 0.010
0 0.775 0.443 0.007 0.011
0 0.863 0.428 0.007 0.011
0 0.839 0.422 0.007 0.011
0 0.616 0.415 0.012 0.017
0 0.820 0.387 0.007 0.011
0 0.439 0.360 0.007 0.010
0 0.703 0.363 0.014 0.018
0 0.993 0.354 0.007 0.011
0 0.798 0.312 0.006 0.009
0 0.421 0.275 0.007 0.010
0 0.916 0.230 0.005 0.009
0 0.520 0.024 0.011 0.015
3 0.590 0.277 0.020 0.034
3 0.500 0.228 0.019 0.020
3 0.455 0.256 0.058 0.096
