2 0.502 0.815 0.007 0.007
2 0.497 0.780 0.028 0.052
2 0.527 0.661 0.021 0.018
2 0.182 0.602 0.005 0.012
2 0.159 0.532 0.016 0.016
2 0.246 0.508 0.010 0.013
2 0.176 0.498 0.008 0.013
2 0.484 0.432 0.010 0.006
2 0.229 0.397 0.006 0.015
2 0.207 0.401 0.024 0.041
2 0.220 0.357 0.008 0.011
2 0.297 0.372 0.024 0.050
2 0.582 0.109 0.045 0.078
2 0.675 0.066 0.010 0.022
1 0.688 0.974 0.006 0.006
1 0.687 0.963 0.016 0.010
1 0.704 0.948 0.007 0.007
1 0.267 0.636 0.008 0.010
1 0.424 0.620 0.010 0.017
1 0.263 0.610 0.008 0.009
1 0.210 0.594 0.006 0.007
1 0.267 0.585 0.009 0.013
1 0.226 0.577 0.004 0.005
1 0.226 0.570 0.004 0.005
1 0.218 0.569 0.006 0.006
1 0.524 0.567 0.008 0.012
1 0.219 0.563 0.004 0.006
1 0.212 0.564 0.008 0.012
1 0.528 0.555 0.007 0.008
1 0.521 0.550 0.005 0.006
1 0.545 0.547 0.003 0.005
1 0.203 0.544 0.002 0.004
1 0.555 0.537 0.003 0.004
1 0.205 0.537 0.004 0.005
1 0.519 0.537 0.010 0.010
1 0.552 0.527 0.002 0.004
1 0.329 0.524 0.002 0.004
1 0.431 0.520 0.011 0.013
1 0.417 0.512 0.005 0.007
1 0.315 0.508 0.004 0.005
1 0.423 0.507 0.010 0.016
1 0.582 0.497 0.003 0.006
1 0.441 0.503 0.021 0.019
1 0.387 0.497 0.010 0.012
1 0.397 0.496 0.005 0.015
1 0.585 0.490 0.003 0.002
1 0.585 0.478 0.005 0.006
1 0.575 0.470 0.010 0.014
1 0.559 0.463 0.008 0.008
1 0.559 0.452 0.006 0.008
1 0.328 0.441 0.006 0.006
1 0.323 0.433 0.006 0.006
1 0.358 0.417 0.003 0.004
1 0.306 0.425 0.009 0.021
1 0.432 0.409 0.005 0.006
0 0.557 0.846 0.007 0.010
0 0.498 0.827 0.006 0.009
0 0.575 0.745 0.003 0.004
0 0.572 0.735 0.004 0.006
0 0.559 0.678 0.004 0.006
0 0.575 0.670 0.002 0.004
0 0.615 0.576 0.003 0.005
0 0.618 0.564 0.004 0.005
0 0.134 0.562 0.007 0.010
0 0.188 0.560 0.005 0.008
0 0.182 0.540 0.004 0.005
0 0.226 0.527 0.007 0.011
0 0.572 0.521 0.003 0.004
0 0.201 0.521 0.004 0.007
0 0.572 0.515 0.003 0.004
0 0.556 0.507 0.003 0.006
0 0.572 0.504 0.005 0.008
0 0.570 0.498 0.003 0.004
0 0.689 0.205 0.005 0.007
0 0.703 0.195 0.005 0.007
0 0.599 0.170 0.006 0.007
0 0.313 0.112 0.006 0.009
4 0.690 0.569 0.109 0.186
3 0.650 0.900 0.028 0.024
3 0.624 0.049 0.030 0.034
