2 0.424 0.634 0.006 0.004
2 0.499 0.588 0.005 0.004
2 0.465 0.580 0.004 0.006
2 0.492 0.577 0.003 0.003
2 0.656 0.577 0.003 0.004
2 0.488 0.577 0.005 0.006
2 0.554 0.574 0.005 0.003
2 0.458 0.575 0.007 0.006
2 0.655 0.572 0.005 0.003
2 0.676 0.570 0.004 0.002
2 0.618 0.566 0.005 0.003
2 0.609 0.562 0.005 0.003
2 0.466 0.559 0.004 0.002
2 0.597 0.558 0.002 0.002
2 0.456 0.550 0.003 0.002
2 0.481 0.525 0.004 0.003
2 0.614 0.481 0.002 0.003
2 0.571 0.476 0.004 0.005
2 0.630 0.450 0.002 0.002
2 0.567 0.451 0.012 0.005
2 0.587 0.447 0.002 0.002
2 0.623 0.445 0.003 0.002
2 0.626 0.444 0.002 0.002
2 0.565 0.444 0.004 0.003
2 0.588 0.443 0.002 0.003
2 0.625 0.441 0.002 0.002
2 0.631 0.442 0.004 0.003
2 0.535 0.440 0.002 0.001
2 0.564 0.441 0.003 0.003
2 0.593 0.440 0.003 0.003
2 0.572 0.440 0.003 0.002
2 0.589 0.439 0.002 0.001
2 0.630 0.438 0.005 0.003
2 0.574 0.438 0.004 0.002
2 0.585 0.436 0.005 0.003
2 0.559 0.436 0.004 0.002
2 0.540 0.436 0.005 0.004
2 0.578 0.434 0.006 0.003
2 0.533 0.432 0.003 0.003
2 0.541 0.431 0.003 0.003
2 0.548 0.430 0.002 0.002
2 0.565 0.429 0.002 0.002
2 0.584 0.429 0.005 0.003
2 0.711 0.429 0.004 0.003
2 0.670 0.428 0.003 0.003
2 0.574 0.425 0.003 0.003
2 0.777 0.423 0.004 0.002
2 0.738 0.422 0.002 0.003
2 0.617 0.423 0.009 0.007
2 0.515 0.422 0.006 0.004
2 0.746 0.420 0.008 0.003
2 0.561 0.428 0.035 0.021
2 0.583 0.418 0.004 0.003
2 0.522 0.415 0.004 0.002
2 0.555 0.403 0.002 0.002
2 0.471 0.376 0.001 0.001
2 0.544 0.373 0.002 0.002
2 0.483 0.373 0.001 0.002
2 0.412 0.369 0.002 0.002
2 0.464 0.344 0.004 0.003
2 0.486 0.276 0.003 0.001
2 0.445 0.270 0.002 0.001
2 0.479 0.240 0.004 0.003
2 0.481 0.234 0.004 0.002
2 0.443 0.194 0.005 0.003
2 1.066 0.185 0.007 0.006
2 0.675 0.185 0.012 0.009
2 0.442 0.180 0.005 0.004
2 1.040 0.180 0.008 0.006
2 0.944 0.171 0.006 0.004
2 0.945 0.167 0.005 0.002
2 0.917 0.149 0.003 0.002
2 0.929 0.142 0.005 0.003
2 0.280 0.090 0.004 0.005
1 0.986 0.654 0.042 0.020
1 0.789 0.557 0.021 0.014
1 0.875 0.528 0.016 0.007
1 0.552 0.265 0.025 0.008
1 0.973 0.146 0.019 0.011
0 0.360 0.640 0.004 0.003
0 0.372 0.602 0.007 0.005
0 0.484 0.536 0.003 0.002
0 0.576 0.528 0.008 0.006
0 0.519 0.524 0.004 0.003
0 0.496 0.519 0.012 0.008
0 0.951 0.466 0.008 0.004
0 0.736 0.464 0.005 0.003
0 0.896 0.458 0.004 0.003
0 0.777 0.441 0.003 0.002
0 0.764 0.418 0.005 0.003
0 0.468 0.391 0.005 0.004
0 0.533 0.387 0.006 0.004
0 0.511 0.386 0.010 0.007
0 0.507 0.383 0.004 0.002
0 0.618 0.382 0.006 0.003
0 0.521 0.381 0.004 0.003
0 0.416 0.303 0.005 0.003
0 0.502 0.288 0.005 0.003
0 0.764 0.284 0.007 0.005
0 0.506 0.281 0.008 0.005
0 0.563 0.271 0.006 0.004
0 0.567 0.259 0.005 0.004
0 0.558 0.257 0.005 0.003
0 0.599 0.255 0.006 0.004
0 0.561 0.250 0.005 0.003
0 1.106 0.241 0.009 0.006
0 0.437 0.223 0.004 0.003
0 0.403 0.220 0.004 0.003
0 0.997 0.181 0.007 0.005
0 0.646 0.172 0.008 0.005
0 0.981 0.137 0.005 0.003
0 0.917 0.100 0.006 0.005
0 0.837 0.079 0.012 0.008
4 1.054 0.429 0.186 0.139
3 1.235 0.419 0.036 0.022
3 1.116 0.172 0.035 0.038
