2 0.297 0.988 0.031 0.024
2 0.274 0.871 0.019 0.020
2 0.514 0.894 0.073 0.105
2 0.021 0.712 0.028 0.046
2 0.090 0.660 0.014 0.029
2 0.576 0.663 0.067 0.109
2 0.666 0.627 0.052 0.103
2 0.071 0.582 0.026 0.051
2 0.594 0.566 0.023 0.027
2 0.554 0.566 0.033 0.037
2 0.101 0.565 0.035 0.071
2 0.532 0.546 0.026 0.056
2 0.515 0.504 0.039 0.037
2 0.363 0.244 0.014 0.020
1 0.140 0.456 0.004 0.007
1 0.124 0.424 0.025 0.018
1 0.084 0.415 0.008 0.009
1 0.117 0.402 0.027 0.023
0 0.328 0.990 0.008 0.011
0 0.372 0.949 0.009 0.013
0 0.540 0.932 0.007 0.012
0 0.282 0.908 0.005 0.008
0 0.255 0.896 0.004 0.008
0 0.027 0.892 0.012 0.018
0 0.576 0.789 0.010 0.013
0 0.076 0.700 0.007 0.011
0 0.042 0.677 0.009 0.013
0 0.105 0.662 0.006 0.010
0 0.052 0.654 0.007 0.010
0 0.071 0.641 0.008 0.013
0 0.007 0.634 0.011 0.015
0 0.019 0.627 0.008 0.013
0 0.570 0.613 0.010 0.013
0 0.097 0.615 0.011 0.018
0 0.219 0.607 0.005 0.008
0 0.326 0.594 0.006 0.008
0 0.221 0.581 0.009 0.014
0 0.065 0.534 0.011 0.014
0 0.224 0.508 0.012 0.019
0 0.094 0.481 0.017 0.025
0 0.198 0.428 0.007 0.011
0 0.048 0.410 0.011 0.013
0 0.283 0.388 0.007 0.010
0 0.066 0.355 0.011 0.016
0 0.210 0.293 0.007 0.010
0 0.287 0.292 0.009 0.013
0 0.228 0.283 0.007 0.011
0 0.222 0.252 0.007 0.011
0 0.294 0.237 0.005 0.008
0 0.271 0.222 0.005 0.007
0 0.012 0.200 0.007 0.011
0 0.301 0.186 0.014 0.019
0 0.168 0.170 0.007 0.011
