2 0.432 0.847 0.005 0.010
2 0.455 0.829 0.005 0.008
2 0.582 0.778 0.007 0.010
2 0.280 0.726 0.007 0.011
2 0.368 0.715 0.004 0.004
2 0.257 0.716 0.007 0.011
2 0.312 0.718 0.007 0.020
2 0.286 0.713 0.011 0.017
2 0.356 0.708 0.003 0.006
2 0.347 0.706 0.003 0.007
2 0.263 0.702 0.004 0.007
2 0.451 0.690 0.004 0.006
2 0.372 0.688 0.005 0.008
2 0.364 0.690 0.005 0.017
2 0.444 0.680 0.006 0.006
2 0.308 0.680 0.006 0.011
2 0.367 0.669 0.005 0.011
2 0.350 0.672 0.012 0.017
2 0.361 0.657 0.006 0.015
2 0.457 0.640 0.006 0.005
2 0.208 0.633 0.004 0.008
2 0.221 0.631 0.009 0.021
2 0.503 0.620 0.012 0.007
2 0.257 0.624 0.007 0.025
2 0.525 0.612 0.005 0.004
2 0.219 0.608 0.012 0.015
2 0.241 0.597 0.012 0.014
2 0.230 0.591 0.006 0.011
2 0.190 0.582 0.006 0.010
2 0.251 0.575 0.006 0.010
2 0.459 0.573 0.004 0.008
2 0.215 0.560 0.003 0.008
2 0.222 0.559 0.005 0.010
2 0.417 0.542 0.002 0.007
2 0.425 0.541 0.007 0.017
2 0.401 0.532 0.003 0.005
2 0.256 0.527 0.003 0.004
2 0.233 0.521 0.004 0.005
2 0.222 0.518 0.010 0.017
2 0.249 0.517 0.017 0.018
2 0.229 0.504 0.002 0.004
2 0.242 0.503 0.003 0.005
2 0.272 0.500 0.003 0.005
2 0.248 0.497 0.003 0.007
2 0.185 0.499 0.007 0.013
2 0.292 0.494 0.007 0.009
2 0.213 0.492 0.004 0.006
2 0.221 0.496 0.007 0.021
2 0.174 0.490 0.004 0.014
2 0.226 0.485 0.003 0.005
2 0.205 0.497 0.018 0.031
2 0.242 0.485 0.006 0.012
2 0.232 0.481 0.005 0.005
2 0.258 0.478 0.003 0.005
2 0.204 0.475 0.003 0.006
2 0.190 0.476 0.004 0.007
2 0.386 0.477 0.013 0.011
2 0.184 0.475 0.005 0.007
2 0.394 0.468 0.007 0.007
2 0.179 0.467 0.003 0.007
2 0.247 0.466 0.003 0.006
2 0.238 0.469 0.011 0.015
2 0.251 0.458 0.003 0.005
2 0.102 0.462 0.012 0.014
2 0.348 0.453 0.006 0.006
2 0.419 0.456 0.006 0.015
2 0.259 0.452 0.009 0.016
2 0.272 0.449 0.006 0.011
2 0.125 0.443 0.003 0.004
2 0.266 0.443 0.004 0.006
2 0.285 0.466 0.030 0.053
2 0.203 0.447 0.009 0.013
2 0.226 0.444 0.007 0.009
2 0.432 0.440 0.003 0.004
2 0.369 0.444 0.008 0.011
2 0.439 0.440 0.005 0.009
2 0.146 0.434 0.003 0.006
2 0.448 0.431 0.001 0.003
2 0.170 0.434 0.004 0.009
2 0.236 0.433 0.004 0.009
2 0.454 0.430 0.002 0.004
2 0.440 0.430 0.004 0.006
2 0.192 0.429 0.004 0.006
2 0.147 0.427 0.003 0.007
2 0.209 0.431 0.005 0.015
2 0.435 0.423 0.002 0.003
2 0.320 0.428 0.008 0.014
2 0.348 0.425 0.006 0.011
2 0.216 0.426 0.006 0.013
2 0.422 0.430 0.016 0.027
2 0.161 0.421 0.007 0.009
2 0.181 0.421 0.011 0.017
2 0.279 0.424 0.040 0.038
2 0.195 0.407 0.003 0.006
2 0.144 0.406 0.001 0.003
2 0.306 0.406 0.004 0.006
2 0.187 0.405 0.003 0.006
2 0.317 0.409 0.009 0.017
2 0.554 0.401 0.011 0.021
2 0.508 0.394 0.007 0.008
2 0.160 0.399 0.009 0.019
2 0.516 0.393 0.007 0.018
2 0.180 0.388 0.009 0.012
2 0.134 0.386 0.005 0.014
2 0.366 0.383 0.005 0.010
2 0.328 0.378 0.004 0.005
2 0.615 0.380 0.009 0.010
2 0.340 0.379 0.006 0.009
2 0.312 0.378 0.011 0.015
2 0.305 0.374 0.003 0.007
2 0.428 0.377 0.007 0.016
2 0.524 0.372 0.006 0.009
2 0.179 0.369 0.003 0.004
2 0.172 0.369 0.005 0.007
2 0.148 0.380 0.017 0.029
2 0.188 0.371 0.010 0.013
2 0.490 0.362 0.003 0.005
2 0.511 0.364 0.005 0.011
2 0.601 0.363 0.007 0.012
2 0.153 0.359 0.003 0.005
2 0.534 0.363 0.008 0.013
2 0.340 0.363 0.008 0.017
2 0.591 0.360 0.004 0.011
2 0.110 0.358 0.004 0.008
2 0.189 0.357 0.005 0.010
2 0.171 0.353 0.004 0.008
2 0.179 0.354 0.010 0.013
2 0.286 0.367 0.024 0.041
2 0.495 0.348 0.006 0.004
2 0.347 0.347 0.004 0.005
2 0.335 0.349 0.005 0.009
2 0.145 0.348 0.004 0.008
2 0.157 0.351 0.006 0.017
2 0.274 0.348 0.008 0.013
2 0.130 0.346 0.003 0.007
2 0.501 0.344 0.004 0.006
2 0.406 0.348 0.006 0.016
2 0.356 0.346 0.007 0.015
2 0.174 0.341 0.003 0.009
2 0.272 0.329 0.003 0.006
2 0.501 0.331 0.009 0.012
2 0.278 0.327 0.003 0.006
2 0.446 0.327 0.011 0.008
2 0.318 0.324 0.004 0.009
2 0.142 0.322 0.003 0.006
2 0.131 0.321 0.005 0.006
2 0.164 0.318 0.005 0.006
2 0.297 0.330 0.016 0.031
2 0.566 0.318 0.004 0.010
2 0.409 0.318 0.007 0.011
2 0.327 0.312 0.005 0.007
2 0.136 0.311 0.005 0.008
2 0.645 0.310 0.007 0.011
2 0.191 0.307 0.003 0.007
2 0.493 0.308 0.013 0.011
2 0.336 0.310 0.007 0.018
2 0.278 0.311 0.010 0.019
2 0.157 0.309 0.010 0.016
2 0.280 0.301 0.003 0.006
2 0.185 0.300 0.004 0.005
2 0.287 0.306 0.009 0.019
2 0.164 0.291 0.005 0.006
2 0.293 0.294 0.007 0.014
2 0.110 0.290 0.004 0.007
2 0.284 0.288 0.010 0.013
2 0.634 0.286 0.007 0.012
2 0.418 0.281 0.005 0.012
2 0.626 0.267 0.009 0.011
2 0.644 0.262 0.005 0.009
2 0.365 0.262 0.006 0.009
2 0.184 0.262 0.009 0.011
2 0.217 0.258 0.004 0.005
2 0.343 0.258 0.003 0.008
2 0.323 0.256 0.003 0.004
2 0.349 0.257 0.003 0.010
2 0.432 0.254 0.004 0.011
2 0.198 0.259 0.018 0.020
2 0.122 0.251 0.003 0.008
2 0.389 0.267 0.021 0.047
2 0.414 0.246 0.006 0.008
2 0.196 0.245 0.003 0.005
2 0.229 0.248 0.010 0.014
2 0.331 0.248 0.010 0.018
2 0.214 0.241 0.008 0.011
2 0.236 0.233 0.003 0.006
2 0.352 0.233 0.004 0.008
2 0.632 0.233 0.010 0.018
2 0.196 0.228 0.004 0.011
2 0.343 0.223 0.001 0.003
2 0.335 0.231 0.013 0.021
2 0.404 0.216 0.003 0.005
2 0.416 0.225 0.010 0.025
2 0.386 0.217 0.011 0.022
2 0.345 0.208 0.003 0.006
2 0.440 0.212 0.006 0.015
2 0.239 0.207 0.005 0.010
2 0.369 0.227 0.030 0.055
2 0.433 0.206 0.004 0.017
2 0.399 0.202 0.005 0.010
2 0.299 0.203 0.007 0.015
2 0.325 0.192 0.003 0.006
2 0.346 0.189 0.003 0.005
2 0.340 0.191 0.004 0.008
2 0.330 0.183 0.009 0.020
2 0.574 0.178 0.011 0.017
2 0.212 0.173 0.004 0.008
2 0.336 0.169 0.007 0.010
2 0.330 0.165 0.004 0.006
2 0.642 0.167 0.009 0.011
2 0.279 0.165 0.007 0.009
2 0.622 0.159 0.005 0.008
2 0.499 0.149 0.017 0.017
2 0.349 0.148 0.005 0.017
2 0.457 0.147 0.012 0.027
2 0.596 0.138 0.007 0.010
2 0.467 0.134 0.010 0.012
2 0.328 0.134 0.012 0.028
2 0.536 0.124 0.008 0.012
2 0.504 0.128 0.010 0.022
2 0.503 0.085 0.005 0.008
2 0.360 0.084 0.009 0.013
2 0.490 0.083 0.013 0.011
2 0.551 0.075 0.006 0.007
2 0.356 0.063 0.014 0.019
2 0.331 0.056 0.004 0.007
2 0.373 0.062 0.011 0.023
2 0.538 0.057 0.009 0.015
2 0.590 0.050 0.005 0.007
2 0.583 0.044 0.007 0.009
2 0.365 0.045 0.006 0.013
2 0.458 0.040 0.010 0.017
2 0.375 0.038 0.009 0.014
2 0.351 0.022 0.004 0.008
2 0.431 0.021 0.013 0.021
1 0.645 0.878 0.005 0.010
1 0.505 0.783 0.027 0.056
1 0.764 0.781 0.066 0.064
1 0.732 0.702 0.026 0.084
1 0.574 0.698 0.052 0.085
1 0.479 0.624 0.015 0.024
1 0.786 0.668 0.077 0.136
1 0.483 0.596 0.044 0.014
1 0.431 0.688 0.368 0.204
1 0.571 0.585 0.058 0.035
1 0.630 0.557 0.024 0.051
1 0.741 0.545 0.035 0.033
1 0.556 0.534 0.026 0.031
1 0.396 0.756 0.651 0.482
1 0.291 0.542 0.098 0.092
1 0.381 0.494 0.043 0.012
1 0.142 0.497 0.020 0.026
1 0.266 0.476 0.010 0.014
1 0.446 0.497 0.053 0.070
1 0.236 0.456 0.009 0.015
1 0.217 0.457 0.019 0.031
1 0.566 0.450 0.062 0.022
1 0.355 0.438 0.016 0.021
1 0.107 0.460 0.037 0.108
1 0.095 0.402 0.006 0.011
1 0.081 0.387 0.014 0.029
1 0.808 0.390 0.043 0.047
1 0.473 0.361 0.010 0.025
1 0.510 0.346 0.006 0.006
1 0.189 0.335 0.015 0.026
1 0.207 0.326 0.003 0.009
1 0.218 0.316 0.003 0.006
1 0.474 0.292 0.031 0.014
1 0.529 0.301 0.036 0.035
1 0.530 0.284 0.007 0.008
1 0.610 0.317 0.048 0.084
1 0.246 0.289 0.034 0.031
1 0.147 0.270 0.010 0.010
1 0.515 0.219 0.032 0.044
1 0.467 0.210 0.042 0.032
1 0.451 0.186 0.014 0.024
1 0.762 0.185 0.024 0.029
1 0.522 0.183 0.031 0.029
1 0.483 0.167 0.036 0.031
1 0.433 0.153 0.020 0.030
1 0.382 0.128 0.009 0.019
1 0.396 0.106 0.036 0.025
1 0.420 0.106 0.015 0.031
1 0.447 0.095 0.028 0.027
1 0.261 0.013 0.023 0.024
1 0.649 0.041 0.055 0.080
1 0.564 0.031 0.042 0.061
1 0.491 0.013 0.047 0.026
0 0.689 0.736 0.009 0.012
0 0.468 0.691 0.004 0.008
0 0.470 0.636 0.003 0.005
0 0.518 0.636 0.004 0.006
0 0.816 0.591 0.010 0.006
0 0.260 0.492 0.004 0.006
0 0.413 0.487 0.007 0.007
0 0.804 0.485 0.005 0.007
0 0.226 0.471 0.002 0.004
0 0.184 0.470 0.003 0.005
0 0.138 0.458 0.003 0.006
0 0.258 0.438 0.004 0.005
0 0.228 0.418 0.003 0.007
0 0.282 0.401 0.004 0.006
0 0.293 0.385 0.007 0.010
0 0.843 0.383 0.006 0.008
0 0.119 0.371 0.004 0.008
0 0.393 0.348 0.006 0.011
0 0.120 0.345 0.004 0.008
0 0.138 0.342 0.004 0.006
0 0.441 0.338 0.005 0.006
0 0.178 0.301 0.003 0.007
0 0.373 0.268 0.002 0.004
0 0.139 0.268 0.006 0.008
0 0.476 0.258 0.007 0.007
0 0.681 0.250 0.005 0.008
0 0.242 0.245 0.006 0.008
0 0.734 0.247 0.006 0.014
0 0.427 0.237 0.003 0.004
0 0.451 0.235 0.005 0.008
0 0.681 0.232 0.006 0.010
0 0.241 0.216 0.003 0.008
0 0.393 0.206 0.003 0.006
0 0.418 0.206 0.009 0.009
0 0.419 0.192 0.007 0.011
0 0.323 0.172 0.005 0.007
0 0.411 0.162 0.008 0.007
0 0.707 0.148 0.006 0.011
0 0.387 0.067 0.003 0.006
4 0.680 0.509 0.109 0.195
3 0.601 0.895 0.024 0.036
3 0.551 0.617 0.041 0.039
3 0.792 0.592 0.029 0.039
3 0.174 0.227 0.019 0.033
3 0.160 0.200 0.012 0.018
3 0.192 0.182 0.024 0.047
3 0.165 0.160 0.022 0.048
