2 0.005 0.646 0.009 0.005
2 0.015 0.644 0.010 0.005
2 0.427 0.632 0.011 0.006
2 0.018 0.632 0.011 0.007
2 0.005 0.628 0.011 0.006
2 0.434 0.620 0.022 0.015
2 0.166 0.618 0.020 0.014
2 0.477 0.607 0.026 0.014
2 0.435 0.604 0.028 0.012
2 0.407 0.600 0.015 0.008
2 0.479 0.592 0.019 0.011
2 0.400 0.587 0.013 0.009
2 0.165 0.569 0.011 0.006
2 0.488 0.572 0.069 0.020
2 0.553 0.538 0.011 0.009
2 0.515 0.523 0.018 0.009
2 0.479 0.540 0.055 0.048
2 0.151 0.462 0.023 0.005
2 0.057 0.463 0.029 0.014
2 0.159 0.452 0.022 0.008
2 0.039 0.444 0.035 0.016
2 0.197 0.430 0.016 0.008
2 0.066 0.428 0.015 0.005
2 0.094 0.423 0.015 0.007
2 0.019 0.424 0.039 0.011
2 0.101 0.410 0.027 0.007
2 0.073 0.399 0.016 0.010
1 0.408 0.546 0.034 0.015
1 0.338 0.387 0.034 0.020
1 0.030 0.341 0.039 0.007
1 0.011 0.331 0.022 0.005
1 0.300 0.111 0.034 0.029
0 0.386 0.617 0.011 0.007
0 0.132 0.579 0.015 0.009
0 0.135 0.554 0.014 0.008
0 0.054 0.528 0.013 0.007
0 0.121 0.479 0.008 0.006
0 0.490 0.183 0.016 0.010
0 0.380 0.139 0.011 0.007
4 0.773 0.595 0.348 0.138
