2 0.024 0.659 0.007 0.006
2 0.185 0.583 0.013 0.007
2 0.117 0.523 0.039 0.013
2 0.014 0.491 0.008 0.004
2 0.044 0.497 0.021 0.021
2 0.084 0.488 0.009 0.007
2 0.023 0.484 0.012 0.003
2 0.012 0.479 0.025 0.013
2 0.073 0.473 0.034 0.022
2 0.054 0.466 0.008 0.009
2 0.002 0.464 0.004 0.005
2 0.034 0.462 0.011 0.007
2 0.046 0.455 0.008 0.004
2 0.111 0.449 0.053 0.035
1 0.310 0.076 0.169 0.058
1 0.233 0.038 0.026 0.014
0 0.410 0.597 0.011 0.007
0 0.570 0.589 0.010 0.007
0 0.389 0.576 0.006 0.005
0 0.014 0.577 0.016 0.009
0 0.358 0.531 0.011 0.007
0 0.257 0.513 0.012 0.008
0 0.071 0.457 0.013 0.007
0 0.643 0.229 0.025 0.018
0 0.575 0.213 0.018 0.012
0 0.495 0.054 0.018 0.011
4 0.783 0.601 0.348 0.126
