2 0.224 0.723 0.016 0.016
2 0.186 0.715 0.018 0.027
2 0.288 0.687 0.004 0.004
2 0.063 0.224 0.010 0.014
2 0.083 0.207 0.014 0.022
2 0.100 0.171 0.006 0.008
2 0.057 0.163 0.021 0.022
2 0.083 0.141 0.010 0.015
2 0.040 0.131 0.009 0.022
2 0.015 0.125 0.026 0.039
2 0.041 0.104 0.009 0.016
2 0.107 0.029 0.014 0.027
2 0.054 0.025 0.008 0.018
2 0.064 0.010 0.007 0.012
0 0.390 0.994 0.008 0.012
0 0.285 0.955 0.006 0.010
0 0.489 0.801 0.007 0.013
0 0.213 0.706 0.008 0.010
0 0.323 0.686 0.006 0.008
0 0.222 0.668 0.006 0.009
0 0.004 0.245 0.008 0.015
0 0.124 0.099 0.007 0.009
