2 0.362 0.995 0.011 0.009
2 0.389 0.993 0.031 0.014
2 0.646 0.965 0.021 0.031
2 0.698 0.962 0.029 0.037
2 0.917 0.935 0.031 0.022
2 0.768 0.777 0.057 0.048
2 0.672 0.213 0.043 0.088
2 0.744 0.171 0.042 0.048
2 0.884 0.182 0.053 0.093
1 0.562 0.996 0.008 0.007
1 0.569 0.996 0.006 0.008
1 0.538 0.962 0.021 0.039
1 0.353 0.927 0.012 0.022
1 0.512 0.927 0.007 0.022
1 0.727 0.704 0.007 0.011
0 0.677 0.986 0.005 0.008
0 0.708 0.913 0.007 0.015
0 0.686 0.907 0.004 0.007
0 0.675 0.898 0.008 0.013
0 0.706 0.616 0.007 0.009
0 0.706 0.596 0.007 0.011
0 0.783 0.546 0.009 0.012
0 0.434 0.436 0.008 0.012
0 0.751 0.210 0.014 0.019
3 0.885 0.725 0.097 0.111
3 0.763 0.588 0.060 0.079
