0 0.347715 0.875000 0.006063 0.009129
0 0.679104 0.844803 0.005131 0.009129
0 0.678638 0.807409 0.004664 0.008778
0 0.303638 0.515274 0.006063 0.008778
0 0.420592 0.509656 0.007229 0.012992
0 0.448344 0.463308 0.006297 0.008076
0 0.426656 0.256320 0.006297 0.009129
1 0.210821 0.953827 0.008396 0.009480
1 0.300373 0.794417 0.007463 0.011587
1 0.833955 0.547577 0.013993 0.015098
1 0.349230 0.435744 0.008629 0.017556
2 0.206390 0.930302 0.004664 0.008778
2 0.227845 0.936447 0.013993 0.025983
2 0.572994 0.439958 0.006530 0.031601
2 0.474813 0.300386 0.006063 0.007374
