0 0.425140 0.189080 0.007929 0.012992
1 0.668377 0.869206 0.013993 0.024228
1 0.732393 0.795822 0.011894 0.024930
1 0.264109 0.740344 0.011427 0.010885
1 0.481460 0.713132 0.017024 0.014747
1 0.635378 0.638518 0.009095 0.014396
1 0.616488 0.618329 0.008162 0.018961
1 0.528218 0.598841 0.020989 0.029846
1 0.839319 0.586376 0.019123 0.028792
1 0.736357 0.578827 0.017957 0.027739
1 0.584538 0.567240 0.013293 0.020014
1 0.650536 0.504916 0.014692 0.025281
1 0.610658 0.472788 0.009562 0.014396
1 0.733092 0.476124 0.035215 0.028090
1 0.754198 0.459796 0.017724 0.028441
1 0.705224 0.439782 0.006996 0.012289
1 0.680154 0.442240 0.026353 0.041081
1 0.696245 0.422753 0.013759 0.019663
1 0.662663 0.415028 0.010961 0.020365
1 0.823811 0.420646 0.023554 0.037219
1 0.529501 0.385358 0.028218 0.024228
1 0.635844 0.378511 0.009095 0.011938
1 0.654384 0.372893 0.028451 0.040730
1 0.693563 0.308462 0.009795 0.013694
1 0.680037 0.290379 0.026119 0.068118
1 0.643540 0.243504 0.010494 0.010885
1 0.617654 0.212956 0.017491 0.014396
1 0.612873 0.184867 0.009795 0.008778
1 0.184818 0.105688 0.021222 0.011938
1 0.297108 0.093048 0.010261 0.014747
1 0.278801 0.086376 0.024487 0.014747
1 0.232743 0.064256 0.011660 0.009129
1 0.265392 0.066011 0.016325 0.021770
1 0.282999 0.048806 0.014692 0.013343
1 0.236824 0.040906 0.014226 0.014396
1 0.247435 0.050562 0.019123 0.036517
2 0.520522 0.454705 0.009328 0.017556
2 0.511194 0.450316 0.007463 0.012992
2 0.814949 0.671348 0.018424 0.047753
3 0.258979 0.445049 0.103778 0.185744
