2 0.718 1.000 0.002 0.001
2 0.904 0.900 0.034 0.053
2 0.705 0.869 0.020 0.016
2 0.520 0.832 0.014 0.019
2 0.956 0.822 0.011 0.020
2 0.205 0.719 0.013 0.015
2 0.785 0.682 0.015 0.025
2 0.913 0.585 0.026 0.033
2 0.910 0.561 0.003 0.013
2 0.346 0.499 0.019 0.029
2 0.303 0.449 0.021 0.027
2 0.781 0.341 0.008 0.007
2 0.800 0.325 0.018 0.025
2 0.716 0.309 0.042 0.062
2 0.784 0.285 0.023 0.029
2 0.831 0.276 0.017 0.020
2 0.915 0.270 0.016 0.022
2 0.939 0.256 0.022 0.018
1 0.817 0.997 0.012 0.006
1 0.811 0.982 0.009 0.017
1 0.898 0.982 0.015 0.036
1 0.946 0.981 0.040 0.038
1 0.634 0.967 0.011 0.028
1 0.611 0.956 0.011 0.018
1 0.935 0.942 0.010 0.032
1 0.924 0.923 0.007 0.013
1 0.661 0.920 0.005 0.006
1 0.736 0.921 0.015 0.015
1 0.841 0.906 0.007 0.013
1 0.857 0.943 0.063 0.114
1 0.864 0.895 0.007 0.021
1 0.881 0.896 0.015 0.027
1 0.673 0.906 0.025 0.048
1 0.736 0.889 0.007 0.018
1 0.770 0.899 0.040 0.048
1 0.967 0.883 0.014 0.018
1 0.840 0.879 0.015 0.018
1 0.607 0.903 0.032 0.070
1 0.931 0.886 0.016 0.042
1 0.732 0.860 0.008 0.010
1 0.560 0.866 0.025 0.026
1 0.992 0.884 0.017 0.065
1 0.907 0.864 0.008 0.024
1 0.948 0.863 0.016 0.032
1 0.717 0.847 0.014 0.033
1 0.970 0.830 0.004 0.015
1 0.942 0.832 0.007 0.022
1 0.712 0.817 0.004 0.006
1 0.576 0.823 0.013 0.024
1 0.688 0.812 0.005 0.007
1 0.658 0.818 0.014 0.022
1 0.840 0.819 0.010 0.025
1 0.794 0.806 0.003 0.008
1 0.814 0.824 0.034 0.053
1 0.789 0.800 0.003 0.006
1 0.993 0.802 0.008 0.012
1 0.794 0.795 0.003 0.006
1 0.700 0.794 0.008 0.013
1 0.614 0.788 0.006 0.008
1 0.775 0.795 0.011 0.022
1 0.569 0.781 0.007 0.010
1 0.599 0.777 0.012 0.011
1 0.766 0.778 0.011 0.018
1 0.584 0.773 0.005 0.008
1 0.772 0.768 0.006 0.008
1 0.664 0.770 0.008 0.013
1 0.627 0.766 0.018 0.034
1 0.683 0.754 0.007 0.011
1 0.696 0.750 0.005 0.008
1 0.838 0.770 0.020 0.051
1 0.825 0.745 0.016 0.022
1 0.843 0.732 0.008 0.012
1 0.629 0.727 0.004 0.008
1 0.984 0.732 0.011 0.020
1 0.646 0.730 0.007 0.018
1 0.637 0.723 0.002 0.004
1 0.782 0.734 0.018 0.032
1 0.826 0.722 0.007 0.015
1 0.809 0.720 0.011 0.024
1 0.631 0.707 0.008 0.013
1 0.915 0.689 0.005 0.009
1 0.893 0.671 0.021 0.028
1 0.902 0.657 0.005 0.011
1 0.865 0.646 0.004 0.008
1 0.934 0.658 0.023 0.034
1 0.830 0.638 0.005 0.008
1 0.900 0.616 0.007 0.010
1 0.803 0.611 0.007 0.009
1 0.742 0.612 0.008 0.013
1 0.831 0.608 0.017 0.020
1 0.872 0.592 0.004 0.010
1 0.733 0.594 0.005 0.015
1 0.753 0.596 0.014 0.021
1 0.849 0.587 0.004 0.012
1 0.795 0.582 0.006 0.008
1 0.811 0.576 0.006 0.008
1 0.757 0.575 0.005 0.008
1 0.802 0.545 0.003 0.013
1 1.000 0.540 0.000 0.004
1 0.241 0.542 0.011 0.033
1 0.353 0.491 0.016 0.020
1 0.794 0.471 0.005 0.007
1 0.561 0.476 0.018 0.022
1 0.362 0.471 0.017 0.014
1 0.346 0.464 0.007 0.010
1 0.379 0.455 0.012 0.013
1 0.808 0.448 0.013 0.019
1 0.787 0.440 0.006 0.010
1 0.824 0.439 0.012 0.019
1 0.263 0.422 0.007 0.011
1 0.368 0.413 0.007 0.008
1 0.752 0.413 0.010 0.017
1 0.738 0.406 0.015 0.016
1 0.270 0.397 0.006 0.008
1 0.811 0.404 0.020 0.025
1 0.773 0.393 0.008 0.013
1 0.767 0.376 0.004 0.006
1 0.361 0.378 0.009 0.011
1 0.754 0.376 0.010 0.011
1 0.336 0.370 0.005 0.008
1 0.959 0.364 0.009 0.012
1 0.354 0.362 0.011 0.010
1 0.601 0.363 0.013 0.019
1 0.275 0.336 0.006 0.010
1 0.802 0.301 0.016 0.021
1 0.819 0.287 0.005 0.006
1 0.351 0.275 0.005 0.011
1 0.840 0.241 0.016 0.013
1 0.833 0.230 0.005 0.008
1 0.344 0.228 0.008 0.010
1 0.821 0.202 0.014 0.011
1 0.560 0.200 0.007 0.009
1 0.841 0.201 0.009 0.013
1 0.529 0.188 0.007 0.014
1 0.557 0.163 0.019 0.025
1 0.414 0.116 0.006 0.006
1 0.539 0.102 0.004 0.004
1 0.464 0.074 0.004 0.006
1 0.549 0.060 0.005 0.008
1 0.787 0.053 0.015 0.010
1 0.464 0.051 0.006 0.011
1 0.562 0.052 0.012 0.014
1 0.505 0.050 0.018 0.013
1 0.447 0.045 0.007 0.009
1 0.534 0.038 0.012 0.016
1 0.994 0.031 0.012 0.021
0 0.623 0.971 0.008 0.011
0 0.765 0.803 0.002 0.004
0 0.212 0.685 0.008 0.011
0 0.459 0.639 0.005 0.009
0 0.559 0.534 0.007 0.011
0 0.296 0.482 0.006 0.011
0 0.314 0.481 0.008 0.013
0 0.770 0.457 0.011 0.013
0 0.541 0.435 0.006 0.008
0 0.907 0.407 0.005 0.008
0 0.879 0.306 0.005 0.007
0 0.835 0.205 0.005 0.008
0 0.997 0.145 0.006 0.008
4 0.322 0.897 0.268 0.206
