2 0.206 0.115 0.112 0.088
2 0.155 0.057 0.017 0.022
1 0.016 0.992 0.005 0.009
1 0.123 0.878 0.008 0.010
1 0.077 0.788 0.026 0.020
1 0.009 0.740 0.005 0.006
1 0.029 0.749 0.014 0.032
1 0.056 0.735 0.006 0.010
1 0.015 0.729 0.008 0.005
1 0.008 0.721 0.016 0.019
1 0.049 0.712 0.022 0.033
1 0.036 0.702 0.005 0.014
1 0.001 0.699 0.002 0.008
1 0.023 0.696 0.007 0.010
1 0.030 0.684 0.006 0.006
1 0.073 0.677 0.035 0.053
0 0.272 0.900 0.007 0.011
0 0.378 0.887 0.007 0.011
0 0.258 0.868 0.004 0.007
0 0.009 0.868 0.011 0.013
0 0.238 0.800 0.007 0.010
0 0.170 0.772 0.008 0.013
0 0.047 0.689 0.008 0.011
0 0.427 0.344 0.016 0.027
0 0.382 0.321 0.012 0.018
0 0.329 0.081 0.012 0.017
4 0.520 0.905 0.231 0.190
