2 0.535 0.945 0.010 0.011
2 0.948 0.802 0.025 0.024
2 0.599 0.399 0.017 0.019
2 0.509 0.398 0.011 0.038
2 0.850 0.174 0.030 0.062
2 0.516 0.125 0.027 0.027
1 0.464 0.710 0.007 0.018
1 0.825 0.680 0.010 0.032
1 0.935 0.669 0.015 0.024
1 0.928 0.626 0.029 0.025
1 0.765 0.618 0.008 0.013
1 0.682 0.611 0.014 0.019
1 0.833 0.611 0.014 0.034
1 0.716 0.588 0.017 0.017
1 0.662 0.587 0.013 0.013
1 0.759 0.603 0.074 0.062
1 0.880 0.569 0.010 0.016
1 0.921 0.564 0.020 0.032
1 0.548 0.549 0.009 0.015
1 0.676 0.542 0.018 0.034
1 0.615 0.536 0.008 0.027
1 0.875 0.531 0.015 0.020
1 0.632 0.521 0.009 0.020
1 0.894 0.528 0.020 0.036
1 0.832 0.499 0.018 0.022
1 0.663 0.480 0.009 0.013
1 0.840 0.469 0.011 0.018
1 0.872 0.484 0.041 0.059
1 0.719 0.441 0.018 0.025
1 0.743 0.437 0.029 0.032
1 0.691 0.432 0.025 0.054
1 0.709 0.410 0.014 0.022
1 0.668 0.415 0.017 0.033
1 0.776 0.373 0.036 0.030
1 0.705 0.358 0.008 0.015
1 0.855 0.386 0.026 0.081
1 0.884 0.355 0.014 0.026
1 0.720 0.351 0.010 0.018
1 0.666 0.335 0.011 0.016
1 0.710 0.321 0.011 0.020
1 0.430 0.347 0.036 0.082
1 0.690 0.313 0.012 0.015
1 0.729 0.321 0.013 0.036
1 0.509 0.300 0.010 0.016
1 0.433 0.290 0.025 0.048
1 0.467 0.311 0.042 0.092
1 0.557 0.266 0.029 0.049
1 0.587 0.239 0.011 0.019
1 0.486 0.247 0.024 0.037
1 0.728 0.245 0.032 0.050
1 0.636 0.187 0.016 0.018
1 0.592 0.183 0.022 0.060
1 0.666 0.151 0.016 0.022
1 0.632 0.147 0.021 0.031
1 0.539 0.132 0.018 0.028
1 0.683 0.120 0.011 0.014
1 0.592 0.118 0.021 0.047
1 0.525 0.102 0.008 0.018
1 0.569 0.112 0.022 0.041
1 0.910 0.097 0.014 0.023
1 0.637 0.093 0.014 0.025
1 0.418 0.164 0.099 0.200
1 0.871 0.067 0.021 0.018
1 0.497 0.067 0.016 0.022
1 0.700 0.044 0.012 0.017
1 0.685 0.036 0.011 0.015
1 0.753 0.119 0.096 0.191
1 0.844 0.025 0.012 0.019
1 0.503 0.025 0.014 0.018
1 0.567 0.051 0.073 0.074
1 0.744 0.013 0.005 0.006
1 0.362 0.036 0.026 0.055
1 0.441 0.019 0.012 0.022
1 0.390 0.040 0.035 0.071
1 0.750 0.004 0.009 0.006
1 0.941 0.008 0.009 0.017
1 0.910 0.000 0.004 0.001
1 0.797 0.012 0.023 0.025
1 0.710 0.013 0.030 0.027
1 0.300 0.001 0.006 0.002
1 0.283 0.009 0.014 0.019
0 0.765 0.837 0.012 0.018
0 0.400 0.800 0.007 0.012
0 0.438 0.782 0.016 0.022
0 0.738 0.712 0.011 0.015
0 0.767 0.661 0.009 0.013
0 0.469 0.626 0.013 0.020
0 0.793 0.616 0.013 0.016
0 0.463 0.513 0.013 0.020
0 0.992 0.464 0.012 0.015
0 0.576 0.392 0.013 0.018
0 0.541 0.389 0.008 0.013
0 0.625 0.390 0.012 0.020
0 0.522 0.387 0.009 0.013
0 0.939 0.284 0.012 0.017
0 0.817 0.162 0.017 0.016
0 0.470 0.123 0.014 0.021
0 0.664 0.120 0.015 0.020
0 0.614 0.048 0.016 0.025
0 0.663 0.001 0.007 0.003
0 0.532 0.003 0.009 0.006
0 0.385 0.000 0.005 0.001
