2 0.245 0.369 0.022 0.014
2 0.014 0.160 0.027 0.010
2 0.075 0.148 0.015 0.006
1 0.438 0.502 0.014 0.014
1 0.334 0.510 0.668 0.300
1 0.028 0.376 0.055 0.074
1 0.794 0.373 0.198 0.085
1 0.699 0.269 0.079 0.111
1 0.223 0.263 0.157 0.112
1 0.861 0.223 0.232 0.181
1 0.007 0.126 0.015 0.006
1 0.173 0.205 0.347 0.183
1 0.212 0.113 0.173 0.047
1 0.390 0.076 0.074 0.068
1 0.726 0.059 0.107 0.043
1 0.170 0.045 0.079 0.042
0 0.570 0.314 0.026 0.016
0 0.055 0.181 0.011 0.007
0 0.950 0.122 0.030 0.008
4 0.540 0.071 0.327 0.141
3 0.305 0.525 0.072 0.048
3 0.154 0.155 0.124 0.052
3 0.878 0.122 0.086 0.052
