2 0.475 0.621 0.004 0.003
2 0.363 0.620 0.002 0.001
2 0.563 0.602 0.004 0.003
2 0.321 0.587 0.002 0.001
2 0.771 0.540 0.005 0.002
2 0.774 0.537 0.004 0.004
2 0.639 0.363 0.003 0.002
2 0.643 0.326 0.003 0.002
2 0.577 0.323 0.003 0.002
2 0.570 0.320 0.002 0.002
2 0.554 0.319 0.003 0.003
2 0.629 0.318 0.003 0.003
2 0.571 0.316 0.004 0.002
2 0.577 0.316 0.005 0.004
2 0.571 0.311 0.010 0.006
2 0.560 0.310 0.009 0.004
2 0.687 0.309 0.003 0.003
2 0.580 0.308 0.009 0.003
2 0.538 0.302 0.002 0.003
2 0.583 0.301 0.003 0.002
2 0.558 0.301 0.003 0.002
2 0.668 0.307 0.023 0.016
2 0.652 0.303 0.014 0.009
2 0.542 0.299 0.005 0.002
2 0.571 0.302 0.022 0.012
2 0.532 0.296 0.004 0.002
2 0.677 0.296 0.005 0.003
2 0.555 0.294 0.003 0.002
2 0.604 0.294 0.004 0.002
2 0.576 0.292 0.004 0.002
2 0.682 0.292 0.007 0.004
2 0.675 0.290 0.002 0.002
2 0.696 0.292 0.012 0.007
2 0.625 0.298 0.022 0.020
2 0.660 0.293 0.022 0.012
2 0.684 0.287 0.004 0.002
2 0.672 0.287 0.002 0.002
2 0.698 0.286 0.004 0.001
2 0.668 0.285 0.002 0.003
2 0.702 0.284 0.003 0.002
2 0.685 0.284 0.003 0.002
2 0.681 0.283 0.005 0.005
2 0.672 0.281 0.003 0.003
2 0.675 0.280 0.002 0.001
2 0.476 0.280 0.004 0.004
2 0.685 0.277 0.002 0.002
2 0.675 0.277 0.003 0.003
2 0.648 0.275 0.002 0.001
2 0.633 0.282 0.020 0.016
2 0.645 0.272 0.002 0.001
2 0.648 0.271 0.003 0.002
2 0.669 0.273 0.013 0.009
2 0.766 0.270 0.004 0.004
2 0.652 0.268 0.002 0.002
2 0.778 0.267 0.006 0.005
2 0.729 0.265 0.002 0.001
2 0.681 0.265 0.003 0.002
2 0.673 0.264 0.008 0.003
2 0.656 0.264 0.007 0.005
2 0.692 0.258 0.003 0.002
2 0.613 0.241 0.006 0.005
2 0.571 0.223 0.005 0.004
2 0.663 0.221 0.002 0.001
2 0.562 0.220 0.002 0.001
2 0.667 0.219 0.002 0.002
2 0.604 0.220 0.006 0.007
2 0.664 0.217 0.004 0.003
2 0.622 0.217 0.007 0.007
2 0.715 0.214 0.002 0.001
2 0.708 0.212 0.001 0.002
2 0.664 0.212 0.005 0.003
2 0.591 0.213 0.007 0.007
2 0.694 0.212 0.005 0.005
2 0.652 0.210 0.005 0.003
2 0.628 0.211 0.004 0.004
2 0.603 0.211 0.006 0.005
2 0.621 0.208 0.003 0.002
2 0.717 0.208 0.002 0.002
2 0.712 0.208 0.002 0.002
2 0.600 0.208 0.004 0.004
2 0.625 0.207 0.005 0.003
2 0.633 0.207 0.003 0.003
2 0.616 0.209 0.007 0.010
2 0.670 0.205 0.003 0.002
2 0.591 0.205 0.004 0.003
2 0.620 0.203 0.002 0.002
2 0.603 0.202 0.004 0.003
2 0.606 0.200 0.002 0.002
2 0.611 0.198 0.001 0.001
2 0.751 0.200 0.009 0.005
2 0.583 0.199 0.003 0.002
2 0.585 0.196 0.002 0.002
2 0.599 0.178 0.003 0.002
1 0.541 0.608 0.031 0.010
1 0.502 0.579 0.021 0.006
1 0.460 0.583 0.107 0.029
1 0.759 0.559 0.014 0.005
1 0.418 0.550 0.019 0.009
1 0.793 0.541 0.031 0.013
1 1.097 0.545 0.032 0.021
1 0.262 0.541 0.017 0.020
1 0.333 0.537 0.020 0.013
1 0.405 0.532 0.024 0.012
1 0.577 0.531 0.009 0.010
1 0.608 0.508 0.019 0.013
1 1.142 0.500 0.012 0.022
1 0.536 0.497 0.041 0.031
1 0.453 0.489 0.021 0.017
1 0.292 0.487 0.060 0.064
1 0.821 0.466 0.042 0.024
1 0.456 0.457 0.009 0.007
1 0.384 0.443 0.039 0.018
1 0.359 0.424 0.035 0.020
1 0.616 0.372 0.027 0.009
1 0.727 0.278 0.047 0.021
1 0.556 0.268 0.015 0.011
1 0.751 0.264 0.014 0.011
1 0.640 0.258 0.016 0.013
1 0.597 0.265 0.054 0.034
1 0.680 0.250 0.014 0.010
1 0.787 0.247 0.038 0.015
1 0.689 0.240 0.012 0.005
1 0.716 0.249 0.047 0.027
1 0.463 0.240 0.013 0.009
1 0.535 0.238 0.049 0.029
1 0.622 0.227 0.014 0.010
1 0.688 0.223 0.031 0.005
1 0.727 0.225 0.010 0.016
1 0.495 0.209 0.008 0.007
1 0.720 0.208 0.037 0.011
1 0.603 0.191 0.019 0.011
1 0.483 0.192 0.029 0.015
1 0.663 0.178 0.066 0.044
1 0.762 0.151 0.024 0.014
1 0.821 0.147 0.021 0.014
1 0.639 0.135 0.035 0.017
1 0.613 0.056 0.020 0.010
0 0.759 0.658 0.004 0.003
0 1.042 0.616 0.005 0.003
0 0.859 0.615 0.004 0.003
0 1.032 0.612 0.012 0.008
0 0.320 0.606 0.008 0.007
0 1.052 0.606 0.012 0.007
0 0.719 0.574 0.007 0.005
0 0.490 0.517 0.007 0.005
0 1.187 0.515 0.008 0.004
0 0.476 0.490 0.007 0.004
0 0.205 0.481 0.009 0.007
0 0.377 0.462 0.005 0.004
0 0.407 0.422 0.005 0.004
0 0.837 0.419 0.006 0.004
0 0.408 0.401 0.007 0.004
0 0.515 0.401 0.008 0.006
0 0.682 0.395 0.005 0.003
0 0.688 0.367 0.005 0.003
0 0.821 0.347 0.004 0.003
0 0.805 0.346 0.003 0.002
0 0.782 0.337 0.004 0.003
0 0.690 0.308 0.005 0.003
0 0.765 0.282 0.005 0.003
0 0.619 0.281 0.004 0.002
0 0.756 0.281 0.007 0.004
0 0.761 0.279 0.003 0.002
0 0.612 0.273 0.006 0.005
0 0.689 0.270 0.007 0.004
0 0.650 0.252 0.006 0.003
0 0.469 0.253 0.011 0.007
0 0.481 0.246 0.012 0.009
0 0.663 0.242 0.004 0.003
0 0.660 0.237 0.003 0.002
0 0.776 0.225 0.004 0.003
0 0.691 0.215 0.006 0.003
0 0.499 0.205 0.004 0.002
0 0.552 0.184 0.006 0.004
0 0.728 0.175 0.006 0.004
0 0.475 0.101 0.009 0.007
4 1.023 0.343 0.161 0.105
3 0.741 0.572 0.037 0.030
3 1.087 0.570 0.033 0.039
3 1.164 0.515 0.031 0.026
3 0.399 0.509 0.038 0.023
3 0.341 0.507 0.074 0.058
3 0.700 0.161 0.092 0.060
