2 0.348 0.997 0.007 0.006
2 0.378 0.990 0.032 0.020
2 0.393 0.975 0.008 0.011
2 0.287 0.978 0.035 0.041
2 0.326 0.963 0.036 0.025
2 0.469 0.956 0.040 0.046
2 0.855 0.939 0.029 0.033
2 0.383 0.907 0.025 0.065
2 0.396 0.865 0.010 0.023
2 0.412 0.862 0.011 0.022
2 0.510 0.887 0.025 0.082
2 0.298 0.858 0.021 0.025
2 0.491 0.858 0.009 0.029
2 0.427 0.858 0.013 0.047
2 0.199 0.831 0.008 0.018
2 0.164 0.831 0.014 0.032
2 0.190 0.802 0.007 0.018
2 0.148 0.789 0.009 0.041
2 0.869 0.785 0.023 0.036
2 0.639 0.624 0.009 0.029
2 0.516 0.619 0.013 0.035
2 0.621 0.613 0.020 0.048
2 0.611 0.572 0.019 0.025
2 0.571 0.558 0.009 0.019
2 0.550 0.528 0.010 0.018
2 0.492 0.529 0.012 0.037
2 0.542 0.507 0.021 0.018
2 0.659 0.501 0.022 0.037
2 0.552 0.467 0.006 0.011
2 0.606 0.445 0.009 0.017
1 0.468 0.631 0.022 0.047
0 0.191 0.998 0.008 0.005
0 0.196 0.980 0.009 0.013
0 0.417 0.555 0.013 0.015
0 0.431 0.536 0.011 0.016
0 0.906 0.101 0.008 0.010
