2 0.643 0.576 0.058 0.077
2 0.540 0.392 0.044 0.080
2 0.488 0.336 0.029 0.049
2 0.416 0.315 0.014 0.034
2 0.457 0.257 0.019 0.020
2 0.253 0.190 0.023 0.011
1 0.985 0.673 0.010 0.013
1 0.917 0.672 0.012 0.017
1 0.990 0.649 0.021 0.034
1 0.698 0.651 0.032 0.070
1 0.910 0.615 0.014 0.019
1 0.945 0.620 0.034 0.037
1 0.951 0.561 0.014 0.026
1 0.881 0.547 0.037 0.055
1 0.898 0.504 0.021 0.028
1 0.598 0.491 0.019 0.015
1 0.977 0.542 0.047 0.120
1 0.930 0.510 0.040 0.056
1 0.963 0.457 0.011 0.015
1 0.562 0.457 0.013 0.020
1 0.857 0.451 0.012 0.020
1 0.903 0.461 0.038 0.048
1 0.991 0.482 0.018 0.091
1 0.598 0.421 0.011 0.015
1 0.973 0.419 0.009 0.018
1 0.923 0.415 0.017 0.018
1 0.462 0.389 0.014 0.027
1 0.992 0.395 0.016 0.073
1 0.990 0.340 0.020 0.036
1 0.548 0.309 0.027 0.046
1 0.972 0.020 0.004 0.006
1 0.983 0.021 0.013 0.020
0 0.984 0.726 0.013 0.018
0 0.593 0.696 0.011 0.018
0 0.610 0.281 0.008 0.011
0 0.399 0.258 0.011 0.017
0 0.995 0.020 0.009 0.014
