0 0.445751 0.624767 0.006671 0.005131
0 0.465590 0.484608 0.006320 0.004664
0 0.646945 0.403451 0.005267 0.003731
0 0.201721 0.380830 0.002458 0.002332
0 0.640976 0.348531 0.005969 0.004431
0 0.675211 0.338386 0.004213 0.003731
0 0.777037 0.312150 0.005618 0.003965
0 0.783532 0.309701 0.005267 0.003731
0 0.146067 0.267141 0.006320 0.004897
0 0.894838 0.221665 0.008076 0.005830
0 0.883954 0.220965 0.008076 0.005830
0 0.305478 0.163130 0.005618 0.004431
0 0.553722 0.157299 0.009831 0.005830
0 0.998420 0.144356 0.005969 0.004664
0 0.873420 0.097948 0.007374 0.005131
0 0.522472 0.095149 0.007725 0.004664
0 0.749473 0.077659 0.003862 0.002332
0 1.057584 0.074860 0.004916 0.003265
0 0.502809 0.069496 0.006320 0.004198
0 0.332690 0.064249 0.003862 0.003032
0 0.775281 0.065415 0.008427 0.006763
0 0.741749 0.058419 0.005267 0.003498
0 0.810920 0.055737 0.007374 0.004198
0 0.786341 0.051772 0.005267 0.003731
0 0.398701 0.046292 0.005267 0.003965
0 0.800035 0.042444 0.007374 0.005131
0 0.679424 0.040928 0.009831 0.005364
0 0.846032 0.005947 0.005267 0.003498
1 0.702423 0.457323 0.047402 0.025187
1 0.419768 0.430970 0.037570 0.027985
1 0.135534 0.410914 0.035815 0.021455
1 0.182935 0.407766 0.063904 0.052006
1 0.253687 0.361241 0.012992 0.014925
1 0.199438 0.369403 0.066011 0.034515
1 0.614466 0.308069 0.143961 0.043843
1 1.079881 0.239506 0.010885 0.008862
1 0.139572 0.236241 0.021419 0.004198
1 0.836552 0.222831 0.015098 0.006763
1 0.192065 0.210704 0.113764 0.043144
1 0.470857 0.193447 0.033006 0.022621
1 0.547402 0.146688 0.016854 0.012127
1 0.413097 0.134911 0.015098 0.015625
1 0.852177 0.102729 0.009831 0.004897
1 0.696805 0.111824 0.093750 0.035681
1 1.060744 0.098647 0.023876 0.022854
1 1.154319 0.109492 0.083216 0.053405
1 0.754565 0.090485 0.020365 0.016325
1 0.846559 0.085354 0.033006 0.020522
1 0.894487 0.068913 0.017205 0.007229
1 1.054951 0.052938 0.056531 0.034515
1 0.845857 0.037313 0.043539 0.009795
1 0.854810 0.025070 0.020014 0.008629
1 0.564782 0.021222 0.015801 0.009795
1 0.579705 0.016908 0.013343 0.005364
1 0.622367 0.014226 0.077598 0.027052
2 0.768785 0.591418 0.006671 0.004198
2 0.455056 0.451259 0.013343 0.008396
2 0.442942 0.446479 0.003862 0.005830
2 0.729459 0.434701 0.005969 0.005597
2 0.939431 0.416861 0.003160 0.001632
2 0.472612 0.416045 0.009831 0.009795
2 0.925562 0.399487 0.002809 0.002799
2 0.920646 0.398787 0.003511 0.003265
2 0.926615 0.393657 0.011236 0.006996
2 0.753160 0.390508 0.012640 0.010028
2 0.738940 0.385028 0.003862 0.004664
2 0.956987 0.382463 0.005969 0.006063
2 0.246489 0.369403 0.006320 0.004664
2 0.750878 0.356810 0.008076 0.009795
2 0.685218 0.347248 0.004565 0.003731
2 0.764572 0.346782 0.003862 0.009328
2 0.645892 0.340252 0.008076 0.006530
2 0.719101 0.337570 0.005618 0.004431
2 0.638869 0.333839 0.006671 0.003965
2 0.725597 0.346432 0.051615 0.032416
2 0.725421 0.332206 0.005618 0.004431
2 0.834972 0.331623 0.004213 0.004664
2 0.687676 0.331040 0.005267 0.004897
2 0.823385 0.328242 0.008427 0.007696
2 0.707338 0.329874 0.018610 0.011894
2 0.836025 0.325910 0.002809 0.004897
2 0.847437 0.325326 0.002458 0.005131
2 0.844101 0.322878 0.002809 0.003965
2 0.831110 0.307369 0.002809 0.004664
2 0.826721 0.307719 0.004565 0.005364
2 0.840941 0.313433 0.011938 0.018657
2 0.745787 0.254897 0.003511 0.005597
2 0.752985 0.253498 0.008076 0.009328
2 0.736833 0.232043 0.009480 0.014925
2 0.901510 0.203475 0.008778 0.008162
2 0.914677 0.201026 0.003511 0.006063
2 0.940836 0.195312 0.005267 0.003965
2 0.905197 0.195896 0.008427 0.007929
2 0.948736 0.192048 0.005618 0.003965
2 0.928897 0.192048 0.008076 0.009562
2 0.981039 0.187850 0.008427 0.006297
2 0.943645 0.187617 0.010183 0.006297
2 0.965590 0.185401 0.004213 0.002799
2 0.910288 0.182369 0.007374 0.005597
2 0.170119 0.178172 0.004565 0.003265
2 0.950140 0.173974 0.007725 0.005597
2 0.944171 0.172341 0.004213 0.003265
2 0.175211 0.173274 0.004916 0.006063
2 0.184691 0.163246 0.004213 0.004198
2 0.871664 0.137826 0.002458 0.002799
2 0.872893 0.133512 0.004916 0.003965
2 0.876756 0.118004 0.004916 0.003731
2 0.888518 0.108675 0.002458 0.005597
2 0.874298 0.108209 0.005618 0.004664
2 0.914150 0.104478 0.005267 0.003731
2 0.879740 0.103078 0.003862 0.003731
2 0.893785 0.109608 0.016503 0.020989
2 0.903792 0.096898 0.016152 0.010961
2 0.885358 0.092584 0.003160 0.002799
2 0.909761 0.086637 0.005618 0.003032
2 0.684691 0.077542 0.004916 0.003498
2 0.638518 0.074510 0.010885 0.007229
2 0.670646 0.073111 0.009831 0.005364
2 0.606039 0.073111 0.007022 0.008162
2 0.920646 0.070196 0.002809 0.002799
2 0.924684 0.069263 0.004565 0.003731
2 0.696454 0.072062 0.012289 0.009795
2 0.928897 0.068214 0.003160 0.002565
2 0.909937 0.068330 0.007374 0.006530
2 0.683989 0.069030 0.009831 0.009328
2 0.902037 0.066231 0.006320 0.006063
2 1.038097 0.066698 0.013694 0.009328
2 0.651861 0.063666 0.005267 0.003731
2 0.872893 0.062500 0.003511 0.002332
2 0.643258 0.062383 0.002809 0.003498
2 0.708743 0.062850 0.003862 0.005830
2 0.660639 0.063316 0.007374 0.009095
2 0.883427 0.058885 0.003511 0.002099
2 0.878160 0.058652 0.004213 0.002099
2 0.639923 0.059468 0.004565 0.005597
2 0.645190 0.057369 0.003862 0.003265
2 0.690485 0.057253 0.005969 0.004431
2 0.707690 0.056437 0.005267 0.004198
2 0.593926 0.056320 0.003862 0.003965
2 0.876580 0.055037 0.003862 0.002332
2 0.696454 0.058419 0.005267 0.010028
2 0.670119 0.058535 0.010885 0.010261
2 0.871664 0.054454 0.003862 0.002565
2 0.892381 0.057253 0.014396 0.009562
2 0.859199 0.055037 0.018258 0.008862
2 0.701194 0.051772 0.007725 0.007463
2 0.681531 0.048624 0.005618 0.003032
2 0.604284 0.045126 0.004213 0.003032
2 0.656074 0.044076 0.003862 0.002332
2 0.717521 0.048974 0.015098 0.012593
2 0.732795 0.044893 0.012640 0.010961
2 0.719101 0.039762 0.011236 0.006297
2 0.755618 0.037080 0.006320 0.004198
2 0.596383 0.032882 0.003862 0.003731
2 0.747893 0.029967 0.004213 0.004431
2 0.776334 0.029734 0.007725 0.007696
2 0.598315 0.022971 0.008427 0.006763
2 0.450492 0.630480 0.044944 0.032882
2 0.143610 0.398787 0.068820 0.030317
2 0.146243 0.368470 0.080407 0.038713
2 0.738940 0.105527 0.020014 0.012826
2 0.874824 0.075326 0.031952 0.020989
2 1.129213 0.087803 0.130618 0.082789
2 0.794066 0.019007 0.083216 0.038013
2 0.687500 0.018657 0.062500 0.037313
3 0.393083 0.302122 0.155548 0.112174
