2 0.401 0.673 0.005 0.010
2 0.380 0.660 0.014 0.013
2 0.908 0.654 0.005 0.008
2 0.355 0.654 0.009 0.017
2 0.377 0.646 0.017 0.013
2 0.878 0.638 0.004 0.006
2 0.915 0.628 0.010 0.012
2 0.404 0.647 0.020 0.053
2 0.348 0.638 0.028 0.034
2 0.356 0.615 0.007 0.024
2 0.316 0.598 0.009 0.017
2 0.328 0.588 0.007 0.008
2 0.878 0.582 0.010 0.010
2 0.439 0.583 0.012 0.014
2 0.354 0.577 0.007 0.013
2 0.389 0.577 0.020 0.022
2 0.322 0.573 0.006 0.015
2 0.427 0.569 0.011 0.011
2 0.335 0.576 0.017 0.026
2 0.445 0.568 0.012 0.015
2 0.402 0.568 0.014 0.020
2 0.486 0.554 0.003 0.006
2 0.816 0.542 0.014 0.019
2 0.406 0.535 0.010 0.011
2 0.427 0.511 0.006 0.006
2 0.436 0.500 0.004 0.008
2 0.406 0.500 0.010 0.015
2 0.403 0.446 0.007 0.007
2 0.358 0.449 0.009 0.013
2 0.521 0.431 0.004 0.004
2 0.396 0.337 0.007 0.011
2 0.357 0.269 0.005 0.008
2 0.276 0.235 0.010 0.014
2 0.698 0.212 0.007 0.015
2 0.697 0.178 0.007 0.011
2 0.700 0.168 0.003 0.003
2 0.643 0.168 0.003 0.005
2 0.690 0.163 0.004 0.004
2 0.691 0.152 0.007 0.010
2 0.704 0.147 0.005 0.005
2 0.681 0.149 0.012 0.018
2 0.654 0.149 0.020 0.018
2 0.638 0.145 0.012 0.028
2 0.687 0.134 0.007 0.009
2 0.693 0.128 0.004 0.006
2 0.687 0.126 0.004 0.004
2 0.708 0.120 0.004 0.006
2 0.712 0.116 0.005 0.005
2 0.697 0.119 0.007 0.013
2 0.733 0.108 0.008 0.008
2 0.698 0.097 0.005 0.008
2 0.704 0.091 0.002 0.003
2 0.730 0.075 0.036 0.034
1 0.899 0.647 0.016 0.037
1 0.888 0.637 0.021 0.038
1 0.676 0.191 0.026 0.062
0 0.429 0.660 0.008 0.013
0 0.272 0.187 0.008 0.013
