1 0.702892 0.949263 0.011660 0.018610
1 0.567747 0.914677 0.057136 0.044944
1 0.328008 0.864466 0.042211 0.033708
1 0.633979 0.811973 0.008162 0.012289
1 0.456623 0.795646 0.016325 0.007022
1 0.166395 0.766503 0.018424 0.042135
1 0.139109 0.716468 0.015625 0.030548
1 0.583256 0.582338 0.013526 0.011587
1 0.350396 0.328476 0.009095 0.015098
1 0.332556 0.327949 0.015858 0.018258
1 0.329757 0.306180 0.008396 0.014747
1 0.347248 0.306531 0.008862 0.018258
1 0.208256 0.260534 0.010728 0.021770
1 0.381763 0.257725 0.021922 0.029494
1 0.471549 0.244382 0.055504 0.034410
1 0.426656 0.226475 0.024487 0.014045
1 0.380947 0.215414 0.031483 0.040379
1 0.253731 0.174333 0.013526 0.017907
1 0.272854 0.135885 0.006996 0.011938
1 0.670592 0.061447 0.005364 0.017556
2 0.390625 0.414677 0.007929 0.014045
2 0.359492 0.373420 0.011427 0.034059
2 0.377215 0.346559 0.017024 0.021770
2 0.420009 0.315836 0.007929 0.010885
2 0.434352 0.305829 0.007696 0.016854
2 0.387360 0.293539 0.014925 0.015449
2 0.359608 0.255969 0.007929 0.016152
2 0.542211 0.963308 0.016791 0.029143
2 0.712104 0.922051 0.030084 0.040730
2 0.742304 0.856039 0.014925 0.026685
2 0.184701 0.769136 0.019123 0.034059
2 0.781250 0.788799 0.048507 0.075492
2 0.750583 0.739642 0.020756 0.034761
2 0.398554 0.258603 0.025653 0.050913
2 0.291978 0.045822 0.037313 0.020014
2 0.556320 0.026861 0.025420 0.043188
3 0.691231 0.482971 0.118004 0.198385
