1 0.009 0.998 0.004 0.004
1 0.051 0.995 0.012 0.010
1 0.076 0.993 0.005 0.013
1 0.119 0.981 0.009 0.013
1 0.035 0.980 0.007 0.011
1 0.140 0.960 0.006 0.010
1 0.098 0.963 0.009 0.019
1 0.040 0.955 0.012 0.015
1 0.181 0.925 0.009 0.008
1 0.154 0.926 0.007 0.013
1 0.168 0.920 0.011 0.027
1 0.147 0.898 0.008 0.010
1 0.193 0.899 0.011 0.015
1 0.049 0.894 0.007 0.015
1 0.177 0.882 0.015 0.019
1 0.110 0.892 0.029 0.058
1 0.125 0.858 0.009 0.007
0 0.046 0.611 0.013 0.015
0 0.102 0.540 0.013 0.014
0 0.088 0.485 0.010 0.017
4 0.437 0.918 0.203 0.164
3 0.098 0.499 0.079 0.074
