2 0.937 0.742 0.006 0.012
2 0.927 0.728 0.014 0.007
2 0.895 0.730 0.010 0.013
2 0.942 0.718 0.003 0.006
2 0.920 0.695 0.004 0.006
2 0.989 0.593 0.008 0.016
2 0.898 0.427 0.004 0.007
2 0.898 0.410 0.005 0.013
2 0.886 0.393 0.006 0.014
2 0.863 0.391 0.006 0.011
2 0.920 0.378 0.012 0.015
2 0.895 0.368 0.008 0.017
2 0.880 0.350 0.006 0.008
2 0.869 0.342 0.005 0.008
2 0.930 0.334 0.007 0.011
2 0.912 0.334 0.008 0.018
2 0.897 0.341 0.012 0.031
2 0.936 0.328 0.003 0.007
2 0.917 0.319 0.004 0.007
2 0.880 0.320 0.006 0.018
2 0.917 0.118 0.003 0.006
2 0.881 0.100 0.004 0.005
1 0.420 0.998 0.011 0.004
1 0.790 0.968 0.022 0.044
1 0.898 0.244 0.067 0.031
0 0.246 0.959 0.006 0.008
0 0.807 0.953 0.011 0.018
0 0.720 0.872 0.007 0.010
0 0.720 0.662 0.008 0.012
0 0.735 0.626 0.008 0.013
0 0.866 0.539 0.009 0.015
0 0.987 0.513 0.007 0.008
0 0.866 0.513 0.008 0.013
0 0.666 0.505 0.006 0.009
0 0.977 0.506 0.009 0.013
0 0.971 0.492 0.007 0.010
0 0.668 0.486 0.007 0.008
0 0.969 0.480 0.006 0.008
0 0.879 0.483 0.012 0.015
0 0.993 0.458 0.009 0.011
0 0.628 0.394 0.016 0.020
0 0.701 0.279 0.011 0.015
0 0.810 0.268 0.009 0.010
0 0.644 0.262 0.006 0.007
0 0.665 0.257 0.005 0.006
0 0.686 0.234 0.010 0.013
0 0.739 0.216 0.004 0.007
0 0.876 0.199 0.007 0.008
