2 0.676 0.946 0.021 0.027
2 0.206 0.936 0.035 0.038
2 0.264 0.863 0.015 0.020
2 0.248 0.867 0.013 0.033
2 0.245 0.828 0.014 0.027
2 0.376 0.803 0.014 0.018
2 0.275 0.759 0.010 0.016
2 0.174 0.512 0.003 0.012
2 0.165 0.494 0.006 0.012
2 0.420 0.459 0.009 0.008
2 0.844 0.463 0.018 0.024
2 0.376 0.449 0.015 0.019
2 0.830 0.448 0.045 0.058
2 0.835 0.398 0.008 0.012
2 0.414 0.106 0.005 0.009
2 0.469 0.102 0.024 0.020
1 0.298 0.977 0.008 0.007
1 0.235 0.900 0.003 0.006
1 0.237 0.723 0.003 0.005
1 0.403 0.720 0.003 0.009
1 0.410 0.710 0.003 0.005
1 0.401 0.683 0.001 0.002
1 0.410 0.683 0.004 0.007
1 0.415 0.645 0.002 0.004
1 0.424 0.636 0.003 0.004
1 0.404 0.636 0.003 0.004
1 0.408 0.571 0.002 0.003
1 0.409 0.562 0.005 0.008
1 0.416 0.555 0.003 0.004
1 0.182 0.518 0.007 0.008
1 0.191 0.513 0.003 0.006
1 0.149 0.508 0.007 0.005
1 0.154 0.503 0.002 0.004
1 0.187 0.500 0.002 0.005
1 0.259 0.501 0.006 0.008
1 0.191 0.498 0.003 0.004
1 0.183 0.497 0.004 0.006
1 0.153 0.496 0.003 0.003
1 0.163 0.487 0.003 0.002
1 0.251 0.487 0.007 0.009
1 0.189 0.485 0.008 0.008
1 0.389 0.483 0.003 0.006
1 0.158 0.481 0.002 0.003
1 0.146 0.487 0.008 0.024
1 0.243 0.475 0.006 0.009
1 0.155 0.473 0.004 0.008
1 0.547 0.470 0.005 0.008
1 0.399 0.481 0.010 0.034
1 0.449 0.464 0.008 0.007
1 0.394 0.456 0.011 0.037
1 0.453 0.441 0.004 0.009
1 0.461 0.433 0.003 0.004
1 0.454 0.432 0.002 0.005
1 0.424 0.431 0.002 0.002
1 0.395 0.428 0.002 0.003
1 0.209 0.427 0.003 0.005
1 0.437 0.425 0.004 0.005
1 0.457 0.425 0.007 0.007
1 0.207 0.420 0.002 0.004
1 0.444 0.420 0.009 0.011
1 0.410 0.416 0.006 0.007
1 0.453 0.402 0.002 0.006
1 0.429 0.409 0.015 0.029
1 0.166 0.392 0.004 0.005
1 0.405 0.341 0.002 0.004
1 0.406 0.335 0.002 0.004
1 0.241 0.107 0.005 0.007
1 0.263 0.103 0.004 0.005
1 0.247 0.086 0.007 0.006
0 0.267 0.949 0.006 0.007
0 0.343 0.943 0.005 0.008
0 0.710 0.881 0.004 0.006
0 0.356 0.855 0.006 0.010
0 0.205 0.841 0.006 0.010
0 0.299 0.834 0.005 0.008
0 0.182 0.815 0.003 0.005
0 0.373 0.773 0.003 0.005
0 0.265 0.770 0.004 0.006
0 0.257 0.767 0.003 0.006
0 0.380 0.768 0.007 0.009
0 0.443 0.751 0.006 0.008
0 0.601 0.744 0.004 0.006
0 0.365 0.713 0.006 0.009
0 0.295 0.677 0.004 0.005
0 0.436 0.672 0.006 0.009
0 0.271 0.671 0.005 0.007
0 0.219 0.668 0.006 0.010
0 0.294 0.661 0.005 0.005
0 0.291 0.646 0.004 0.008
0 0.270 0.642 0.003 0.004
0 0.229 0.619 0.008 0.011
0 0.196 0.595 0.003 0.004
0 0.294 0.562 0.005 0.008
0 0.109 0.560 0.003 0.006
0 0.216 0.512 0.004 0.005
0 0.160 0.465 0.004 0.006
0 0.363 0.461 0.003 0.005
0 0.435 0.462 0.004 0.008
0 0.416 0.440 0.003 0.006
0 0.269 0.421 0.003 0.006
0 0.277 0.399 0.005 0.007
0 0.335 0.378 0.004 0.006
0 0.230 0.370 0.003 0.005
0 0.335 0.353 0.004 0.006
0 0.482 0.189 0.003 0.005
0 0.491 0.186 0.003 0.004
0 0.491 0.178 0.005 0.007
0 0.753 0.146 0.004 0.006
0 0.740 0.139 0.004 0.007
0 0.751 0.134 0.003 0.006
0 0.528 0.133 0.003 0.006
0 0.546 0.130 0.003 0.006
0 0.435 0.128 0.003 0.005
0 0.555 0.127 0.004 0.007
0 0.297 0.077 0.006 0.009
4 0.707 0.606 0.111 0.214
3 0.457 0.895 0.057 0.086
3 0.222 0.849 0.030 0.047
3 0.440 0.672 0.014 0.034
3 0.451 0.516 0.017 0.028
3 0.177 0.467 0.015 0.022
3 0.189 0.419 0.028 0.053
3 0.557 0.098 0.010 0.027
