2 0.942 0.596 0.009 0.009
2 0.561 0.563 0.002 0.002
2 0.571 0.564 0.006 0.004
2 0.873 0.554 0.007 0.006
2 0.905 0.538 0.005 0.006
2 0.843 0.546 0.027 0.024
2 0.675 0.537 0.011 0.007
2 0.890 0.535 0.005 0.005
2 0.695 0.535 0.004 0.005
2 0.814 0.531 0.011 0.007
2 0.644 0.528 0.003 0.003
2 0.750 0.528 0.004 0.005
2 0.824 0.534 0.011 0.018
2 0.680 0.526 0.003 0.004
2 0.651 0.527 0.008 0.006
2 0.715 0.524 0.005 0.004
2 0.697 0.525 0.006 0.010
2 0.684 0.523 0.005 0.004
2 0.895 0.521 0.004 0.003
2 0.852 0.521 0.004 0.004
2 0.690 0.520 0.004 0.005
2 0.664 0.522 0.014 0.008
2 0.826 0.516 0.007 0.007
2 0.503 0.514 0.009 0.003
2 0.840 0.515 0.007 0.006
2 0.812 0.516 0.011 0.009
2 0.862 0.513 0.004 0.004
2 0.735 0.516 0.008 0.017
2 0.907 0.515 0.015 0.016
2 0.607 0.503 0.006 0.007
2 0.874 0.500 0.004 0.008
2 0.465 0.497 0.004 0.002
2 0.539 0.497 0.005 0.004
2 0.446 0.497 0.006 0.004
2 0.697 0.508 0.051 0.028
2 0.455 0.494 0.004 0.002
2 0.658 0.496 0.007 0.007
2 0.457 0.487 0.006 0.004
2 0.935 0.488 0.007 0.007
2 0.715 0.486 0.008 0.005
2 0.437 0.476 0.007 0.004
2 0.914 0.480 0.018 0.014
2 0.927 0.475 0.007 0.006
2 0.524 0.474 0.004 0.004
2 0.939 0.473 0.010 0.005
2 0.451 0.471 0.004 0.003
2 0.878 0.472 0.005 0.004
2 0.896 0.470 0.005 0.003
2 0.739 0.471 0.004 0.004
2 0.487 0.466 0.005 0.003
2 0.910 0.462 0.004 0.005
2 0.558 0.463 0.007 0.007
2 0.490 0.461 0.004 0.005
2 0.709 0.455 0.004 0.004
2 0.973 0.453 0.004 0.003
2 0.722 0.453 0.005 0.006
2 0.871 0.462 0.032 0.024
2 0.572 0.451 0.005 0.006
2 0.555 0.452 0.005 0.009
2 0.842 0.452 0.022 0.010
2 0.907 0.451 0.012 0.008
2 0.896 0.449 0.007 0.005
2 0.720 0.446 0.005 0.005
2 0.917 0.444 0.005 0.003
2 0.508 0.444 0.004 0.004
2 0.499 0.442 0.004 0.004
2 0.593 0.439 0.002 0.004
2 1.021 0.442 0.015 0.012
2 0.713 0.437 0.006 0.005
2 0.600 0.438 0.005 0.007
2 0.436 0.433 0.006 0.004
2 0.957 0.430 0.004 0.003
2 0.938 0.430 0.007 0.008
2 0.765 0.430 0.008 0.010
2 0.759 0.426 0.003 0.002
2 0.971 0.425 0.004 0.003
2 0.915 0.426 0.037 0.021
2 0.880 0.419 0.006 0.010
2 0.597 0.417 0.003 0.006
2 0.667 0.411 0.005 0.002
2 0.745 0.424 0.039 0.031
2 0.616 0.410 0.003 0.003
2 0.457 0.408 0.003 0.004
2 0.676 0.407 0.004 0.004
2 0.502 0.405 0.006 0.005
2 0.713 0.404 0.012 0.009
2 0.698 0.401 0.005 0.004
2 0.960 0.406 0.014 0.015
2 0.622 0.400 0.005 0.007
2 0.861 0.408 0.059 0.024
2 0.675 0.399 0.005 0.007
2 1.158 0.397 0.007 0.004
2 0.681 0.396 0.003 0.003
2 0.792 0.400 0.012 0.016
2 0.514 0.394 0.008 0.009
2 0.592 0.399 0.024 0.021
2 0.553 0.401 0.057 0.027
2 0.869 0.390 0.006 0.005
2 0.521 0.386 0.019 0.008
2 0.617 0.386 0.006 0.008
2 0.574 0.383 0.004 0.004
2 0.672 0.381 0.004 0.007
2 0.887 0.378 0.005 0.004
2 0.577 0.375 0.008 0.004
2 0.528 0.374 0.004 0.003
2 0.851 0.380 0.021 0.016
2 0.470 0.374 0.008 0.007
2 0.599 0.373 0.009 0.009
2 0.690 0.370 0.013 0.008
2 0.914 0.392 0.051 0.053
2 0.708 0.364 0.004 0.004
2 0.589 0.375 0.025 0.027
2 0.766 0.367 0.009 0.011
2 0.759 0.383 0.074 0.044
2 0.701 0.364 0.004 0.007
2 0.510 0.363 0.011 0.006
2 0.778 0.365 0.008 0.010
2 0.735 0.359 0.002 0.002
2 0.809 0.375 0.038 0.033
2 0.705 0.356 0.004 0.003
2 0.758 0.362 0.006 0.016
2 0.867 0.357 0.006 0.008
2 0.912 0.354 0.005 0.003
2 1.034 0.354 0.006 0.005
2 0.924 0.355 0.007 0.006
2 0.730 0.353 0.003 0.004
2 0.572 0.356 0.008 0.011
2 0.565 0.352 0.005 0.003
2 0.502 0.354 0.035 0.011
2 0.902 0.351 0.014 0.010
2 0.497 0.343 0.004 0.004
2 0.769 0.344 0.003 0.006
2 0.930 0.341 0.005 0.005
2 0.762 0.341 0.008 0.006
2 0.615 0.334 0.009 0.007
2 0.935 0.332 0.006 0.004
2 0.914 0.329 0.007 0.004
2 1.013 0.339 0.015 0.026
2 0.611 0.326 0.007 0.006
2 0.682 0.339 0.025 0.037
2 0.711 0.333 0.034 0.028
2 0.478 0.321 0.008 0.009
2 0.878 0.324 0.020 0.016
2 0.987 0.328 0.035 0.024
2 0.460 0.318 0.008 0.006
2 0.934 0.318 0.018 0.019
2 0.808 0.309 0.002 0.003
2 0.704 0.313 0.007 0.010
2 0.981 0.310 0.014 0.008
2 0.951 0.309 0.018 0.009
2 0.696 0.307 0.005 0.004
2 0.498 0.305 0.004 0.002
2 0.554 0.306 0.012 0.005
2 0.849 0.306 0.013 0.009
2 0.948 0.302 0.006 0.004
2 0.633 0.301 0.005 0.004
2 0.637 0.335 0.084 0.081
2 0.942 0.296 0.004 0.005
2 0.650 0.297 0.005 0.007
2 0.935 0.295 0.005 0.004
2 0.663 0.297 0.011 0.009
2 0.506 0.301 0.019 0.016
2 0.554 0.295 0.005 0.006
2 0.954 0.295 0.006 0.009
2 0.579 0.299 0.030 0.016
2 0.728 0.293 0.011 0.006
2 0.834 0.296 0.021 0.014
2 0.914 0.290 0.004 0.003
2 0.632 0.292 0.012 0.006
2 0.457 0.300 0.024 0.023
2 0.700 0.294 0.012 0.014
2 0.788 0.293 0.016 0.014
2 0.768 0.288 0.012 0.008
2 0.551 0.286 0.006 0.003
2 0.422 0.287 0.019 0.009
2 0.759 0.296 0.037 0.025
2 0.683 0.287 0.006 0.008
2 0.800 0.285 0.005 0.007
2 0.713 0.286 0.012 0.010
2 1.084 0.282 0.011 0.008
2 0.804 0.280 0.004 0.005
2 0.797 0.278 0.003 0.003
2 0.967 0.278 0.003 0.003
2 0.816 0.285 0.025 0.017
2 0.540 0.281 0.011 0.011
2 0.991 0.275 0.003 0.002
2 0.731 0.276 0.003 0.005
2 0.709 0.276 0.005 0.007
2 0.801 0.273 0.004 0.006
2 0.536 0.271 0.003 0.002
2 0.434 0.273 0.010 0.008
2 0.796 0.270 0.007 0.004
2 0.518 0.270 0.004 0.002
2 0.495 0.272 0.010 0.007
2 0.632 0.272 0.008 0.008
2 0.597 0.268 0.002 0.003
2 0.613 0.274 0.025 0.018
2 0.594 0.266 0.002 0.002
2 0.747 0.266 0.006 0.004
2 0.932 0.265 0.004 0.004
2 0.598 0.264 0.002 0.002
2 0.527 0.264 0.006 0.004
2 0.462 0.262 0.005 0.003
2 0.583 0.264 0.008 0.007
2 0.428 0.259 0.005 0.003
2 0.893 0.261 0.012 0.008
2 1.001 0.258 0.004 0.003
2 0.451 0.258 0.009 0.004
2 0.577 0.258 0.008 0.006
2 0.440 0.257 0.004 0.003
2 0.581 0.255 0.004 0.003
2 0.500 0.256 0.006 0.004
2 0.879 0.256 0.006 0.009
2 0.784 0.251 0.005 0.004
2 0.472 0.254 0.014 0.011
2 0.514 0.250 0.006 0.004
2 0.524 0.249 0.004 0.003
2 0.631 0.256 0.015 0.017
2 0.945 0.249 0.009 0.006
2 0.985 0.247 0.003 0.003
2 0.855 0.251 0.040 0.014
2 0.621 0.247 0.012 0.007
2 0.634 0.243 0.006 0.004
2 0.763 0.242 0.003 0.002
2 0.474 0.241 0.003 0.003
2 0.741 0.243 0.008 0.007
2 0.486 0.243 0.005 0.006
2 0.480 0.240 0.002 0.001
2 0.906 0.241 0.005 0.004
2 0.589 0.244 0.013 0.010
2 0.621 0.240 0.006 0.005
2 1.087 0.239 0.006 0.005
2 0.800 0.239 0.006 0.005
2 1.078 0.238 0.009 0.005
2 0.609 0.239 0.008 0.008
2 0.817 0.236 0.003 0.003
2 0.842 0.238 0.008 0.008
2 0.824 0.236 0.003 0.004
2 0.830 0.235 0.003 0.004
2 0.475 0.235 0.006 0.004
2 0.765 0.233 0.002 0.002
2 0.876 0.234 0.008 0.006
2 1.139 0.232 0.005 0.003
2 0.803 0.232 0.006 0.004
2 0.854 0.233 0.015 0.010
2 0.689 0.229 0.004 0.003
2 0.892 0.230 0.015 0.008
2 0.869 0.228 0.006 0.007
2 0.778 0.226 0.006 0.004
2 0.805 0.223 0.004 0.003
2 0.969 0.222 0.005 0.005
2 0.672 0.223 0.016 0.009
2 1.090 0.217 0.005 0.003
2 0.679 0.218 0.004 0.004
2 0.908 0.222 0.014 0.013
2 0.651 0.215 0.003 0.003
2 0.703 0.218 0.017 0.011
2 0.893 0.215 0.004 0.006
2 0.925 0.215 0.007 0.007
2 0.948 0.220 0.012 0.017
2 0.625 0.212 0.004 0.003
2 1.243 0.212 0.005 0.005
2 0.946 0.210 0.002 0.003
2 0.938 0.209 0.006 0.003
2 0.960 0.208 0.004 0.002
2 0.907 0.208 0.013 0.006
2 0.918 0.207 0.009 0.004
2 0.965 0.205 0.004 0.002
2 0.677 0.205 0.006 0.003
2 0.604 0.203 0.005 0.003
2 0.559 0.203 0.006 0.004
2 1.231 0.200 0.003 0.002
2 1.225 0.200 0.006 0.002
2 0.626 0.202 0.013 0.007
2 0.881 0.200 0.004 0.003
2 0.950 0.197 0.003 0.002
2 1.208 0.199 0.008 0.006
2 0.875 0.197 0.006 0.003
2 0.656 0.197 0.003 0.003
2 0.552 0.197 0.004 0.005
2 0.567 0.198 0.011 0.007
2 0.959 0.195 0.003 0.002
2 0.941 0.198 0.008 0.007
2 0.639 0.195 0.003 0.004
2 1.245 0.196 0.010 0.007
2 0.599 0.193 0.005 0.003
2 0.611 0.191 0.004 0.003
2 0.570 0.191 0.004 0.003
2 0.886 0.185 0.007 0.005
2 0.931 0.182 0.006 0.004
2 0.604 0.181 0.002 0.004
2 0.908 0.180 0.004 0.003
2 0.757 0.178 0.008 0.005
2 0.182 0.180 0.008 0.011
2 0.914 0.175 0.007 0.002
2 0.954 0.175 0.006 0.003
2 0.265 0.163 0.012 0.007
2 0.597 0.156 0.004 0.002
2 0.422 0.158 0.013 0.007
2 0.272 0.156 0.013 0.005
2 1.063 0.155 0.005 0.003
2 0.260 0.154 0.005 0.003
2 0.285 0.151 0.009 0.004
2 0.608 0.149 0.009 0.006
2 0.593 0.146 0.005 0.003
2 0.620 0.146 0.009 0.006
2 0.198 0.140 0.006 0.003
2 0.965 0.139 0.004 0.003
2 0.277 0.137 0.005 0.003
2 0.566 0.137 0.007 0.006
2 0.556 0.135 0.011 0.005
2 0.203 0.132 0.005 0.003
2 0.611 0.134 0.015 0.008
2 0.582 0.131 0.006 0.004
2 0.577 0.125 0.003 0.002
2 0.272 0.125 0.007 0.004
2 0.568 0.125 0.008 0.004
2 0.253 0.123 0.004 0.003
2 0.722 0.121 0.007 0.004
2 0.267 0.120 0.008 0.003
2 0.452 0.120 0.010 0.006
2 0.207 0.111 0.005 0.003
2 0.604 0.100 0.012 0.007
2 0.617 0.095 0.004 0.002
2 0.264 0.091 0.004 0.004
2 0.633 0.080 0.012 0.004
2 0.627 0.076 0.004 0.003
2 0.259 0.076 0.006 0.003
2 0.618 0.067 0.011 0.004
2 0.422 0.067 0.005 0.003
2 0.633 0.067 0.007 0.004
2 0.398 0.062 0.005 0.005
2 0.784 0.054 0.006 0.004
2 0.420 0.054 0.014 0.008
2 0.312 0.039 0.005 0.002
2 0.406 0.034 0.003 0.001
2 1.005 0.027 0.005 0.003
2 0.350 0.025 0.003 0.002
2 0.413 0.020 0.004 0.003
2 1.022 0.018 0.004 0.003
2 0.592 0.018 0.012 0.003
2 0.350 0.017 0.005 0.003
2 0.423 0.017 0.009 0.005
2 0.380 0.017 0.014 0.004
2 0.337 0.015 0.006 0.003
2 0.402 0.012 0.009 0.005
2 0.751 0.010 0.015 0.007
1 0.979 0.656 0.019 0.007
1 0.661 0.648 0.025 0.005
1 0.637 0.633 0.040 0.025
1 0.596 0.610 0.027 0.011
1 0.779 0.615 0.042 0.029
1 0.548 0.604 0.023 0.012
1 1.120 0.596 0.029 0.016
1 0.503 0.574 0.033 0.009
1 0.580 0.583 0.116 0.031
1 0.654 0.565 0.028 0.010
1 0.637 0.555 0.006 0.003
1 0.571 0.546 0.011 0.003
1 0.653 0.543 0.015 0.008
1 0.520 0.540 0.020 0.010
1 0.532 0.531 0.008 0.006
1 0.485 0.544 0.050 0.048
1 0.613 0.507 0.006 0.005
1 0.906 0.503 0.013 0.011
1 1.141 0.503 0.020 0.018
1 0.622 0.495 0.017 0.008
1 0.624 0.480 0.015 0.010
1 0.645 0.476 0.008 0.006
1 1.026 0.424 0.007 0.006
1 0.611 0.412 0.008 0.007
1 1.014 0.402 0.013 0.008
1 0.818 0.402 0.009 0.012
1 0.485 0.400 0.023 0.014
1 0.830 0.396 0.010 0.012
1 0.445 0.381 0.013 0.005
1 1.001 0.376 0.078 0.025
1 0.838 0.361 0.006 0.006
1 0.857 0.350 0.005 0.004
1 0.824 0.339 0.008 0.006
1 0.926 0.335 0.007 0.006
1 0.536 0.336 0.012 0.008
1 0.868 0.332 0.004 0.005
1 0.801 0.333 0.011 0.011
1 0.907 0.332 0.021 0.010
1 0.863 0.304 0.012 0.007
1 0.793 0.300 0.008 0.012
1 0.680 0.299 0.026 0.018
1 0.531 0.289 0.015 0.005
1 1.177 0.289 0.013 0.010
1 1.017 0.281 0.004 0.006
1 0.392 0.276 0.011 0.006
1 0.719 0.273 0.008 0.007
1 1.128 0.257 0.047 0.031
1 0.985 0.243 0.010 0.007
1 0.931 0.242 0.008 0.006
1 1.122 0.241 0.008 0.009
1 0.154 0.239 0.010 0.005
1 1.110 0.239 0.009 0.006
1 0.920 0.238 0.011 0.010
1 0.988 0.236 0.006 0.007
1 1.120 0.232 0.011 0.006
1 0.591 0.227 0.012 0.008
1 0.687 0.194 0.019 0.011
1 0.685 0.186 0.002 0.004
1 0.908 0.193 0.026 0.021
1 0.261 0.166 0.014 0.010
1 0.228 0.149 0.016 0.009
1 0.588 0.113 0.006 0.002
1 0.603 0.108 0.013 0.008
1 0.539 0.102 0.031 0.021
1 1.052 0.096 0.007 0.011
1 0.590 0.095 0.017 0.010
1 0.626 0.092 0.013 0.007
1 1.065 0.096 0.023 0.016
1 0.689 0.090 0.012 0.007
1 0.707 0.085 0.017 0.006
1 0.965 0.088 0.038 0.024
1 1.021 0.083 0.032 0.022
1 0.997 0.065 0.019 0.016
1 1.053 0.031 0.007 0.004
1 0.835 0.026 0.012 0.009
1 1.036 0.026 0.021 0.013
1 0.854 0.021 0.011 0.006
0 0.404 0.610 0.009 0.005
0 0.917 0.586 0.004 0.003
0 0.778 0.529 0.004 0.003
0 0.175 0.511 0.006 0.004
0 0.761 0.507 0.005 0.003
0 0.420 0.496 0.006 0.004
0 0.691 0.469 0.004 0.003
0 0.484 0.468 0.004 0.002
0 0.616 0.461 0.006 0.004
0 0.463 0.454 0.005 0.003
0 0.415 0.449 0.004 0.003
0 0.628 0.448 0.006 0.004
0 0.691 0.449 0.008 0.005
0 0.820 0.435 0.006 0.004
0 0.725 0.434 0.005 0.003
0 1.055 0.421 0.004 0.003
0 0.637 0.415 0.005 0.003
0 0.500 0.411 0.006 0.005
0 1.044 0.403 0.004 0.002
0 1.141 0.393 0.004 0.003
0 0.458 0.392 0.006 0.005
0 1.004 0.391 0.006 0.004
0 0.721 0.361 0.004 0.002
0 1.084 0.357 0.004 0.003
0 0.874 0.346 0.007 0.004
0 0.858 0.345 0.005 0.002
0 0.945 0.343 0.006 0.004
0 0.872 0.335 0.003 0.002
0 0.467 0.335 0.006 0.004
0 0.469 0.322 0.006 0.003
0 0.859 0.317 0.005 0.004
0 0.820 0.314 0.009 0.006
0 1.210 0.275 0.007 0.004
0 0.576 0.267 0.001 0.001
0 1.061 0.262 0.002 0.002
0 0.910 0.255 0.003 0.002
0 0.912 0.248 0.006 0.004
0 0.995 0.240 0.004 0.002
0 1.108 0.228 0.004 0.002
0 0.160 0.227 0.006 0.004
0 0.994 0.225 0.004 0.002
0 0.995 0.217 0.005 0.003
0 0.983 0.215 0.004 0.002
0 0.345 0.212 0.004 0.003
0 0.977 0.210 0.005 0.003
0 1.173 0.208 0.005 0.003
0 0.836 0.202 0.006 0.004
0 0.868 0.200 0.005 0.004
0 0.421 0.177 0.006 0.004
0 0.223 0.160 0.005 0.003
0 0.236 0.160 0.006 0.004
0 0.580 0.152 0.008 0.004
0 1.120 0.148 0.006 0.004
0 0.407 0.145 0.004 0.003
0 0.683 0.135 0.004 0.003
0 0.662 0.102 0.004 0.002
0 1.006 0.096 0.007 0.006
0 1.008 0.078 0.003 0.002
0 0.957 0.072 0.003 0.002
0 0.629 0.068 0.004 0.003
0 0.953 0.066 0.005 0.003
0 0.750 0.048 0.005 0.003
0 1.042 0.043 0.005 0.004
4 0.243 0.326 0.202 0.124
3 0.528 0.627 0.021 0.017
