2 0.450 0.823 0.008 0.018
2 0.444 0.818 0.010 0.019
2 0.338 0.596 0.013 0.031
2 0.427 0.257 0.009 0.011
1 0.200 0.836 0.003 0.005
1 0.190 0.830 0.007 0.007
1 0.454 0.827 0.003 0.004
1 0.178 0.827 0.004 0.008
1 0.188 0.823 0.008 0.007
1 0.439 0.819 0.002 0.003
1 0.458 0.814 0.005 0.006
1 0.202 0.824 0.010 0.026
1 0.174 0.819 0.014 0.017
1 0.178 0.808 0.003 0.012
1 0.158 0.799 0.004 0.008
1 0.164 0.794 0.003 0.004
1 0.439 0.791 0.005 0.005
1 0.219 0.791 0.006 0.007
1 0.177 0.788 0.003 0.006
1 0.194 0.788 0.010 0.011
1 0.161 0.787 0.003 0.008
1 0.214 0.785 0.005 0.005
1 0.168 0.788 0.008 0.013
1 0.223 0.784 0.006 0.007
1 0.201 0.784 0.007 0.010
1 0.243 0.777 0.001 0.003
1 0.408 0.771 0.007 0.009
1 0.203 0.768 0.005 0.005
1 0.214 0.756 0.003 0.003
1 0.218 0.750 0.002 0.004
1 0.203 0.750 0.005 0.007
1 0.201 0.723 0.004 0.004
1 0.179 0.724 0.005 0.006
1 0.261 0.716 0.002 0.002
1 0.198 0.669 0.003 0.005
1 0.179 0.635 0.003 0.004
1 0.138 0.618 0.005 0.007
1 0.349 0.606 0.003 0.007
1 0.707 0.602 0.005 0.008
1 0.822 0.596 0.006 0.009
1 0.349 0.589 0.004 0.006
1 0.350 0.584 0.001 0.001
1 0.321 0.584 0.001 0.002
1 0.345 0.581 0.002 0.002
1 0.345 0.576 0.004 0.005
1 0.352 0.574 0.003 0.002
1 0.340 0.574 0.006 0.009
1 0.327 0.574 0.010 0.009
1 0.319 0.572 0.006 0.014
1 0.344 0.567 0.003 0.005
1 0.346 0.564 0.002 0.003
1 0.344 0.563 0.002 0.002
1 0.354 0.560 0.002 0.003
1 0.356 0.558 0.003 0.002
1 0.349 0.559 0.004 0.006
1 0.366 0.554 0.004 0.004
1 0.714 0.556 0.006 0.011
1 0.349 0.549 0.002 0.004
1 0.352 0.546 0.001 0.001
1 0.721 0.533 0.006 0.008
1 0.365 0.538 0.018 0.017
1 0.174 0.460 0.003 0.005
1 0.115 0.460 0.003 0.004
1 0.087 0.398 0.004 0.009
1 0.145 0.396 0.004 0.005
1 0.196 0.390 0.003 0.005
1 0.364 0.388 0.005 0.008
1 0.524 0.251 0.009 0.014
1 0.539 0.245 0.005 0.008
1 0.659 0.241 0.003 0.005
1 0.787 0.165 0.001 0.004
1 0.785 0.163 0.003 0.004
1 0.775 0.157 0.002 0.003
1 0.781 0.158 0.003 0.006
1 0.777 0.146 0.005 0.011
1 0.215 0.137 0.005 0.007
1 0.212 0.116 0.008 0.011
1 0.664 0.090 0.012 0.029
0 0.215 0.830 0.004 0.006
0 0.136 0.594 0.004 0.007
0 0.252 0.357 0.005 0.006
0 0.219 0.344 0.003 0.005
0 0.208 0.295 0.004 0.007
0 0.419 0.245 0.003 0.005
0 0.328 0.211 0.003 0.005
0 0.648 0.188 0.004 0.006
0 0.322 0.092 0.003 0.004
4 0.651 0.534 0.092 0.146
