2 0.173 0.905 0.040 0.038
2 0.174 0.812 0.045 0.075
2 0.043 0.606 0.028 0.031
2 0.197 0.629 0.071 0.081
2 0.064 0.562 0.059 0.066
2 0.161 0.467 0.038 0.051
2 0.410 0.417 0.027 0.049
2 0.226 0.392 0.070 0.095
2 0.152 0.334 0.049 0.054
2 0.425 0.346 0.035 0.086
2 0.313 0.291 0.024 0.019
2 0.540 0.334 0.065 0.105
2 0.382 0.333 0.066 0.112
2 0.563 0.232 0.035 0.067
2 0.420 0.210 0.029 0.033
2 0.211 0.188 0.030 0.051
1 0.409 0.571 0.003 0.006
1 0.485 0.564 0.007 0.006
1 0.130 0.387 0.010 0.013
1 0.328 0.243 0.008 0.011
1 0.301 0.235 0.008 0.007
1 0.315 0.232 0.005 0.009
1 0.334 0.213 0.011 0.013
1 0.320 0.206 0.007 0.006
1 0.335 0.203 0.002 0.005
1 0.283 0.205 0.023 0.029
1 0.001 0.194 0.001 0.008
1 0.262 0.179 0.014 0.015
1 0.007 0.177 0.015 0.022
1 0.309 0.165 0.007 0.006
1 0.254 0.165 0.008 0.013
1 0.022 0.159 0.005 0.007
1 0.269 0.149 0.006 0.008
1 0.090 0.143 0.004 0.006
1 0.245 0.142 0.005 0.007
1 0.172 0.139 0.009 0.006
1 0.220 0.137 0.005 0.008
1 0.038 0.185 0.077 0.107
1 0.237 0.132 0.004 0.006
1 0.281 0.135 0.010 0.015
1 0.164 0.121 0.006 0.006
1 0.157 0.126 0.009 0.020
1 0.012 0.130 0.024 0.041
1 0.157 0.098 0.009 0.009
1 0.231 0.110 0.016 0.037
1 0.181 0.105 0.030 0.034
1 0.075 0.084 0.010 0.010
1 0.212 0.090 0.026 0.033
1 0.233 0.083 0.020 0.021
1 0.110 0.072 0.013 0.024
1 0.299 0.048 0.007 0.010
1 0.172 0.058 0.021 0.029
1 0.227 0.041 0.005 0.007
1 0.196 0.044 0.020 0.021
1 0.028 0.072 0.042 0.081
1 0.144 0.055 0.033 0.055
1 0.005 0.031 0.005 0.005
1 0.045 0.031 0.008 0.013
1 0.357 0.029 0.007 0.010
1 0.305 0.026 0.004 0.006
1 0.027 0.024 0.007 0.011
1 0.111 0.023 0.014 0.013
1 0.371 0.019 0.012 0.019
1 0.000 0.011 0.001 0.006
1 0.391 0.013 0.018 0.027
1 0.350 0.008 0.018 0.015
1 0.277 0.033 0.068 0.066
1 0.243 0.013 0.025 0.027
1 0.208 0.015 0.029 0.031
1 0.173 0.020 0.026 0.041
1 0.076 0.018 0.027 0.035
1 0.005 0.006 0.007 0.011
0 0.023 0.822 0.014 0.022
0 0.027 0.769 0.010 0.018
0 0.006 0.721 0.013 0.020
0 0.242 0.609 0.007 0.011
0 0.072 0.507 0.008 0.012
0 0.474 0.455 0.012 0.018
0 0.297 0.454 0.012 0.017
0 0.431 0.443 0.012 0.017
0 0.447 0.395 0.011 0.015
0 0.274 0.375 0.015 0.020
0 0.493 0.357 0.005 0.006
0 0.591 0.322 0.011 0.015
0 0.279 0.315 0.013 0.020
0 0.334 0.119 0.013 0.022
3 0.202 0.172 0.021 0.035
