2 0.563 0.611 0.009 0.005
2 0.575 0.607 0.009 0.005
2 0.673 0.562 0.004 0.002
2 0.679 0.557 0.003 0.002
2 0.394 0.514 0.006 0.005
2 0.334 0.512 0.006 0.004
2 0.405 0.500 0.014 0.006
2 0.399 0.493 0.008 0.008
2 0.312 0.481 0.007 0.005
2 0.613 0.451 0.005 0.005
2 0.588 0.417 0.004 0.003
2 0.627 0.404 0.007 0.004
2 0.501 0.400 0.005 0.003
2 1.189 0.398 0.007 0.005
2 0.588 0.394 0.003 0.003
2 0.609 0.387 0.002 0.001
2 0.630 0.387 0.005 0.003
2 0.633 0.384 0.004 0.004
2 0.700 0.359 0.004 0.003
2 0.685 0.359 0.016 0.008
2 0.669 0.357 0.008 0.004
2 1.254 0.350 0.007 0.006
2 0.755 0.349 0.008 0.005
2 0.385 0.343 0.003 0.001
2 0.235 0.339 0.004 0.003
2 0.373 0.336 0.003 0.002
2 0.794 0.334 0.006 0.004
2 0.373 0.331 0.003 0.002
2 0.341 0.326 0.004 0.003
2 0.310 0.322 0.004 0.004
2 0.807 0.321 0.003 0.004
2 0.652 0.308 0.006 0.004
2 1.257 0.303 0.016 0.014
2 0.405 0.296 0.002 0.002
2 0.609 0.286 0.003 0.003
2 0.550 0.254 0.004 0.002
2 0.650 0.245 0.004 0.002
2 0.631 0.238 0.002 0.002
2 0.435 0.233 0.004 0.002
2 0.645 0.233 0.003 0.001
2 0.748 0.234 0.006 0.007
2 0.701 0.232 0.005 0.004
2 0.694 0.229 0.003 0.002
2 0.449 0.227 0.005 0.003
2 0.492 0.222 0.004 0.003
2 0.841 0.221 0.006 0.002
2 0.836 0.217 0.006 0.003
2 0.847 0.212 0.007 0.003
2 0.656 0.216 0.025 0.011
2 0.458 0.213 0.008 0.007
2 0.819 0.214 0.008 0.008
2 0.746 0.209 0.003 0.002
2 0.836 0.206 0.004 0.002
2 0.449 0.206 0.006 0.006
2 0.840 0.203 0.005 0.004
2 0.720 0.194 0.005 0.004
2 0.453 0.187 0.003 0.002
2 0.340 0.171 0.005 0.004
2 0.427 0.161 0.007 0.005
2 0.528 0.156 0.009 0.007
2 0.591 0.152 0.003 0.002
2 0.428 0.152 0.004 0.003
2 0.367 0.151 0.003 0.002
2 0.503 0.151 0.004 0.003
2 0.503 0.146 0.004 0.003
2 0.505 0.142 0.004 0.003
2 0.534 0.142 0.005 0.004
2 0.718 0.142 0.007 0.004
2 0.482 0.127 0.004 0.003
2 0.545 0.111 0.004 0.003
2 0.306 0.077 0.016 0.011
1 0.392 0.642 0.014 0.005
1 0.551 0.643 0.031 0.010
1 0.557 0.621 0.026 0.009
1 0.880 0.623 0.027 0.027
1 0.358 0.603 0.019 0.014
1 0.397 0.611 0.052 0.031
1 0.927 0.602 0.047 0.029
1 0.888 0.594 0.037 0.015
1 0.291 0.590 0.058 0.026
1 0.918 0.581 0.014 0.009
1 0.721 0.570 0.014 0.006
1 0.449 0.555 0.008 0.008
1 0.757 0.549 0.018 0.009
1 0.525 0.549 0.031 0.021
1 0.203 0.535 0.011 0.009
1 0.607 0.525 0.021 0.007
1 0.275 0.527 0.016 0.012
1 0.443 0.510 0.014 0.007
1 0.669 0.510 0.012 0.012
1 0.777 0.505 0.020 0.010
1 0.165 0.505 0.015 0.014
1 1.120 0.510 0.027 0.034
1 1.062 0.517 0.074 0.100
1 0.597 0.469 0.017 0.012
1 0.534 0.463 0.027 0.013
1 0.519 0.447 0.017 0.007
1 1.001 0.450 0.026 0.016
1 0.574 0.440 0.008 0.008
1 1.149 0.453 0.046 0.052
1 1.237 0.433 0.020 0.018
1 0.488 0.425 0.014 0.012
1 1.163 0.413 0.009 0.009
1 0.484 0.412 0.009 0.009
1 0.509 0.414 0.035 0.021
1 0.870 0.405 0.041 0.023
1 0.331 0.395 0.014 0.007
1 1.223 0.392 0.023 0.009
1 0.347 0.386 0.012 0.011
1 0.333 0.369 0.016 0.014
1 0.116 0.343 0.029 0.018
1 0.281 0.339 0.020 0.013
1 0.295 0.330 0.014 0.009
1 0.680 0.316 0.015 0.008
1 1.276 0.321 0.041 0.028
1 0.325 0.285 0.008 0.004
1 0.314 0.282 0.009 0.012
1 0.716 0.274 0.055 0.014
1 0.374 0.265 0.013 0.008
1 0.521 0.267 0.010 0.013
1 0.286 0.232 0.014 0.010
1 0.191 0.223 0.021 0.012
1 0.566 0.223 0.019 0.019
1 0.712 0.208 0.039 0.019
1 0.771 0.198 0.017 0.005
1 0.749 0.198 0.014 0.007
1 0.606 0.198 0.018 0.011
1 0.306 0.189 0.015 0.010
1 0.295 0.178 0.014 0.010
1 0.240 0.174 0.008 0.007
1 0.645 0.180 0.022 0.021
1 0.712 0.175 0.045 0.012
1 0.596 0.171 0.012 0.008
1 0.573 0.167 0.006 0.008
1 0.212 0.165 0.014 0.008
1 0.341 0.162 0.014 0.009
1 0.297 0.159 0.013 0.009
1 0.606 0.154 0.013 0.008
1 0.532 0.149 0.042 0.011
1 0.401 0.148 0.024 0.013
1 0.690 0.136 0.014 0.007
1 0.992 0.133 0.024 0.008
1 0.425 0.125 0.014 0.010
1 0.525 0.126 0.059 0.023
1 0.719 0.118 0.019 0.011
1 0.535 0.090 0.016 0.014
1 0.980 0.062 0.025 0.010
1 0.954 0.068 0.027 0.029
1 0.903 0.056 0.050 0.032
1 1.080 0.048 0.018 0.028
1 0.349 0.036 0.013 0.008
0 0.401 0.651 0.008 0.005
0 0.799 0.646 0.005 0.003
0 0.788 0.647 0.008 0.004
0 0.572 0.633 0.009 0.006
0 0.545 0.631 0.008 0.005
0 0.686 0.623 0.007 0.004
0 0.559 0.603 0.006 0.004
0 0.334 0.568 0.008 0.005
0 0.299 0.558 0.007 0.005
0 0.698 0.552 0.008 0.005
0 0.759 0.538 0.008 0.005
0 0.483 0.535 0.006 0.004
0 0.707 0.535 0.006 0.003
0 0.252 0.534 0.006 0.005
0 0.751 0.532 0.005 0.003
0 0.795 0.528 0.002 0.001
0 0.658 0.507 0.005 0.004
0 0.433 0.481 0.011 0.007
0 0.964 0.477 0.009 0.006
0 0.614 0.469 0.005 0.003
0 0.910 0.469 0.006 0.004
0 0.612 0.458 0.007 0.004
0 1.121 0.454 0.008 0.006
0 0.742 0.445 0.007 0.004
0 0.541 0.443 0.005 0.003
0 0.392 0.441 0.010 0.007
0 0.188 0.439 0.007 0.004
0 0.788 0.437 0.008 0.005
0 0.558 0.433 0.009 0.005
0 0.715 0.434 0.010 0.007
0 0.751 0.433 0.008 0.007
0 0.178 0.432 0.008 0.005
0 0.795 0.430 0.004 0.002
0 0.542 0.432 0.011 0.007
0 0.575 0.427 0.010 0.007
0 0.994 0.427 0.010 0.007
0 0.386 0.412 0.005 0.004
0 0.723 0.406 0.009 0.005
0 0.314 0.398 0.005 0.003
0 0.828 0.384 0.010 0.007
0 0.653 0.381 0.008 0.004
0 0.816 0.373 0.009 0.007
0 0.387 0.361 0.006 0.004
0 1.235 0.354 0.005 0.003
0 0.287 0.351 0.007 0.005
0 0.330 0.350 0.006 0.003
0 0.160 0.349 0.006 0.004
0 0.217 0.348 0.006 0.005
0 1.176 0.344 0.004 0.002
0 0.817 0.335 0.008 0.004
0 1.202 0.333 0.008 0.005
0 0.587 0.332 0.007 0.004
0 0.310 0.332 0.007 0.004
0 0.570 0.318 0.005 0.003
0 0.337 0.318 0.005 0.003
0 0.166 0.318 0.008 0.006
0 0.767 0.316 0.006 0.004
0 0.240 0.315 0.007 0.005
0 0.613 0.309 0.007 0.005
0 0.362 0.305 0.008 0.006
0 0.712 0.303 0.007 0.005
0 0.772 0.302 0.008 0.005
0 0.219 0.298 0.013 0.008
0 0.240 0.287 0.006 0.005
0 0.333 0.282 0.005 0.003
0 0.597 0.275 0.008 0.005
0 0.603 0.271 0.005 0.003
0 0.280 0.267 0.006 0.004
0 0.680 0.260 0.006 0.004
0 1.207 0.249 0.008 0.005
0 1.239 0.245 0.006 0.004
0 0.601 0.245 0.006 0.004
0 1.242 0.242 0.005 0.003
0 0.503 0.242 0.006 0.004
0 0.311 0.235 0.005 0.003
0 0.424 0.231 0.007 0.004
0 0.428 0.222 0.007 0.005
0 0.601 0.218 0.006 0.004
0 0.879 0.211 0.006 0.004
0 0.638 0.210 0.010 0.005
0 0.270 0.210 0.008 0.005
0 0.182 0.209 0.010 0.007
0 0.666 0.204 0.010 0.007
0 0.212 0.202 0.005 0.003
0 0.548 0.202 0.007 0.004
0 0.420 0.202 0.007 0.004
0 0.571 0.199 0.004 0.003
0 0.533 0.200 0.007 0.004
0 0.549 0.197 0.004 0.003
0 0.246 0.192 0.006 0.004
0 0.624 0.191 0.005 0.004
0 0.616 0.189 0.006 0.003
0 0.148 0.189 0.006 0.004
0 0.622 0.187 0.004 0.003
0 0.436 0.178 0.008 0.005
0 0.524 0.175 0.006 0.004
0 0.669 0.170 0.007 0.004
0 0.561 0.169 0.007 0.005
0 0.480 0.158 0.005 0.003
0 0.931 0.153 0.008 0.005
0 0.840 0.149 0.006 0.004
0 0.583 0.147 0.005 0.003
0 0.650 0.142 0.005 0.004
0 0.631 0.140 0.005 0.003
0 0.464 0.138 0.009 0.006
0 1.062 0.129 0.007 0.005
0 0.618 0.128 0.006 0.003
0 0.331 0.119 0.005 0.003
0 0.529 0.120 0.010 0.006
0 0.748 0.118 0.006 0.004
0 0.844 0.113 0.004 0.003
0 0.863 0.105 0.005 0.003
0 0.601 0.104 0.005 0.003
0 0.317 0.091 0.005 0.003
0 0.690 0.076 0.004 0.003
0 0.874 0.020 0.009 0.006
0 0.392 0.008 0.008 0.005
0 0.873 0.007 0.005 0.003
0 0.861 0.005 0.007 0.004
4 1.014 0.320 0.189 0.139
3 0.980 0.646 0.044 0.037
3 0.877 0.645 0.055 0.037
3 0.405 0.595 0.062 0.047
3 0.266 0.594 0.048 0.048
3 1.138 0.537 0.046 0.042
3 0.425 0.500 0.038 0.014
3 0.996 0.118 0.024 0.019
3 0.444 0.092 0.015 0.011
3 0.376 0.076 0.014 0.007
3 0.342 0.085 0.044 0.032
