2 1.082 0.608 0.005 0.003
2 0.934 0.386 0.015 0.008
2 0.815 0.375 0.014 0.010
2 0.943 0.377 0.021 0.015
2 0.979 0.367 0.004 0.002
2 1.015 0.366 0.004 0.001
2 1.008 0.368 0.009 0.009
2 0.970 0.364 0.005 0.003
2 0.883 0.363 0.009 0.005
2 0.929 0.366 0.024 0.015
2 0.916 0.360 0.008 0.004
2 0.905 0.360 0.011 0.007
2 1.035 0.359 0.013 0.006
2 0.993 0.360 0.017 0.008
2 0.892 0.356 0.019 0.009
2 0.911 0.351 0.007 0.003
2 1.031 0.349 0.005 0.003
2 1.012 0.355 0.033 0.018
2 1.031 0.344 0.008 0.005
2 1.023 0.343 0.013 0.006
2 0.838 0.342 0.007 0.007
2 0.907 0.344 0.018 0.014
2 1.035 0.331 0.004 0.002
2 0.990 0.332 0.011 0.009
2 1.020 0.333 0.022 0.013
2 0.849 0.329 0.006 0.004
2 1.035 0.328 0.005 0.003
2 1.102 0.326 0.004 0.003
2 0.982 0.325 0.005 0.003
2 1.071 0.322 0.005 0.002
2 0.867 0.318 0.004 0.002
2 0.939 0.318 0.007 0.004
2 0.986 0.318 0.012 0.005
2 0.807 0.318 0.018 0.013
2 1.021 0.319 0.022 0.018
2 0.966 0.311 0.004 0.003
2 0.913 0.311 0.009 0.004
2 1.117 0.310 0.004 0.003
2 0.821 0.311 0.009 0.006
2 0.940 0.309 0.005 0.003
2 0.993 0.312 0.016 0.009
2 0.806 0.310 0.006 0.005
2 0.790 0.310 0.013 0.007
2 0.982 0.309 0.014 0.010
2 0.957 0.306 0.008 0.004
2 1.122 0.305 0.005 0.003
2 0.973 0.304 0.005 0.003
2 1.013 0.300 0.005 0.004
2 1.026 0.300 0.006 0.004
2 0.876 0.300 0.010 0.007
2 0.982 0.300 0.011 0.007
2 0.971 0.298 0.005 0.003
2 1.275 0.297 0.005 0.004
2 0.793 0.298 0.007 0.007
2 0.949 0.298 0.012 0.009
2 1.008 0.294 0.008 0.004
2 0.933 0.292 0.005 0.002
2 1.014 0.291 0.006 0.004
2 1.257 0.297 0.012 0.016
2 0.967 0.292 0.014 0.007
2 0.924 0.290 0.010 0.003
2 0.835 0.291 0.011 0.010
2 0.956 0.287 0.006 0.004
2 0.965 0.287 0.010 0.005
2 1.091 0.286 0.010 0.008
2 0.942 0.287 0.016 0.012
2 0.965 0.283 0.011 0.004
2 0.792 0.283 0.012 0.006
2 1.186 0.276 0.005 0.003
2 1.111 0.274 0.003 0.002
2 1.080 0.270 0.006 0.005
2 0.826 0.272 0.006 0.009
2 1.012 0.268 0.007 0.006
2 0.917 0.261 0.013 0.007
2 0.889 0.266 0.053 0.042
2 0.956 0.242 0.004 0.003
2 0.830 0.239 0.008 0.005
2 0.954 0.230 0.004 0.002
2 0.822 0.232 0.014 0.010
2 0.826 0.223 0.007 0.006
2 0.844 0.221 0.005 0.003
2 1.117 0.158 0.002 0.001
0 0.853 0.633 0.006 0.004
0 0.934 0.347 0.008 0.005
0 0.986 0.345 0.006 0.004
4 0.393 0.306 0.176 0.134
