2 0.923 0.321 0.010 0.008
2 0.860 0.310 0.012 0.005
2 0.887 0.299 0.010 0.009
2 0.933 0.298 0.023 0.012
2 0.953 0.282 0.006 0.005
2 0.879 0.276 0.015 0.007
2 0.906 0.268 0.009 0.006
2 0.297 0.101 0.020 0.010
2 0.315 0.080 0.014 0.011
2 0.298 0.071 0.019 0.013
2 0.561 0.050 0.025 0.008
2 0.017 0.046 0.015 0.011
2 0.331 0.037 0.027 0.025
2 0.308 0.029 0.008 0.008
2 0.598 0.026 0.021 0.017
2 0.268 0.030 0.038 0.027
2 0.485 0.017 0.025 0.017
1 0.225 0.369 0.023 0.017
1 0.039 0.295 0.060 0.033
1 0.447 0.054 0.032 0.025
1 0.395 0.059 0.070 0.064
0 0.205 0.606 0.022 0.013
0 0.039 0.574 0.010 0.007
0 0.007 0.570 0.010 0.006
0 0.800 0.419 0.014 0.009
0 0.259 0.357 0.009 0.007
0 0.867 0.222 0.014 0.009
0 0.698 0.210 0.008 0.005
0 0.065 0.187 0.021 0.014
0 0.592 0.161 0.015 0.012
0 0.495 0.115 0.015 0.009
0 0.592 0.085 0.016 0.011
4 0.558 0.600 0.357 0.128
3 0.870 0.629 0.098 0.062
3 0.635 0.152 0.102 0.094
