0 0.475163 0.918715 0.007696 0.012289
0 0.680970 0.628511 0.008396 0.011938
0 0.087337 0.568294 0.007696 0.011587
1 0.331623 0.815660 0.013993 0.016854
1 0.257812 0.797402 0.013293 0.022472
1 0.240788 0.668364 0.011894 0.019312
1 0.773671 0.640098 0.035215 0.068118
1 0.710471 0.526510 0.014692 0.029143
1 0.400303 0.477528 0.023554 0.042837
1 0.351912 0.414150 0.016791 0.012992
1 0.362757 0.385007 0.016091 0.008076
1 0.692514 0.291608 0.015625 0.015801
2 0.192514 0.826545 0.016558 0.049860
2 0.472481 0.677844 0.009328 0.010885
2 0.423974 0.672928 0.009328 0.037570
2 0.497435 0.657654 0.008862 0.011938
2 0.365089 0.584270 0.010961 0.016854
2 0.421992 0.598490 0.040812 0.046699
2 0.631530 0.582514 0.016791 0.025983
2 0.445429 0.558638 0.013060 0.022472
2 0.619520 0.545295 0.021688 0.028792
2 0.625350 0.532654 0.009095 0.017556
2 0.585471 0.478406 0.016558 0.016503
2 0.620802 0.482268 0.031716 0.029846
2 0.604128 0.454705 0.011894 0.016152
2 0.625466 0.452774 0.011194 0.019312
2 0.310634 0.430478 0.011194 0.008427
2 0.615555 0.426615 0.010028 0.021067
2 0.406367 0.380794 0.009562 0.023525
2 0.433652 0.359024 0.010961 0.021419
2 0.523787 0.333919 0.012593 0.011938
2 0.452192 0.326194 0.006530 0.017556
2 0.522388 0.320927 0.010261 0.011938
2 0.403218 0.321278 0.006530 0.013343
2 0.435984 0.319171 0.015625 0.012640
2 0.478195 0.313202 0.009562 0.009831
2 0.666045 0.308638 0.008396 0.011236
2 0.454524 0.310042 0.006996 0.015449
2 0.514109 0.301791 0.005364 0.016503
2 0.393890 0.303546 0.007929 0.022121
2 0.407649 0.283708 0.015392 0.033708
2 0.537663 0.273350 0.010961 0.015098
2 0.432603 0.286166 0.026586 0.045646
2 0.498251 0.152037 0.014226 0.014045
2 0.457323 0.138167 0.027519 0.020716
2 0.495802 0.128687 0.013993 0.020014
2 0.541511 0.122015 0.010261 0.014396
2 0.182952 0.104108 0.007229 0.013694
2 0.555854 0.108673 0.011894 0.027037
2 0.189599 0.071454 0.010728 0.025632
2 0.242071 0.004916 0.008862 0.009831
2 0.811451 0.624122 0.026819 0.050913
2 0.370103 0.510885 0.020056 0.033708
2 0.663829 0.254565 0.024021 0.033708
2 0.683885 0.096208 0.032416 0.034410
3 0.208605 0.417310 0.103778 0.180829
