2 0.683 0.989 0.035 0.015
2 0.861 0.887 0.061 0.082
2 0.178 0.915 0.091 0.170
2 0.695 0.797 0.039 0.039
2 0.942 0.770 0.023 0.023
2 0.223 0.807 0.038 0.133
2 0.354 0.743 0.047 0.091
2 0.229 0.608 0.037 0.045
2 0.755 0.530 0.023 0.029
2 0.970 0.514 0.060 0.178
2 0.318 0.444 0.013 0.044
2 0.944 0.315 0.112 0.219
1 0.882 0.978 0.007 0.014
1 0.989 0.698 0.007 0.015
1 0.945 0.578 0.014 0.018
1 0.644 0.323 0.003 0.005
1 0.767 0.199 0.005 0.007
0 0.286 0.949 0.012 0.020
0 0.981 0.668 0.006 0.013
0 0.425 0.605 0.008 0.013
0 0.252 0.487 0.007 0.010
0 0.358 0.486 0.021 0.032
0 0.589 0.371 0.007 0.013
0 0.629 0.344 0.007 0.010
0 0.707 0.292 0.011 0.013
0 0.678 0.243 0.007 0.011
0 0.682 0.069 0.005 0.006
0 0.704 0.074 0.012 0.017
4 0.506 0.866 0.210 0.269
3 0.746 0.926 0.046 0.122
3 0.949 0.378 0.024 0.063
