2 0.239 0.384 0.009 0.013
2 0.106 0.246 0.005 0.006
2 0.123 0.235 0.009 0.013
2 0.104 0.231 0.004 0.006
2 0.104 0.202 0.005 0.007
2 0.206 0.190 0.006 0.010
2 0.220 0.135 0.008 0.012
2 0.237 0.118 0.005 0.008
2 0.160 0.092 0.003 0.005
2 0.081 0.053 0.005 0.007
1 0.206 0.549 0.013 0.014
1 0.075 0.515 0.031 0.037
1 0.472 0.482 0.021 0.032
1 0.351 0.316 0.014 0.020
1 0.373 0.290 0.021 0.055
1 0.359 0.230 0.055 0.064
1 0.151 0.211 0.036 0.058
1 0.196 0.112 0.027 0.037
1 0.582 0.057 0.017 0.018
1 0.322 0.003 0.017 0.006
0 0.232 0.768 0.010 0.016
0 0.170 0.552 0.006 0.008
0 0.078 0.546 0.008 0.011
0 0.027 0.498 0.006 0.011
0 0.352 0.389 0.005 0.008
0 0.555 0.389 0.010 0.015
0 0.282 0.361 0.004 0.006
0 0.332 0.290 0.005 0.009
0 0.136 0.012 0.007 0.012
