2 0.811 0.660 0.003 0.002
2 0.716 0.660 0.003 0.002
2 0.800 0.658 0.005 0.002
2 0.808 0.658 0.006 0.003
2 0.768 0.658 0.003 0.003
2 0.704 0.656 0.006 0.004
2 0.799 0.651 0.009 0.004
2 0.810 0.650 0.003 0.002
2 0.665 0.650 0.006 0.003
2 0.731 0.650 0.005 0.003
2 0.805 0.649 0.003 0.003
2 0.800 0.648 0.005 0.003
2 0.725 0.645 0.005 0.004
2 0.790 0.643 0.005 0.003
2 0.741 0.643 0.003 0.002
2 0.787 0.640 0.004 0.003
2 0.774 0.641 0.004 0.006
2 0.782 0.633 0.003 0.002
2 0.800 0.626 0.009 0.003
2 0.804 0.622 0.003 0.003
2 0.353 0.579 0.004 0.005
2 0.253 0.553 0.008 0.006
2 1.189 0.547 0.011 0.009
2 1.155 0.498 0.006 0.005
2 1.128 0.497 0.005 0.003
2 1.138 0.497 0.007 0.005
2 1.199 0.469 0.013 0.013
2 1.261 0.454 0.005 0.004
2 1.165 0.443 0.004 0.003
2 1.241 0.442 0.006 0.005
2 1.230 0.441 0.004 0.003
2 1.118 0.441 0.009 0.006
2 1.198 0.438 0.010 0.003
2 1.233 0.435 0.010 0.005
2 1.270 0.433 0.002 0.002
2 1.057 0.432 0.012 0.003
2 1.271 0.429 0.002 0.002
2 0.553 0.427 0.004 0.003
2 1.195 0.428 0.009 0.005
2 0.395 0.426 0.004 0.004
2 1.146 0.424 0.008 0.004
2 0.559 0.414 0.004 0.005
2 1.048 0.414 0.011 0.007
2 1.166 0.410 0.006 0.003
2 0.256 0.407 0.005 0.003
2 0.268 0.405 0.004 0.005
2 0.294 0.402 0.004 0.003
2 0.427 0.403 0.012 0.008
2 0.560 0.401 0.008 0.005
2 0.440 0.403 0.012 0.010
2 0.300 0.398 0.003 0.004
2 0.282 0.398 0.004 0.004
2 0.288 0.397 0.005 0.003
2 0.305 0.397 0.004 0.005
2 0.444 0.395 0.003 0.004
2 0.300 0.394 0.004 0.003
2 1.065 0.385 0.005 0.003
2 0.463 0.385 0.006 0.004
2 0.287 0.385 0.009 0.006
2 0.476 0.380 0.004 0.003
2 0.317 0.380 0.005 0.004
2 0.232 0.379 0.004 0.005
2 1.071 0.373 0.006 0.003
2 0.471 0.352 0.006 0.003
1 0.863 0.604 0.016 0.005
1 0.914 0.616 0.037 0.030
1 0.962 0.613 0.035 0.035
1 0.315 0.582 0.022 0.019
1 0.475 0.504 0.023 0.010
1 0.843 0.530 0.078 0.067
1 0.915 0.500 0.052 0.023
1 0.506 0.153 0.029 0.014
1 0.440 0.110 0.013 0.003
1 1.110 0.114 0.019 0.020
1 0.439 0.104 0.013 0.004
1 0.884 0.109 0.029 0.015
1 0.400 0.107 0.040 0.017
1 0.392 0.093 0.034 0.010
1 0.440 0.092 0.026 0.015
1 0.381 0.052 0.014 0.005
1 0.774 0.044 0.027 0.026
1 0.919 0.043 0.054 0.049
1 0.774 0.019 0.017 0.013
0 0.338 0.606 0.008 0.007
0 1.059 0.550 0.006 0.005
0 0.359 0.464 0.008 0.006
0 1.207 0.457 0.002 0.002
0 1.223 0.452 0.004 0.003
0 1.206 0.447 0.007 0.005
0 0.604 0.360 0.006 0.005
0 0.627 0.358 0.006 0.004
0 0.619 0.347 0.006 0.004
0 0.549 0.328 0.006 0.003
0 1.125 0.295 0.012 0.007
0 0.743 0.203 0.007 0.004
0 0.269 0.191 0.005 0.003
0 0.480 0.040 0.008 0.004
4 0.961 0.331 0.193 0.119
3 0.900 0.649 0.038 0.031
3 0.736 0.614 0.025 0.017
3 0.870 0.629 0.072 0.054
3 1.079 0.220 0.048 0.052
3 0.679 0.043 0.031 0.030
