2 0.357 0.556 0.006 0.004
2 0.281 0.543 0.004 0.003
2 0.255 0.528 0.003 0.002
2 0.280 0.526 0.009 0.007
2 0.295 0.525 0.016 0.007
2 0.245 0.520 0.002 0.002
2 0.294 0.520 0.003 0.002
2 0.341 0.519 0.002 0.002
2 0.311 0.515 0.011 0.009
2 0.212 0.507 0.002 0.003
2 0.335 0.507 0.015 0.010
2 0.219 0.505 0.008 0.007
2 0.312 0.502 0.005 0.003
2 0.281 0.505 0.007 0.008
2 0.982 0.502 0.009 0.007
2 0.232 0.501 0.017 0.009
2 0.313 0.497 0.003 0.002
2 0.306 0.497 0.007 0.004
2 0.268 0.498 0.015 0.011
2 1.038 0.493 0.004 0.003
2 1.011 0.488 0.003 0.003
2 0.251 0.492 0.011 0.015
2 0.235 0.485 0.003 0.002
2 0.224 0.484 0.002 0.002
2 0.240 0.480 0.003 0.003
2 0.517 0.449 0.013 0.010
2 1.193 0.428 0.006 0.003
2 0.530 0.426 0.005 0.003
2 0.244 0.423 0.002 0.002
2 0.527 0.419 0.004 0.003
2 0.534 0.418 0.005 0.006
2 0.233 0.415 0.006 0.003
2 0.541 0.415 0.005 0.006
2 0.531 0.413 0.005 0.004
2 0.547 0.411 0.005 0.004
2 0.223 0.409 0.002 0.002
2 0.330 0.413 0.011 0.011
2 0.227 0.408 0.002 0.002
2 0.672 0.408 0.007 0.003
2 0.507 0.408 0.007 0.004
2 0.258 0.409 0.012 0.009
2 0.219 0.405 0.006 0.003
2 0.220 0.402 0.002 0.002
2 0.215 0.402 0.003 0.002
2 0.238 0.406 0.016 0.011
2 0.252 0.400 0.002 0.001
2 0.269 0.400 0.007 0.004
2 0.244 0.397 0.004 0.002
2 0.225 0.397 0.003 0.003
2 0.255 0.396 0.004 0.003
2 0.659 0.399 0.012 0.009
2 0.260 0.396 0.004 0.003
2 0.214 0.396 0.005 0.006
2 0.236 0.394 0.006 0.005
2 0.249 0.391 0.002 0.002
2 0.227 0.392 0.005 0.004
2 0.674 0.389 0.002 0.002
2 0.670 0.387 0.003 0.003
2 0.259 0.389 0.008 0.006
2 0.672 0.385 0.002 0.001
2 0.665 0.384 0.002 0.002
2 0.440 0.383 0.006 0.003
2 0.909 0.383 0.007 0.005
2 0.239 0.378 0.015 0.008
2 0.919 0.353 0.007 0.007
2 0.914 0.334 0.005 0.003
2 1.021 0.320 0.004 0.003
2 0.385 0.290 0.002 0.002
2 0.201 0.278 0.002 0.002
2 0.194 0.275 0.004 0.002
2 0.189 0.274 0.003 0.003
2 0.980 0.272 0.007 0.006
2 0.963 0.271 0.006 0.006
2 0.238 0.267 0.004 0.002
2 0.260 0.267 0.004 0.003
2 0.988 0.263 0.004 0.003
2 0.982 0.264 0.006 0.006
2 0.231 0.258 0.002 0.001
2 0.253 0.262 0.021 0.014
2 0.239 0.255 0.002 0.001
2 0.223 0.255 0.004 0.002
2 0.987 0.255 0.005 0.006
2 0.252 0.253 0.002 0.003
2 0.257 0.250 0.002 0.002
2 0.205 0.249 0.007 0.003
2 0.221 0.248 0.002 0.002
2 0.978 0.248 0.004 0.003
2 0.983 0.246 0.005 0.004
2 0.363 0.234 0.009 0.006
2 0.372 0.222 0.013 0.008
2 0.394 0.219 0.003 0.003
2 0.234 0.199 0.004 0.003
2 0.297 0.178 0.004 0.003
2 0.908 0.177 0.005 0.003
2 0.662 0.157 0.008 0.006
2 0.538 0.155 0.003 0.005
2 0.655 0.153 0.002 0.002
2 0.659 0.153 0.002 0.001
2 0.648 0.151 0.002 0.002
2 0.426 0.150 0.004 0.002
2 0.427 0.147 0.002 0.002
2 0.435 0.143 0.001 0.001
2 0.331 0.144 0.003 0.005
2 0.645 0.140 0.002 0.002
2 0.386 0.139 0.002 0.002
2 0.437 0.137 0.002 0.002
2 0.391 0.137 0.002 0.002
2 0.415 0.136 0.002 0.001
2 0.407 0.136 0.002 0.002
2 0.356 0.135 0.002 0.002
2 0.402 0.132 0.002 0.001
2 0.392 0.129 0.004 0.004
2 0.629 0.128 0.002 0.002
2 0.643 0.127 0.002 0.003
2 0.604 0.127 0.005 0.003
2 0.417 0.125 0.002 0.001
2 0.353 0.127 0.008 0.005
2 0.628 0.122 0.004 0.002
2 0.378 0.126 0.013 0.010
2 0.358 0.122 0.001 0.001
2 0.405 0.120 0.001 0.001
2 0.599 0.122 0.005 0.003
2 0.635 0.121 0.002 0.003
2 0.624 0.120 0.007 0.004
2 0.400 0.119 0.004 0.003
2 0.376 0.117 0.003 0.002
2 0.428 0.116 0.003 0.002
2 0.618 0.115 0.002 0.002
2 0.627 0.115 0.003 0.002
2 0.381 0.115 0.004 0.003
2 0.629 0.113 0.002 0.002
2 0.373 0.112 0.005 0.003
2 0.360 0.111 0.002 0.002
2 0.432 0.110 0.003 0.002
2 0.394 0.113 0.018 0.010
2 0.366 0.110 0.005 0.003
2 0.371 0.108 0.002 0.001
2 0.378 0.106 0.002 0.002
2 0.612 0.108 0.011 0.007
2 0.602 0.102 0.004 0.002
2 0.379 0.101 0.001 0.001
2 0.593 0.100 0.003 0.002
2 0.580 0.101 0.006 0.006
2 0.567 0.100 0.003 0.004
2 0.563 0.099 0.002 0.002
2 0.590 0.095 0.003 0.003
2 0.607 0.096 0.015 0.011
2 0.633 0.096 0.018 0.017
2 0.657 0.088 0.003 0.004
2 0.654 0.087 0.002 0.002
2 0.627 0.085 0.002 0.002
2 0.633 0.086 0.008 0.008
2 0.587 0.084 0.012 0.009
2 0.648 0.083 0.007 0.009
2 0.589 0.073 0.003 0.002
2 0.645 0.070 0.008 0.006
2 0.606 0.072 0.008 0.009
2 0.618 0.075 0.024 0.017
2 0.620 0.064 0.002 0.002
2 0.608 0.064 0.004 0.002
2 0.460 0.063 0.001 0.001
2 0.627 0.045 0.013 0.007
2 1.014 0.034 0.010 0.012
2 0.740 0.030 0.005 0.005
2 0.703 0.019 0.007 0.006
2 0.910 0.006 0.002 0.001
2 0.859 0.004 0.004 0.006
2 0.889 0.003 0.021 0.007
1 0.533 0.594 0.006 0.007
1 0.485 0.345 0.009 0.003
1 0.604 0.092 0.013 0.010
1 0.583 0.046 0.050 0.033
0 0.565 0.599 0.006 0.004
0 0.368 0.577 0.006 0.003
0 0.169 0.463 0.006 0.004
0 0.874 0.433 0.007 0.004
0 0.351 0.401 0.005 0.003
0 0.494 0.400 0.005 0.003
0 0.352 0.396 0.004 0.002
0 0.373 0.349 0.007 0.004
0 0.480 0.183 0.007 0.005
0 0.594 0.096 0.003 0.002
0 0.515 0.094 0.003 0.002
0 0.621 0.088 0.007 0.005
4 0.810 0.349 0.129 0.095
