2 0.910 0.238 0.027 0.017
2 0.886 0.229 0.008 0.012
2 1.459 0.205 0.012 0.011
2 0.945 0.168 0.020 0.020
2 1.500 0.116 0.012 0.010
2 1.478 0.106 0.008 0.009
2 0.493 0.075 0.013 0.009
2 1.500 0.049 0.012 0.020
2 1.370 0.030 0.009 0.007
2 1.292 0.016 0.016 0.013
2 1.438 0.011 0.011 0.009
2 1.451 0.031 0.103 0.061
2 1.451 0.002 0.011 0.005
2 1.423 0.004 0.020 0.007
2 1.374 0.001 0.008 0.003
2 1.278 0.004 0.013 0.007
1 1.405 0.250 0.095 0.050
1 0.840 0.198 0.075 0.056
1 0.271 0.158 0.072 0.043
1 0.366 0.151 0.128 0.104
1 0.507 0.058 0.026 0.030
1 0.399 0.075 0.132 0.069
0 0.892 0.585 0.013 0.010
0 0.931 0.305 0.013 0.009
0 1.294 0.143 0.011 0.007
0 0.403 0.097 0.005 0.005
0 1.282 0.033 0.012 0.009
0 1.350 0.013 0.008 0.007
4 0.786 0.026 0.290 0.052
3 0.901 0.597 0.090 0.066
3 0.287 0.133 0.138 0.061
3 0.292 0.073 0.161 0.077
