2 0.563 0.908 0.008 0.013
2 0.663 0.771 0.006 0.012
2 0.618 0.746 0.005 0.017
2 0.653 0.737 0.004 0.011
2 0.872 0.736 0.004 0.013
2 0.648 0.738 0.006 0.018
2 0.735 0.729 0.007 0.009
2 0.608 0.732 0.009 0.017
2 0.870 0.722 0.007 0.008
2 0.897 0.717 0.005 0.006
2 0.821 0.704 0.006 0.010
2 0.809 0.693 0.007 0.009
2 0.619 0.683 0.005 0.007
2 0.793 0.680 0.003 0.006
2 0.606 0.656 0.004 0.006
2 0.639 0.582 0.006 0.009
2 0.816 0.449 0.003 0.009
2 0.759 0.434 0.005 0.015
2 0.837 0.355 0.003 0.005
2 0.753 0.357 0.016 0.015
2 0.780 0.345 0.003 0.007
2 0.827 0.341 0.004 0.007
2 0.832 0.337 0.003 0.006
2 0.750 0.338 0.006 0.008
2 0.782 0.334 0.003 0.008
2 0.830 0.329 0.003 0.006
2 0.838 0.330 0.005 0.008
2 0.710 0.325 0.002 0.004
2 0.749 0.327 0.004 0.008
2 0.787 0.325 0.004 0.008
2 0.759 0.324 0.004 0.006
2 0.782 0.321 0.003 0.004
2 0.836 0.319 0.007 0.008
2 0.763 0.317 0.005 0.007
2 0.778 0.314 0.006 0.011
2 0.742 0.312 0.005 0.007
2 0.717 0.314 0.007 0.013
2 0.768 0.306 0.008 0.010
2 0.708 0.300 0.004 0.008
2 0.719 0.298 0.004 0.010
2 0.729 0.294 0.003 0.007
2 0.751 0.293 0.003 0.007
2 0.776 0.291 0.007 0.008
2 0.945 0.290 0.006 0.008
2 0.890 0.289 0.004 0.009
2 0.762 0.278 0.004 0.008
2 0.980 0.272 0.003 0.008
2 0.819 0.274 0.012 0.022
2 0.685 0.270 0.008 0.013
2 0.991 0.264 0.011 0.011
2 0.746 0.288 0.046 0.064
2 0.774 0.259 0.005 0.008
2 0.694 0.251 0.005 0.006
2 0.737 0.214 0.003 0.006
2 0.625 0.131 0.002 0.004
2 0.723 0.122 0.003 0.005
2 0.641 0.122 0.002 0.005
2 0.547 0.112 0.003 0.006
2 0.617 0.036 0.005 0.008
0 0.478 0.928 0.005 0.008
0 0.494 0.812 0.010 0.015
0 0.643 0.614 0.004 0.007
0 0.765 0.588 0.011 0.017
0 0.690 0.578 0.006 0.008
0 0.659 0.563 0.015 0.025
0 0.978 0.399 0.007 0.011
0 0.622 0.179 0.007 0.012
0 0.708 0.164 0.007 0.013
0 0.679 0.163 0.014 0.020
0 0.674 0.154 0.006 0.007
0 0.820 0.150 0.007 0.011
0 0.692 0.146 0.006 0.008
