0 0.361707 0.977177 0.005597 0.009831
0 0.613923 0.974192 0.005830 0.009480
0 0.217351 0.854986 0.005131 0.008427
0 0.154151 0.820576 0.006530 0.009129
0 0.506646 0.764747 0.006297 0.009129
0 0.564949 0.712430 0.005364 0.009129
0 0.139576 0.682935 0.005364 0.009831
0 0.242771 0.627458 0.005131 0.011236
0 0.324394 0.596910 0.006996 0.010534
0 0.586521 0.578476 0.008396 0.010885
0 0.285798 0.492626 0.004897 0.008427
0 0.568214 0.455934 0.007229 0.009480
0 0.199510 0.319522 0.005364 0.007725
0 0.229128 0.291959 0.005364 0.008076
0 0.150653 0.285815 0.006530 0.009831
0 0.521688 0.140625 0.006996 0.010183
0 0.266441 0.123771 0.006763 0.010885
0 0.696595 0.121138 0.005131 0.009129
0 0.188783 0.074965 0.007229 0.010183
0 0.696712 0.064080 0.005364 0.008076
0 0.489506 0.004213 0.005597 0.008427
1 0.619986 0.990344 0.010494 0.005969
1 0.262010 0.870435 0.006763 0.011236
1 0.174907 0.813378 0.008396 0.017907
1 0.794893 0.799508 0.007696 0.017556
1 0.142840 0.804600 0.021688 0.028441
1 0.183885 0.785112 0.010494 0.008427
1 0.146688 0.777037 0.025653 0.022472
1 0.123134 0.765449 0.009795 0.016854
1 0.246152 0.753336 0.010961 0.015801
1 0.140392 0.755091 0.020989 0.025632
1 0.296642 0.746664 0.009328 0.013694
1 0.106110 0.716819 0.008862 0.012289
1 0.146455 0.631671 0.006530 0.017556
1 0.342817 0.610604 0.010261 0.016854
1 0.842701 0.612184 0.012360 0.036868
1 0.276819 0.599544 0.008862 0.027037
1 0.264692 0.575140 0.007463 0.007725
1 0.243703 0.568294 0.009795 0.019312
1 0.168377 0.541081 0.010728 0.009129
1 0.123018 0.504213 0.007696 0.011938
1 0.436451 0.501756 0.010028 0.008427
1 0.275536 0.501931 0.007229 0.013694
1 0.216185 0.498244 0.015858 0.016854
1 0.185051 0.495260 0.015159 0.022823
1 0.453825 0.485253 0.011194 0.010534
1 0.125117 0.477353 0.006297 0.012992
1 0.410331 0.472437 0.018424 0.022823
1 0.188549 0.465239 0.007696 0.008427
1 0.140858 0.463483 0.008396 0.014747
1 0.442514 0.455934 0.013293 0.020716
1 0.070662 0.445576 0.004664 0.016152
1 0.206390 0.441538 0.027052 0.029143
1 0.418377 0.428722 0.022388 0.034410
1 0.326842 0.394312 0.006763 0.011236
1 0.360075 0.382725 0.015858 0.019663
1 0.187617 0.386763 0.024487 0.029143
1 0.364855 0.347086 0.010028 0.019312
1 0.281017 0.338834 0.008396 0.009129
1 0.574743 0.278090 0.007696 0.012640
1 0.513060 0.221735 0.020056 0.024930
1 0.284632 0.216819 0.011894 0.015098
1 0.149720 0.215765 0.008862 0.024228
1 0.328008 0.198385 0.006297 0.007022
1 0.270639 0.141327 0.008162 0.010885
1 0.648438 0.040555 0.010494 0.018610
1 0.463270 0.035815 0.012826 0.014045
1 0.631063 0.044768 0.023321 0.048104
1 0.465252 0.004213 0.013993 0.008427
2 0.232276 0.933989 0.004664 0.014747
2 0.253032 0.912219 0.004664 0.014045
2 0.235191 0.893083 0.007696 0.015098
2 0.251283 0.888343 0.010028 0.014045
2 0.437383 0.830056 0.004897 0.009831
2 0.276936 0.769312 0.006297 0.008427
2 0.288130 0.762992 0.004897 0.009129
2 0.274487 0.756320 0.011194 0.018258
2 0.275303 0.736131 0.004897 0.010885
2 0.300956 0.733146 0.010494 0.007725
2 0.266674 0.735779 0.010961 0.015801
2 0.264109 0.717521 0.006297 0.008778
2 0.529035 0.714712 0.004897 0.009480
2 0.306553 0.713308 0.003965 0.011587
2 0.311567 0.709621 0.004664 0.009831
2 0.309118 0.699438 0.006763 0.008427
2 0.292211 0.695751 0.006996 0.008778
2 0.279851 0.697683 0.016791 0.025281
2 0.311917 0.686622 0.008162 0.012289
2 0.149604 0.688378 0.013759 0.024930
2 0.105877 0.682935 0.008396 0.024579
2 0.218750 0.661341 0.007463 0.010183
2 0.237407 0.656777 0.004664 0.008778
2 0.130247 0.657830 0.011894 0.018610
2 0.229711 0.642732 0.011194 0.021419
2 0.210238 0.640625 0.015159 0.020014
2 0.153801 0.611482 0.005364 0.008076
2 0.159282 0.606742 0.007463 0.014747
2 0.190648 0.602528 0.010028 0.012640
2 0.175840 0.599192 0.005597 0.007374
2 0.295359 0.598666 0.006297 0.007725
2 0.204991 0.593399 0.015392 0.015449
2 0.298741 0.581987 0.011660 0.013694
2 0.179454 0.574087 0.015159 0.016152
2 0.215019 0.562676 0.007929 0.006671
2 0.157416 0.559340 0.006996 0.009831
2 0.381297 0.545646 0.011194 0.014045
2 0.149487 0.536341 0.007929 0.017907
2 0.223064 0.526159 0.011894 0.010183
2 0.164296 0.525808 0.008629 0.021419
2 0.219916 0.509305 0.009795 0.009480
2 0.168727 0.510709 0.011894 0.022121
2 0.234025 0.510709 0.017957 0.028441
2 0.159282 0.498069 0.005131 0.010183
2 0.217817 0.488237 0.011194 0.007374
2 0.206273 0.486833 0.005830 0.014396
2 0.180387 0.476475 0.007229 0.006320
2 0.213036 0.474544 0.005830 0.008076
2 0.257229 0.465765 0.009328 0.010885
2 0.163713 0.461903 0.006996 0.008076
2 0.379431 0.460323 0.008396 0.012640
2 0.341068 0.456812 0.004897 0.010534
2 0.368587 0.461728 0.007229 0.022472
2 0.385261 0.450843 0.005131 0.011236
2 0.361241 0.451018 0.009795 0.012992
2 0.333955 0.444698 0.008396 0.022121
2 0.236940 0.458216 0.025187 0.050562
2 0.234258 0.430829 0.005830 0.009129
2 0.180970 0.433813 0.020056 0.016503
2 0.383396 0.412395 0.010728 0.016503
2 0.358092 0.406074 0.008629 0.008778
2 0.386194 0.395014 0.005131 0.009831
2 0.391674 0.379389 0.010961 0.023525
2 0.342701 0.367802 0.005830 0.008076
2 0.328008 0.368504 0.006763 0.009480
2 0.378848 0.367626 0.005364 0.009831
2 0.323228 0.359375 0.006063 0.010183
2 0.351329 0.356742 0.007229 0.009831
2 0.314949 0.356917 0.005830 0.010183
2 0.355527 0.340414 0.007229 0.012289
2 0.408815 0.330934 0.007929 0.007374
2 0.211870 0.304073 0.010028 0.024579
2 0.197062 0.295295 0.023787 0.029494
2 0.177705 0.276159 0.006996 0.010183
2 0.142141 0.251404 0.005830 0.008427
2 0.190182 0.256320 0.018890 0.023876
2 0.203591 0.251229 0.004664 0.016503
2 0.809818 0.224368 0.007696 0.009129
2 0.598764 0.076369 0.006763 0.007374
2 0.598997 0.053371 0.006297 0.009831
2 0.686334 0.037395 0.008396 0.005969
2 0.505597 0.034586 0.005131 0.008076
2 0.609841 0.028090 0.008862 0.018961
2 0.698461 0.019838 0.006996 0.012992
2 0.588853 0.022472 0.012593 0.020365
2 0.421642 0.014221 0.006996 0.010885
2 0.661031 0.012992 0.008162 0.012640
2 0.423274 0.759831 0.022854 0.061798
2 0.788829 0.473315 0.032416 0.046348
2 0.710938 0.114466 0.033815 0.070927
