2 1.492 0.483 0.027 0.017
2 1.088 0.470 0.015 0.009
2 1.495 0.452 0.004 0.003
2 1.372 0.452 0.007 0.005
2 0.765 0.423 0.018 0.013
2 1.498 0.401 0.016 0.013
2 1.432 0.268 0.006 0.005
2 1.482 0.264 0.008 0.006
2 1.475 0.258 0.004 0.004
2 1.458 0.256 0.007 0.005
2 1.441 0.247 0.016 0.010
2 1.504 0.234 0.004 0.004
2 1.504 0.227 0.004 0.006
2 1.403 0.125 0.006 0.005
2 1.395 0.115 0.008 0.006
2 1.340 0.104 0.008 0.007
2 1.369 0.107 0.020 0.015
2 1.418 0.100 0.041 0.018
2 1.372 0.068 0.004 0.003
2 1.504 0.067 0.003 0.003
2 1.396 0.068 0.016 0.008
2 1.327 0.061 0.007 0.006
2 1.504 0.059 0.004 0.006
2 1.353 0.051 0.007 0.004
2 1.349 0.044 0.008 0.009
2 1.341 0.042 0.006 0.007
2 1.305 0.022 0.006 0.007
2 1.379 0.024 0.015 0.011
2 1.457 0.052 0.085 0.075
2 1.445 0.017 0.011 0.006
2 1.346 0.001 0.009 0.002
2 1.236 0.001 0.011 0.003
1 1.107 0.009 0.016 0.011
0 0.765 0.423 0.010 0.006
0 0.752 0.386 0.018 0.013
0 0.975 0.380 0.013 0.007
0 0.971 0.345 0.014 0.012
0 1.011 0.337 0.020 0.011
0 1.006 0.313 0.013 0.007
0 0.936 0.313 0.015 0.008
0 0.931 0.295 0.016 0.008
0 1.072 0.215 0.009 0.007
0 1.055 0.179 0.004 0.002
0 1.200 0.123 0.015 0.009
0 0.935 0.072 0.008 0.007
0 1.115 0.063 0.010 0.012
0 0.938 0.047 0.009 0.008
4 0.600 0.088 0.338 0.176
