2 0.748 0.838 0.013 0.014
2 0.763 0.829 0.013 0.015
2 0.894 0.694 0.006 0.007
2 0.902 0.677 0.004 0.006
2 0.523 0.548 0.008 0.014
2 0.444 0.543 0.007 0.011
2 0.538 0.505 0.019 0.017
2 0.529 0.484 0.010 0.024
2 0.415 0.447 0.009 0.016
2 0.814 0.359 0.007 0.016
2 0.781 0.255 0.005 0.009
2 0.832 0.217 0.010 0.012
2 0.666 0.205 0.007 0.011
2 0.781 0.185 0.004 0.008
2 0.809 0.164 0.003 0.004
2 0.837 0.166 0.007 0.010
2 0.841 0.157 0.005 0.012
2 0.930 0.083 0.005 0.008
2 0.910 0.082 0.021 0.023
2 0.889 0.074 0.011 0.011
2 0.999 0.050 0.002 0.013
2 0.511 0.032 0.004 0.004
2 0.312 0.021 0.006 0.009
2 0.495 0.011 0.004 0.006
2 0.496 0.001 0.004 0.001
1 0.520 0.933 0.019 0.014
1 0.732 0.936 0.042 0.029
1 0.740 0.869 0.035 0.027
1 0.476 0.815 0.026 0.041
1 0.528 0.839 0.069 0.093
1 0.386 0.777 0.076 0.079
1 0.958 0.717 0.019 0.017
1 0.596 0.672 0.010 0.023
1 0.997 0.651 0.006 0.016
1 0.697 0.654 0.041 0.065
1 0.269 0.610 0.014 0.028
1 0.806 0.581 0.028 0.022
1 0.365 0.588 0.021 0.037
1 0.589 0.534 0.018 0.020
1 0.888 0.536 0.016 0.036
1 0.219 0.520 0.020 0.041
1 0.792 0.414 0.022 0.037
1 0.709 0.394 0.036 0.038
1 0.689 0.346 0.022 0.021
1 0.763 0.325 0.011 0.023
1 0.649 0.279 0.019 0.037
1 0.643 0.239 0.013 0.028
1 0.677 0.246 0.047 0.065
1 0.440 0.189 0.019 0.022
1 0.462 0.162 0.015 0.032
1 0.443 0.111 0.021 0.042
1 0.154 0.034 0.039 0.053
1 0.374 0.020 0.027 0.039
0 0.532 0.961 0.010 0.016
0 0.760 0.907 0.012 0.017
0 0.723 0.899 0.010 0.015
0 0.912 0.876 0.009 0.013
0 0.742 0.815 0.008 0.011
0 0.444 0.709 0.010 0.015
0 0.397 0.682 0.010 0.016
0 0.927 0.661 0.010 0.015
0 0.642 0.612 0.007 0.013
0 0.939 0.610 0.007 0.010
0 0.335 0.607 0.008 0.015
0 0.997 0.603 0.005 0.010
0 0.874 0.526 0.006 0.012
0 0.576 0.449 0.015 0.020
0 0.816 0.414 0.006 0.010
0 0.812 0.378 0.009 0.013
0 0.986 0.341 0.009 0.011
0 0.719 0.335 0.007 0.010
0 0.521 0.327 0.014 0.022
0 0.249 0.323 0.009 0.013
0 0.741 0.305 0.012 0.015
0 0.950 0.306 0.013 0.022
0 0.996 0.304 0.008 0.020
0 0.237 0.301 0.011 0.015
0 0.720 0.302 0.015 0.022
0 0.764 0.286 0.014 0.022
0 0.512 0.240 0.007 0.011
0 0.960 0.224 0.012 0.016
0 0.417 0.198 0.006 0.011
0 0.868 0.149 0.010 0.013
0 0.514 0.086 0.008 0.013
0 0.381 0.057 0.009 0.015
0 0.439 0.053 0.007 0.008
0 0.212 0.051 0.008 0.013
0 0.288 0.049 0.008 0.015
0 0.780 0.004 0.009 0.008
0 0.411 0.002 0.008 0.005
3 0.538 0.792 0.083 0.141
3 0.353 0.788 0.063 0.143
3 0.565 0.506 0.050 0.042
