2 1.479 0.499 0.009 0.007
2 1.458 0.478 0.034 0.019
2 1.308 0.425 0.011 0.005
2 1.335 0.428 0.025 0.024
2 1.321 0.415 0.006 0.006
2 1.380 0.409 0.006 0.008
2 1.450 0.405 0.009 0.017
2 1.350 0.403 0.021 0.033
2 1.439 0.391 0.018 0.009
2 1.409 0.389 0.011 0.005
2 1.430 0.382 0.022 0.014
2 1.402 0.378 0.020 0.012
2 1.182 0.372 0.012 0.008
2 1.498 0.368 0.007 0.014
2 1.213 0.365 0.011 0.007
2 1.446 0.352 0.017 0.012
2 1.438 0.342 0.004 0.004
2 1.444 0.337 0.007 0.006
2 1.440 0.331 0.018 0.005
2 1.402 0.330 0.006 0.004
2 1.428 0.326 0.007 0.007
2 1.415 0.322 0.025 0.015
2 1.101 0.321 0.012 0.017
2 1.422 0.312 0.010 0.005
2 1.441 0.316 0.017 0.015
2 1.058 0.309 0.013 0.009
2 1.442 0.301 0.018 0.016
2 1.396 0.292 0.026 0.020
2 1.350 0.286 0.010 0.007
2 1.448 0.283 0.006 0.004
2 1.396 0.279 0.008 0.004
2 0.359 0.282 0.024 0.018
2 1.454 0.273 0.010 0.012
2 0.401 0.281 0.041 0.031
2 1.448 0.260 0.005 0.004
2 1.431 0.260 0.009 0.004
2 1.409 0.265 0.058 0.024
2 1.436 0.253 0.007 0.006
2 1.407 0.236 0.006 0.004
2 1.394 0.235 0.009 0.007
2 1.456 0.226 0.021 0.005
2 1.304 0.215 0.011 0.004
2 1.442 0.214 0.016 0.011
2 1.264 0.215 0.049 0.021
2 1.309 0.186 0.047 0.030
2 0.257 0.172 0.012 0.014
2 0.976 0.157 0.022 0.016
2 0.999 0.145 0.032 0.010
2 1.355 0.126 0.007 0.004
2 1.330 0.129 0.010 0.013
2 1.046 0.117 0.006 0.004
2 1.067 0.106 0.007 0.005
2 1.044 0.108 0.011 0.010
2 1.376 0.104 0.013 0.007
2 1.053 0.099 0.006 0.005
2 1.398 0.098 0.013 0.006
2 1.475 0.100 0.014 0.012
2 1.054 0.092 0.007 0.007
2 1.349 0.094 0.011 0.013
2 1.396 0.088 0.008 0.005
2 1.461 0.086 0.007 0.005
2 1.375 0.084 0.009 0.005
2 1.392 0.160 0.161 0.160
2 1.040 0.082 0.012 0.006
2 1.402 0.080 0.006 0.008
2 1.058 0.079 0.013 0.008
2 1.434 0.076 0.005 0.004
2 1.421 0.076 0.014 0.007
2 1.452 0.073 0.011 0.006
2 1.487 0.071 0.008 0.013
2 1.088 0.073 0.023 0.017
2 1.409 0.066 0.007 0.005
2 1.048 0.053 0.038 0.027
2 0.976 0.041 0.015 0.010
2 1.118 0.028 0.061 0.028
2 1.162 0.025 0.025 0.023
2 1.234 0.032 0.108 0.064
2 1.167 0.001 0.023 0.002
1 0.564 0.463 0.032 0.012
1 1.439 0.451 0.053 0.012
1 0.836 0.341 0.053 0.036
1 1.324 0.296 0.018 0.010
1 1.172 0.289 0.058 0.037
1 0.442 0.281 0.039 0.033
1 1.415 0.004 0.034 0.007
0 0.626 0.546 0.008 0.006
0 1.413 0.545 0.006 0.004
0 1.448 0.523 0.013 0.010
0 0.678 0.506 0.011 0.008
0 1.490 0.503 0.011 0.008
0 1.406 0.485 0.009 0.007
0 0.744 0.483 0.015 0.010
0 1.098 0.476 0.008 0.007
0 0.611 0.479 0.020 0.014
0 1.503 0.432 0.006 0.007
0 1.101 0.399 0.011 0.008
0 1.249 0.366 0.013 0.009
0 1.418 0.349 0.011 0.010
0 0.923 0.276 0.013 0.009
0 0.835 0.256 0.012 0.007
0 1.479 0.031 0.011 0.007
0 1.336 0.022 0.010 0.007
0 1.501 0.014 0.010 0.008
4 0.605 0.066 0.402 0.131
