2 0.772 0.824 0.006 0.010
2 0.782 0.795 0.005 0.006
2 0.748 0.793 0.004 0.009
2 0.731 0.787 0.007 0.013
2 0.788 0.780 0.006 0.004
2 0.716 0.774 0.010 0.009
2 0.926 0.760 0.008 0.010
2 0.902 0.757 0.010 0.012
2 0.852 0.739 0.004 0.007
2 0.773 0.738 0.010 0.008
2 0.790 0.744 0.007 0.027
2 0.849 0.726 0.007 0.009
2 0.857 0.716 0.004 0.006
2 0.867 0.708 0.004 0.006
2 0.840 0.706 0.008 0.011
2 0.857 0.699 0.004 0.007
2 0.905 0.699 0.013 0.018
2 0.863 0.688 0.005 0.017
2 0.880 0.676 0.007 0.013
2 0.892 0.683 0.016 0.042
2 0.875 0.666 0.004 0.007
2 0.841 0.661 0.004 0.005
2 0.825 0.637 0.006 0.006
2 0.844 0.624 0.010 0.021
2 0.825 0.602 0.011 0.020
2 0.645 0.544 0.005 0.011
2 0.568 0.458 0.025 0.032
2 0.745 0.447 0.011 0.015
2 0.588 0.440 0.006 0.007
2 0.560 0.443 0.039 0.051
2 0.743 0.419 0.007 0.008
2 0.701 0.410 0.004 0.008
2 0.695 0.408 0.007 0.011
2 0.588 0.410 0.019 0.023
2 0.721 0.397 0.007 0.011
2 0.681 0.377 0.012 0.013
2 0.828 0.370 0.032 0.025
2 0.536 0.212 0.003 0.006
2 0.546 0.211 0.014 0.015
2 0.520 0.188 0.004 0.007
2 0.398 0.191 0.007 0.012
2 0.538 0.185 0.005 0.006
2 0.526 0.183 0.006 0.006
2 0.371 0.180 0.004 0.007
2 0.386 0.177 0.005 0.007
2 0.399 0.177 0.008 0.012
2 0.448 0.173 0.005 0.007
2 0.369 0.172 0.005 0.008
2 0.437 0.173 0.007 0.012
2 0.481 0.173 0.013 0.015
2 0.497 0.166 0.005 0.006
2 0.419 0.171 0.018 0.018
2 0.465 0.154 0.005 0.011
2 0.391 0.142 0.004 0.005
2 0.453 0.154 0.020 0.043
2 0.425 0.134 0.012 0.012
2 0.399 0.140 0.008 0.024
2 0.440 0.133 0.022 0.022
2 0.893 0.124 0.005 0.008
2 0.413 0.132 0.015 0.030
2 0.406 0.119 0.011 0.010
2 0.875 0.119 0.005 0.011
2 0.385 0.115 0.008 0.007
2 0.414 0.111 0.003 0.005
2 0.874 0.111 0.004 0.005
2 0.859 0.111 0.006 0.007
2 0.425 0.112 0.014 0.011
2 0.832 0.106 0.006 0.009
2 0.849 0.105 0.005 0.008
2 0.821 0.104 0.006 0.007
2 0.897 0.100 0.003 0.004
2 0.887 0.106 0.014 0.016
2 0.383 0.101 0.011 0.013
2 0.470 0.104 0.008 0.023
2 0.397 0.097 0.014 0.020
2 0.743 0.089 0.007 0.005
2 0.897 0.088 0.004 0.006
2 0.852 0.089 0.006 0.011
2 0.765 0.091 0.033 0.017
2 0.785 0.081 0.005 0.007
2 0.731 0.084 0.015 0.014
2 0.818 0.086 0.018 0.021
2 0.358 0.077 0.004 0.007
2 0.607 0.076 0.003 0.006
2 0.797 0.086 0.017 0.027
2 0.782 0.074 0.004 0.004
2 0.836 0.082 0.018 0.031
2 0.394 0.068 0.003 0.006
2 0.861 0.066 0.005 0.008
2 0.852 0.068 0.011 0.013
2 0.719 0.061 0.006 0.008
2 0.809 0.066 0.025 0.019
2 0.813 0.055 0.009 0.010
2 0.849 0.051 0.004 0.006
2 0.710 0.044 0.003 0.005
2 0.865 0.043 0.007 0.009
2 0.855 0.044 0.006 0.011
2 0.837 0.041 0.004 0.006
2 0.850 0.040 0.005 0.007
2 0.841 0.033 0.005 0.011
2 0.296 0.031 0.007 0.007
2 0.820 0.026 0.015 0.008
2 0.343 0.014 0.007 0.008
2 0.269 0.014 0.007 0.008
2 0.498 0.012 0.004 0.006
2 0.444 0.009 0.006 0.006
2 0.333 0.008 0.004 0.007
2 0.857 0.032 0.078 0.058
2 0.841 0.003 0.016 0.006
2 0.466 0.040 0.044 0.080
2 0.436 0.002 0.007 0.004
2 0.330 0.000 0.001 0.001
1 0.847 0.950 0.044 0.032
1 0.750 0.885 0.026 0.040
1 0.773 0.869 0.016 0.018
1 0.453 0.847 0.017 0.020
1 0.597 0.837 0.018 0.015
1 0.418 0.754 0.013 0.025
1 0.897 0.643 0.010 0.014
1 0.864 0.634 0.014 0.015
1 0.710 0.588 0.018 0.024
1 0.431 0.558 0.012 0.018
1 0.299 0.477 0.013 0.033
1 0.605 0.458 0.022 0.029
1 0.491 0.336 0.028 0.025
1 0.357 0.368 0.067 0.121
1 0.614 0.338 0.086 0.065
1 0.207 0.295 0.043 0.085
1 0.171 0.262 0.038 0.090
1 0.337 0.204 0.012 0.017
1 0.354 0.151 0.013 0.030
1 0.215 0.108 0.014 0.015
1 0.688 0.107 0.010 0.022
1 0.367 0.095 0.015 0.018
1 0.500 0.091 0.013 0.031
1 0.763 0.078 0.012 0.007
1 0.237 0.035 0.042 0.051
1 0.212 0.007 0.017 0.015
0 0.427 0.889 0.007 0.011
0 0.735 0.836 0.011 0.014
0 0.722 0.829 0.007 0.008
0 0.364 0.776 0.007 0.011
0 0.820 0.765 0.006 0.009
0 0.761 0.752 0.007 0.011
0 0.807 0.752 0.011 0.015
0 0.745 0.748 0.006 0.010
0 0.378 0.745 0.007 0.011
0 0.846 0.743 0.005 0.008
0 0.362 0.742 0.007 0.011
0 0.865 0.653 0.005 0.008
0 0.819 0.653 0.006 0.009
0 0.477 0.630 0.008 0.012
0 0.487 0.618 0.012 0.015
0 0.505 0.613 0.007 0.011
0 0.390 0.592 0.005 0.008
0 0.787 0.589 0.007 0.011
0 0.808 0.587 0.005 0.009
0 0.312 0.583 0.004 0.007
0 0.797 0.579 0.007 0.012
0 0.774 0.558 0.007 0.011
0 0.287 0.555 0.004 0.007
0 0.251 0.534 0.007 0.010
0 0.645 0.525 0.005 0.007
0 0.267 0.526 0.004 0.008
0 0.830 0.527 0.012 0.015
0 0.986 0.521 0.004 0.008
0 0.654 0.500 0.007 0.011
0 0.326 0.467 0.012 0.015
0 0.212 0.396 0.004 0.008
0 0.527 0.343 0.009 0.011
0 0.272 0.299 0.010 0.017
0 0.680 0.211 0.014 0.019
0 0.905 0.213 0.014 0.025
0 0.281 0.144 0.011 0.017
0 0.164 0.142 0.016 0.024
0 0.596 0.133 0.016 0.024
0 0.650 0.125 0.006 0.013
0 0.565 0.100 0.004 0.006
0 0.264 0.100 0.007 0.010
0 0.825 0.092 0.004 0.007
0 0.604 0.093 0.008 0.015
0 0.696 0.082 0.004 0.006
0 0.367 0.072 0.008 0.015
0 0.184 0.070 0.007 0.013
0 0.692 0.066 0.006 0.008
0 0.684 0.057 0.008 0.013
0 0.550 0.052 0.005 0.010
0 0.693 0.046 0.007 0.013
0 0.751 0.036 0.003 0.006
0 0.554 0.036 0.005 0.008
0 0.154 0.014 0.005 0.007
