2 0.200 0.872 0.006 0.004
2 0.252 0.867 0.006 0.007
2 0.165 0.843 0.007 0.013
2 0.187 0.824 0.023 0.024
2 0.173 0.800 0.012 0.014
2 0.220 0.790 0.009 0.014
2 0.224 0.757 0.009 0.015
2 0.276 0.732 0.024 0.018
2 0.424 0.469 0.005 0.008
2 0.421 0.447 0.006 0.009
2 0.496 0.278 0.012 0.016
2 0.631 0.126 0.007 0.013
1 0.456 0.565 0.015 0.040
1 0.402 0.416 0.022 0.046
1 0.437 0.282 0.009 0.025
0 0.194 0.875 0.003 0.005
0 0.728 0.790 0.008 0.011
0 0.855 0.510 0.008 0.014
0 0.428 0.328 0.006 0.009
0 0.438 0.255 0.005 0.010
4 0.488 0.922 0.240 0.156
