2 0.965 0.528 0.004 0.003
2 0.441 0.513 0.002 0.002
2 0.994 0.502 0.004 0.003
2 0.493 0.348 0.016 0.020
2 0.502 0.323 0.005 0.004
1 1.138 0.460 0.009 0.010
1 1.111 0.394 0.011 0.010
1 1.114 0.263 0.009 0.004
1 0.999 0.067 0.005 0.007
0 1.059 0.573 0.006 0.004
0 0.383 0.543 0.004 0.003
0 0.401 0.530 0.005 0.004
0 1.055 0.528 0.004 0.003
0 0.706 0.510 0.007 0.004
0 1.088 0.504 0.004 0.002
0 1.093 0.467 0.004 0.002
0 0.707 0.460 0.005 0.003
0 1.011 0.426 0.003 0.002
0 0.542 0.363 0.005 0.004
0 0.792 0.333 0.005 0.003
0 0.775 0.293 0.008 0.006
0 0.929 0.243 0.006 0.004
0 1.147 0.236 0.004 0.003
0 0.919 0.227 0.005 0.003
0 0.866 0.191 0.003 0.002
0 0.863 0.179 0.006 0.005
0 0.918 0.131 0.006 0.004
0 1.005 0.070 0.004 0.003
0 0.513 0.045 0.004 0.002
0 0.513 0.038 0.005 0.004
0 0.522 0.035 0.005 0.003
0 0.923 0.031 0.006 0.004
0 0.559 0.021 0.006 0.004
0 0.614 0.014 0.004 0.003
0 0.953 0.009 0.003 0.002
4 0.382 0.322 0.175 0.143
