2 0.325 0.961 0.023 0.018
2 0.158 0.739 0.010 0.026
2 0.201 0.632 0.003 0.012
2 0.285 0.551 0.005 0.017
2 0.500 0.417 0.010 0.007
2 0.189 0.097 0.011 0.020
1 0.248 0.709 0.005 0.006
1 0.355 0.541 0.006 0.006
1 0.342 0.529 0.007 0.006
1 0.346 0.518 0.003 0.003
1 0.263 0.497 0.004 0.006
1 0.325 0.490 0.003 0.004
1 0.332 0.490 0.004 0.008
1 0.348 0.489 0.006 0.006
1 0.319 0.485 0.003 0.005
1 0.282 0.484 0.002 0.004
1 0.330 0.483 0.002 0.004
1 0.323 0.483 0.003 0.004
1 0.432 0.476 0.003 0.004
1 0.304 0.461 0.005 0.008
1 0.439 0.460 0.007 0.008
1 0.453 0.448 0.016 0.020
1 0.250 0.439 0.004 0.005
1 0.259 0.429 0.004 0.005
1 0.266 0.423 0.010 0.010
1 0.267 0.412 0.013 0.014
1 0.245 0.409 0.005 0.011
1 0.279 0.400 0.002 0.003
1 0.272 0.373 0.007 0.011
0 0.357 0.786 0.004 0.007
0 0.297 0.754 0.007 0.009
0 0.159 0.686 0.007 0.011
0 0.243 0.553 0.008 0.011
0 0.185 0.495 0.003 0.006
0 0.475 0.399 0.005 0.009
0 0.450 0.276 0.004 0.007
0 0.173 0.173 0.006 0.009
4 0.688 0.484 0.115 0.198
