0 0.224813 0.911868 0.005597 0.010534
0 0.238340 0.698385 0.005597 0.008427
0 0.746968 0.443820 0.007929 0.011236
1 0.573461 0.908883 0.010728 0.007374
1 0.607160 0.927317 0.024487 0.044944
1 0.638643 0.923455 0.023554 0.052669
1 0.209188 0.875878 0.014925 0.028441
1 0.315415 0.758251 0.015159 0.015098
1 0.559818 0.798455 0.051539 0.100421
1 0.607393 0.753511 0.034282 0.035112
1 0.336171 0.230162 0.019356 0.021419
1 0.737523 0.171699 0.012360 0.030197
1 0.291395 0.157128 0.008629 0.006671
1 0.587220 0.163448 0.019590 0.022823
1 0.265508 0.161166 0.026353 0.025281
1 0.260494 0.140098 0.022854 0.015449
1 0.292094 0.139221 0.017024 0.022823
1 0.252915 0.078827 0.009095 0.008076
1 0.514226 0.066538 0.017724 0.038975
1 0.610658 0.064431 0.035681 0.073385
1 0.514342 0.028265 0.011427 0.020014
2 0.167794 0.832338 0.005364 0.008778
2 0.789646 0.823736 0.007463 0.013343
2 0.796525 0.706636 0.008629 0.020014
2 0.742421 0.664150 0.005830 0.009480
2 0.819146 0.655372 0.006763 0.007374
2 0.793843 0.643785 0.006063 0.007374
2 0.695896 0.623947 0.007463 0.010534
2 0.283699 0.607093 0.008162 0.011938
2 0.371618 0.604108 0.005364 0.008076
2 0.292444 0.606917 0.007929 0.015098
2 0.190299 0.579705 0.006063 0.008427
2 0.598064 0.976826 0.025420 0.046348
2 0.488689 0.924684 0.016558 0.024930
2 0.577659 0.947331 0.048041 0.081461
2 0.716651 0.331285 0.031716 0.079003
2 0.451259 0.064782 0.020522 0.044593
