0 0.705232 0.572178 0.006671 0.003965
0 0.684691 0.560285 0.004916 0.003965
0 0.571454 0.553172 0.003160 0.002332
0 0.330934 0.543610 0.007374 0.005597
0 0.449965 0.540229 0.003862 0.002565
0 0.455934 0.506180 0.007374 0.004897
0 0.323034 0.484025 0.007725 0.004897
0 0.491222 0.456040 0.007022 0.003965
0 0.465063 0.454408 0.005969 0.003965
0 0.293364 0.424207 0.003862 0.002332
0 0.296699 0.420826 0.004916 0.003498
0 0.465765 0.410681 0.005267 0.004198
0 0.375702 0.367188 0.003511 0.003032
0 0.407303 0.364389 0.004916 0.003032
0 0.374649 0.360658 0.004916 0.003032
0 0.416257 0.356227 0.004565 0.003498
0 0.231917 0.355177 0.005267 0.003265
0 0.735253 0.345849 0.004916 0.003265
0 0.862886 0.342701 0.007374 0.003965
0 0.381671 0.334655 0.003511 0.002332
0 0.184867 0.318563 0.004565 0.002799
0 0.607268 0.316581 0.008076 0.005830
0 0.541959 0.289646 0.005267 0.003265
0 0.542135 0.219799 0.006320 0.003965
0 0.553195 0.207789 0.005969 0.004198
0 0.651861 0.178988 0.006671 0.004897
0 0.742978 0.170476 0.004916 0.002799
0 0.651685 0.170359 0.006320 0.004431
0 0.501229 0.167794 0.004565 0.003032
0 0.735779 0.168027 0.006671 0.004431
0 0.731215 0.163246 0.005267 0.003265
0 0.503160 0.161497 0.004916 0.002565
0 0.729635 0.159515 0.004213 0.002799
0 0.661692 0.160448 0.008778 0.005131
0 0.747893 0.152052 0.007022 0.003731
0 0.472788 0.130714 0.012289 0.006763
0 0.527739 0.092584 0.008427 0.005131
0 0.609902 0.089086 0.007022 0.003265
0 0.484551 0.086987 0.004213 0.002332
0 0.500351 0.085238 0.003511 0.002099
0 0.516327 0.077659 0.007374 0.004198
0 0.556355 0.071595 0.003160 0.002332
0 0.659761 0.066231 0.004916 0.002799
1 0.452774 0.650070 0.018610 0.005830
1 0.278792 0.571712 0.030197 0.016558
1 1.151861 0.571479 0.068469 0.048274
1 0.704003 0.454058 0.081461 0.029851
1 0.334445 0.391208 0.006671 0.006297
1 0.253160 0.345849 0.018258 0.009328
1 1.282830 0.346315 0.023525 0.024254
1 0.315836 0.334188 0.009480 0.006530
1 0.594628 0.321362 0.016503 0.014459
1 0.676264 0.080924 0.050562 0.010261
2 0.460499 0.489506 0.005267 0.003265
2 0.464712 0.486590 0.003862 0.002099
2 0.468223 0.484142 0.002458 0.001399
2 0.471910 0.483442 0.003511 0.002799
2 0.468399 0.481576 0.003511 0.002799
2 0.469277 0.478661 0.003862 0.002565
2 0.469803 0.474230 0.002809 0.001632
2 0.245084 0.455807 0.004916 0.002565
2 0.463483 0.450560 0.003511 0.001866
2 0.464361 0.447994 0.003160 0.001399
2 0.479459 0.422575 0.004565 0.002332
2 0.508954 0.422225 0.005267 0.002565
2 0.489817 0.410681 0.003511 0.002332
2 0.492978 0.399837 0.003511 0.002099
2 0.496664 0.394240 0.004565 0.002099
2 0.428371 0.365322 0.003511 0.001632
2 0.433638 0.363223 0.004213 0.003032
2 0.431355 0.360658 0.003160 0.002099
2 0.472086 0.358792 0.003160 0.001632
2 0.438904 0.358326 0.002107 0.001166
2 0.452774 0.353545 0.005267 0.004664
2 0.705407 0.246385 0.004213 0.003965
2 0.698209 0.241838 0.010885 0.002332
2 0.673806 0.242421 0.007725 0.004431
2 0.708919 0.238573 0.002107 0.001866
2 0.692240 0.230877 0.003160 0.001866
2 0.744558 0.196945 0.005969 0.005364
2 0.676264 0.141791 0.002809 0.002332
2 0.675737 0.136311 0.003862 0.004431
2 0.666959 0.130597 0.004565 0.004664
2 0.649579 0.129781 0.004213 0.003498
2 0.692942 0.125583 0.008778 0.004897
2 0.673982 0.122201 0.005969 0.005597
2 0.662219 0.116255 0.004213 0.002565
2 0.654143 0.113689 0.003511 0.002565
2 0.699789 0.110891 0.005618 0.003498
2 0.686447 0.111007 0.006320 0.006063
2 0.675386 0.113106 0.008778 0.010261
2 0.704705 0.108909 0.002107 0.002332
2 0.690485 0.105877 0.003160 0.002332
2 0.662395 0.106227 0.004565 0.005830
2 0.689958 0.039296 0.002107 0.002099
2 0.663272 0.033232 0.002809 0.001632
3 1.021067 0.348881 0.178371 0.123601
