2 0.514 0.658 0.004 0.003
2 0.495 0.657 0.006 0.004
2 0.512 0.642 0.006 0.003
2 0.472 0.637 0.006 0.004
2 0.561 0.621 0.003 0.003
2 0.592 0.613 0.004 0.003
2 0.600 0.612 0.008 0.007
2 0.521 0.607 0.007 0.006
2 0.465 0.600 0.004 0.002
2 0.330 0.593 0.009 0.003
2 0.341 0.592 0.003 0.003
2 0.418 0.589 0.003 0.003
2 0.364 0.586 0.002 0.001
2 0.394 0.587 0.004 0.003
2 0.346 0.586 0.003 0.003
2 0.511 0.592 0.029 0.017
2 0.350 0.584 0.004 0.003
2 0.380 0.586 0.018 0.008
2 0.363 0.581 0.006 0.005
2 0.417 0.580 0.003 0.002
2 0.413 0.578 0.004 0.003
2 0.501 0.577 0.007 0.006
2 0.550 0.576 0.007 0.005
2 0.494 0.572 0.003 0.003
2 0.563 0.571 0.004 0.004
2 0.552 0.570 0.004 0.002
2 0.588 0.572 0.015 0.010
2 0.652 0.568 0.004 0.003
2 0.568 0.568 0.004 0.004
2 0.655 0.564 0.004 0.003
2 0.649 0.563 0.004 0.001
2 0.564 0.561 0.004 0.003
2 0.403 0.560 0.005 0.003
2 0.731 0.557 0.002 0.002
2 0.649 0.559 0.005 0.005
2 0.559 0.558 0.005 0.005
2 0.538 0.576 0.057 0.041
2 0.284 0.553 0.005 0.003
2 0.551 0.552 0.006 0.004
2 0.312 0.551 0.005 0.003
2 0.712 0.550 0.004 0.003
2 0.292 0.551 0.007 0.006
2 0.716 0.548 0.003 0.002
2 0.550 0.548 0.005 0.003
2 0.462 0.572 0.076 0.051
2 0.301 0.548 0.003 0.003
2 0.711 0.548 0.002 0.002
2 0.279 0.547 0.005 0.004
2 0.271 0.548 0.011 0.007
2 0.739 0.544 0.002 0.003
2 0.346 0.550 0.029 0.016
2 0.722 0.538 0.002 0.002
2 0.274 0.540 0.009 0.007
2 0.716 0.537 0.005 0.003
2 0.324 0.546 0.013 0.021
2 0.749 0.535 0.004 0.003
2 1.179 0.534 0.005 0.003
2 0.719 0.534 0.004 0.003
2 0.310 0.538 0.019 0.012
2 0.698 0.539 0.025 0.023
2 0.287 0.536 0.021 0.018
2 0.743 0.526 0.004 0.003
2 0.396 0.527 0.014 0.006
2 0.708 0.524 0.002 0.001
2 0.583 0.523 0.004 0.003
2 0.722 0.520 0.003 0.003
2 0.311 0.518 0.019 0.007
2 0.588 0.517 0.008 0.009
2 0.290 0.499 0.013 0.010
2 0.326 0.495 0.007 0.006
2 0.277 0.488 0.004 0.003
2 0.453 0.484 0.004 0.003
2 0.321 0.483 0.006 0.003
2 0.594 0.493 0.015 0.031
2 0.284 0.479 0.005 0.005
2 0.614 0.477 0.005 0.004
2 0.602 0.477 0.003 0.003
2 0.281 0.475 0.003 0.002
2 0.482 0.475 0.004 0.003
2 0.270 0.471 0.004 0.002
2 0.605 0.472 0.006 0.003
2 0.478 0.469 0.002 0.002
2 0.261 0.468 0.004 0.002
2 0.289 0.466 0.004 0.002
2 0.309 0.465 0.005 0.005
2 0.276 0.464 0.007 0.005
2 0.602 0.466 0.008 0.008
2 0.294 0.461 0.004 0.003
2 0.590 0.459 0.006 0.001
2 0.284 0.459 0.002 0.001
2 0.404 0.458 0.006 0.002
2 0.288 0.456 0.003 0.003
2 0.279 0.455 0.005 0.004
2 0.606 0.455 0.008 0.007
2 0.638 0.453 0.002 0.003
2 0.286 0.453 0.003 0.002
2 0.612 0.452 0.005 0.002
2 0.604 0.450 0.002 0.001
2 0.282 0.451 0.004 0.003
2 0.608 0.448 0.002 0.001
2 0.606 0.447 0.002 0.001
2 0.658 0.447 0.002 0.001
2 0.281 0.444 0.002 0.002
2 0.598 0.445 0.006 0.006
2 0.614 0.445 0.008 0.007
2 0.590 0.442 0.004 0.002
2 0.585 0.442 0.005 0.003
2 0.583 0.446 0.020 0.014
2 0.647 0.444 0.015 0.013
2 0.627 0.440 0.011 0.007
2 0.583 0.437 0.007 0.004
2 0.595 0.438 0.009 0.007
2 0.624 0.436 0.003 0.003
2 0.551 0.434 0.004 0.003
2 0.624 0.429 0.003 0.002
2 0.609 0.433 0.017 0.012
2 0.654 0.428 0.002 0.003
2 0.525 0.430 0.006 0.006
2 0.646 0.428 0.004 0.003
2 0.640 0.426 0.003 0.002
2 0.633 0.433 0.015 0.016
2 0.610 0.425 0.003 0.002
2 0.512 0.422 0.003 0.002
2 0.617 0.421 0.001 0.001
2 0.605 0.422 0.008 0.004
2 0.501 0.420 0.003 0.002
2 0.617 0.418 0.002 0.001
2 0.632 0.418 0.002 0.001
2 0.589 0.425 0.019 0.016
2 0.646 0.418 0.007 0.006
2 0.617 0.417 0.002 0.002
2 0.636 0.414 0.002 0.001
2 0.738 0.413 0.004 0.002
2 0.616 0.410 0.004 0.003
2 0.635 0.411 0.017 0.006
2 0.558 0.419 0.068 0.039
2 0.560 0.398 0.003 0.002
2 0.550 0.397 0.004 0.003
2 0.617 0.393 0.002 0.001
2 0.583 0.394 0.006 0.004
2 0.589 0.391 0.004 0.002
2 0.613 0.382 0.003 0.002
2 0.536 0.377 0.003 0.002
2 0.548 0.378 0.011 0.006
2 0.620 0.377 0.004 0.003
2 0.568 0.377 0.006 0.004
2 0.257 0.372 0.004 0.002
2 0.261 0.370 0.002 0.002
2 0.552 0.368 0.004 0.002
2 0.271 0.368 0.005 0.002
2 0.282 0.365 0.016 0.007
2 0.271 0.362 0.003 0.003
2 0.566 0.363 0.006 0.004
2 0.271 0.351 0.036 0.017
2 0.923 0.314 0.005 0.005
2 0.636 0.317 0.011 0.011
2 0.458 0.314 0.007 0.006
2 0.418 0.311 0.006 0.003
2 0.466 0.311 0.006 0.004
2 0.924 0.309 0.005 0.004
2 0.417 0.307 0.004 0.003
2 0.405 0.304 0.003 0.002
2 0.478 0.302 0.003 0.003
2 0.363 0.302 0.010 0.006
2 0.638 0.305 0.015 0.014
2 0.472 0.300 0.006 0.004
2 0.383 0.304 0.029 0.017
2 0.694 0.297 0.005 0.003
2 0.651 0.299 0.006 0.008
2 0.511 0.296 0.002 0.002
2 0.319 0.296 0.004 0.003
2 0.375 0.295 0.004 0.002
2 0.698 0.294 0.004 0.002
2 0.360 0.295 0.004 0.003
2 0.644 0.293 0.004 0.002
2 0.473 0.295 0.006 0.005
2 0.635 0.297 0.012 0.011
2 0.379 0.292 0.004 0.002
2 0.702 0.293 0.005 0.003
2 0.370 0.292 0.006 0.003
2 0.514 0.291 0.002 0.002
2 0.474 0.290 0.005 0.004
2 0.439 0.289 0.006 0.003
2 0.324 0.288 0.004 0.002
2 0.567 0.287 0.002 0.002
2 0.912 0.289 0.006 0.006
2 0.366 0.287 0.009 0.004
2 0.428 0.286 0.006 0.003
2 0.439 0.286 0.005 0.003
2 0.665 0.290 0.014 0.013
2 0.358 0.284 0.006 0.004
2 0.324 0.284 0.006 0.005
2 0.690 0.282 0.004 0.003
2 0.933 0.285 0.013 0.009
2 0.210 0.280 0.001 0.001
2 0.467 0.280 0.004 0.003
2 0.729 0.280 0.008 0.008
2 0.442 0.278 0.004 0.003
2 0.678 0.279 0.005 0.006
2 0.362 0.277 0.003 0.002
2 0.691 0.277 0.006 0.003
2 0.510 0.277 0.004 0.003
2 0.432 0.278 0.010 0.006
2 0.760 0.282 0.012 0.015
2 0.532 0.290 0.019 0.031
2 0.519 0.277 0.007 0.005
2 0.368 0.276 0.004 0.003
2 0.924 0.279 0.012 0.010
2 0.323 0.275 0.004 0.002
2 0.311 0.275 0.006 0.003
2 1.189 0.276 0.011 0.007
2 0.511 0.273 0.004 0.002
2 0.435 0.273 0.009 0.003
2 0.360 0.272 0.002 0.002
2 0.635 0.275 0.014 0.008
2 0.377 0.273 0.007 0.005
2 0.564 0.272 0.004 0.003
2 0.677 0.271 0.003 0.003
2 0.493 0.273 0.007 0.008
2 0.444 0.271 0.005 0.003
2 0.648 0.281 0.016 0.023
2 1.170 0.271 0.005 0.004
2 0.772 0.270 0.004 0.002
2 0.728 0.270 0.004 0.003
2 0.420 0.269 0.002 0.002
2 0.780 0.269 0.003 0.003
2 0.745 0.271 0.010 0.008
2 0.376 0.268 0.003 0.002
2 0.491 0.266 0.003 0.003
2 0.909 0.266 0.006 0.003
2 0.327 0.269 0.013 0.009
2 0.355 0.265 0.003 0.002
2 0.376 0.264 0.006 0.002
2 0.649 0.267 0.024 0.009
2 0.604 0.266 0.009 0.008
2 0.318 0.264 0.005 0.003
2 0.614 0.263 0.005 0.003
2 0.330 0.262 0.005 0.003
2 0.748 0.263 0.011 0.006
2 0.385 0.260 0.002 0.003
2 0.449 0.262 0.014 0.007
2 0.388 0.259 0.002 0.001
2 0.432 0.262 0.020 0.007
2 0.758 0.259 0.004 0.003
2 0.718 0.258 0.002 0.001
2 0.705 0.272 0.018 0.031
2 0.726 0.263 0.015 0.013
2 0.367 0.256 0.002 0.002
2 0.679 0.268 0.027 0.026
2 0.331 0.257 0.004 0.004
2 0.398 0.255 0.003 0.001
2 0.336 0.256 0.002 0.002
2 0.756 0.256 0.004 0.003
2 0.481 0.258 0.014 0.007
2 0.777 0.255 0.006 0.004
2 0.730 0.255 0.007 0.003
2 0.688 0.252 0.002 0.002
2 0.396 0.252 0.004 0.003
2 0.716 0.252 0.008 0.005
2 0.703 0.254 0.016 0.009
2 0.616 0.252 0.005 0.005
2 0.607 0.252 0.005 0.005
2 0.422 0.254 0.020 0.010
2 0.767 0.250 0.004 0.002
2 0.694 0.249 0.002 0.002
2 0.657 0.252 0.010 0.008
2 0.598 0.252 0.008 0.008
2 0.405 0.249 0.005 0.004
2 0.729 0.249 0.007 0.006
2 0.752 0.248 0.004 0.004
2 0.776 0.248 0.008 0.005
2 0.702 0.247 0.005 0.005
2 0.666 0.246 0.002 0.002
2 0.708 0.246 0.007 0.005
2 0.732 0.244 0.003 0.002
2 0.688 0.244 0.006 0.003
2 0.577 0.244 0.006 0.003
2 0.719 0.245 0.008 0.005
2 0.347 0.245 0.006 0.008
2 0.727 0.243 0.008 0.003
2 0.382 0.250 0.025 0.019
2 0.768 0.240 0.004 0.003
2 0.661 0.243 0.008 0.008
2 0.694 0.241 0.009 0.005
2 0.671 0.240 0.003 0.002
2 0.714 0.239 0.006 0.004
2 0.641 0.240 0.013 0.007
2 0.660 0.237 0.004 0.003
2 0.726 0.237 0.017 0.008
2 0.718 0.234 0.004 0.003
2 0.637 0.233 0.005 0.003
2 0.726 0.231 0.005 0.003
2 0.539 0.233 0.010 0.008
2 0.526 0.231 0.008 0.005
2 0.746 0.230 0.009 0.006
2 0.631 0.227 0.003 0.002
2 0.650 0.226 0.004 0.002
2 0.573 0.232 0.015 0.013
2 0.550 0.233 0.038 0.017
2 0.756 0.225 0.014 0.009
2 0.578 0.221 0.004 0.002
2 0.728 0.220 0.003 0.002
2 0.736 0.226 0.014 0.021
2 0.777 0.220 0.014 0.008
2 0.755 0.216 0.006 0.006
2 0.770 0.213 0.003 0.002
2 0.783 0.211 0.003 0.002
2 0.582 0.215 0.011 0.011
2 0.733 0.211 0.008 0.010
2 0.781 0.206 0.009 0.007
2 0.598 0.203 0.003 0.002
2 0.594 0.203 0.004 0.005
2 0.606 0.223 0.052 0.044
2 0.761 0.204 0.005 0.008
2 0.319 0.202 0.004 0.003
2 0.605 0.202 0.007 0.005
2 0.729 0.202 0.014 0.009
2 0.723 0.198 0.004 0.003
2 0.615 0.201 0.008 0.008
2 0.760 0.198 0.004 0.003
2 0.652 0.197 0.004 0.003
2 0.629 0.209 0.025 0.029
2 0.729 0.195 0.003 0.002
2 0.598 0.197 0.008 0.006
2 0.746 0.194 0.002 0.002
2 0.774 0.197 0.017 0.008
2 0.742 0.196 0.003 0.005
2 0.735 0.193 0.002 0.001
2 0.759 0.194 0.004 0.003
2 0.750 0.193 0.004 0.004
2 0.724 0.191 0.003 0.002
2 0.468 0.193 0.009 0.007
2 0.152 0.190 0.003 0.002
2 0.674 0.189 0.002 0.002
2 0.715 0.189 0.001 0.001
2 0.730 0.189 0.006 0.006
2 0.458 0.188 0.011 0.008
2 0.436 0.185 0.004 0.003
2 0.744 0.185 0.006 0.004
2 0.465 0.186 0.004 0.006
2 0.638 0.184 0.005 0.005
2 0.469 0.180 0.003 0.002
2 0.396 0.180 0.004 0.003
2 0.725 0.178 0.002 0.002
2 0.611 0.179 0.015 0.008
2 0.732 0.177 0.004 0.004
2 0.712 0.180 0.015 0.012
2 0.696 0.177 0.009 0.007
2 0.661 0.175 0.002 0.002
2 0.641 0.175 0.004 0.003
2 0.656 0.173 0.003 0.002
2 0.620 0.171 0.003 0.003
2 0.694 0.171 0.004 0.005
2 0.672 0.170 0.006 0.004
2 0.734 0.168 0.004 0.001
2 0.627 0.167 0.004 0.003
2 0.650 0.164 0.005 0.003
2 0.643 0.163 0.002 0.002
2 0.685 0.163 0.020 0.008
2 0.662 0.162 0.018 0.010
2 0.659 0.151 0.006 0.003
2 0.697 0.149 0.004 0.002
2 0.690 0.140 0.004 0.003
2 0.633 0.132 0.002 0.002
2 0.708 0.129 0.002 0.001
2 0.720 0.130 0.003 0.004
2 0.477 0.126 0.003 0.003
2 0.385 0.125 0.004 0.004
2 0.708 0.124 0.003 0.002
2 0.719 0.123 0.005 0.004
2 0.666 0.125 0.007 0.007
2 0.381 0.122 0.003 0.002
2 0.374 0.120 0.005 0.003
2 0.382 0.116 0.002 0.003
2 0.375 0.115 0.003 0.002
2 0.689 0.122 0.018 0.016
2 0.348 0.111 0.004 0.002
2 0.406 0.110 0.004 0.003
2 0.365 0.113 0.012 0.009
2 0.673 0.108 0.004 0.004
2 0.428 0.106 0.005 0.002
2 1.166 0.105 0.005 0.002
2 0.416 0.106 0.006 0.004
2 0.422 0.104 0.002 0.002
2 0.442 0.102 0.003 0.002
2 0.361 0.102 0.021 0.010
2 0.384 0.099 0.012 0.007
2 0.386 0.094 0.003 0.002
2 0.623 0.088 0.009 0.006
2 0.493 0.086 0.005 0.005
2 0.649 0.082 0.005 0.003
2 1.044 0.082 0.005 0.003
2 0.462 0.081 0.002 0.002
2 0.843 0.079 0.004 0.002
2 0.825 0.078 0.006 0.003
2 0.863 0.077 0.003 0.003
2 1.044 0.077 0.004 0.003
2 0.808 0.074 0.004 0.003
2 0.840 0.067 0.008 0.007
2 0.935 0.063 0.009 0.004
2 0.929 0.056 0.008 0.003
2 0.391 0.056 0.007 0.004
2 0.575 0.049 0.008 0.004
2 0.619 0.049 0.006 0.004
2 0.602 0.036 0.004 0.003
2 0.936 0.032 0.004 0.003
2 0.999 0.031 0.005 0.005
2 0.586 0.027 0.002 0.002
2 0.579 0.026 0.007 0.004
2 0.597 0.026 0.014 0.012
2 0.575 0.021 0.007 0.005
2 0.561 0.021 0.008 0.004
2 0.568 0.015 0.007 0.008
2 0.606 0.011 0.007 0.004
2 0.623 0.012 0.010 0.012
2 0.616 0.006 0.005 0.004
1 0.613 0.634 0.068 0.021
1 0.899 0.639 0.177 0.045
1 0.637 0.590 0.014 0.010
1 0.797 0.576 0.008 0.012
1 0.784 0.576 0.012 0.014
1 0.275 0.559 0.011 0.004
1 0.489 0.553 0.023 0.009
1 1.106 0.555 0.025 0.065
1 0.660 0.499 0.010 0.003
1 0.344 0.499 0.019 0.012
1 0.525 0.486 0.013 0.006
1 0.341 0.473 0.015 0.018
1 0.377 0.483 0.054 0.047
1 0.353 0.457 0.011 0.014
1 0.368 0.453 0.015 0.007
1 0.312 0.443 0.018 0.010
1 0.358 0.428 0.010 0.006
1 0.317 0.423 0.027 0.011
1 0.480 0.417 0.060 0.019
1 0.324 0.409 0.010 0.006
1 0.305 0.373 0.010 0.006
1 0.490 0.336 0.015 0.009
1 0.341 0.293 0.019 0.014
1 0.334 0.283 0.009 0.006
1 0.623 0.268 0.017 0.014
1 0.514 0.220 0.064 0.024
1 0.469 0.207 0.026 0.019
1 0.558 0.196 0.046 0.034
1 0.326 0.181 0.008 0.010
1 0.310 0.151 0.017 0.006
1 0.584 0.153 0.035 0.032
1 0.493 0.149 0.069 0.042
1 0.365 0.136 0.031 0.017
1 0.313 0.129 0.029 0.014
1 0.485 0.124 0.016 0.012
1 1.187 0.125 0.037 0.018
1 0.581 0.111 0.035 0.006
1 1.063 0.092 0.006 0.012
1 0.314 0.077 0.015 0.006
1 0.528 0.073 0.027 0.009
1 0.460 0.067 0.024 0.008
1 1.080 0.055 0.015 0.011
1 0.752 0.048 0.017 0.007
1 0.943 0.020 0.015 0.011
0 0.637 0.658 0.007 0.005
0 0.645 0.654 0.006 0.003
0 0.854 0.631 0.007 0.004
0 0.792 0.603 0.006 0.003
0 0.292 0.601 0.005 0.003
0 0.986 0.578 0.008 0.006
0 1.135 0.575 0.007 0.005
0 1.132 0.568 0.007 0.007
0 0.763 0.561 0.005 0.003
0 0.321 0.559 0.006 0.003
0 0.384 0.559 0.007 0.004
0 0.300 0.550 0.001 0.001
0 0.615 0.548 0.006 0.004
0 0.622 0.545 0.004 0.002
0 0.542 0.545 0.004 0.003
0 1.079 0.543 0.006 0.004
0 0.345 0.531 0.009 0.005
0 0.628 0.521 0.009 0.006
0 0.683 0.517 0.006 0.004
0 0.502 0.512 0.006 0.003
0 0.212 0.489 0.005 0.004
0 0.558 0.484 0.005 0.003
0 0.499 0.482 0.005 0.003
0 0.422 0.472 0.007 0.004
0 0.226 0.462 0.004 0.003
0 0.483 0.461 0.005 0.004
0 0.455 0.456 0.004 0.002
0 0.296 0.452 0.004 0.003
0 0.302 0.444 0.004 0.003
0 0.187 0.440 0.004 0.003
0 0.349 0.437 0.004 0.002
0 0.420 0.436 0.004 0.003
0 0.383 0.431 0.004 0.002
0 0.413 0.426 0.005 0.003
0 0.416 0.420 0.008 0.003
0 0.237 0.417 0.004 0.003
0 0.202 0.403 0.006 0.004
0 0.360 0.397 0.005 0.003
0 0.339 0.396 0.004 0.003
0 0.224 0.392 0.004 0.003
0 0.376 0.353 0.005 0.003
0 0.883 0.351 0.004 0.003
0 0.616 0.336 0.005 0.003
0 0.603 0.331 0.004 0.003
0 0.441 0.297 0.005 0.004
0 0.799 0.295 0.006 0.004
0 0.430 0.293 0.005 0.003
0 0.422 0.289 0.004 0.003
0 1.084 0.287 0.003 0.002
0 0.423 0.278 0.003 0.002
0 0.791 0.276 0.002 0.002
0 0.398 0.273 0.007 0.003
0 0.791 0.271 0.004 0.002
0 0.482 0.269 0.005 0.003
0 1.100 0.221 0.006 0.004
0 0.680 0.218 0.004 0.002
0 1.103 0.216 0.007 0.004
0 0.672 0.211 0.006 0.003
0 0.650 0.210 0.003 0.002
0 0.679 0.206 0.004 0.003
0 0.659 0.186 0.007 0.005
0 0.210 0.185 0.007 0.005
0 0.241 0.172 0.009 0.006
0 0.644 0.170 0.005 0.004
0 0.267 0.167 0.006 0.003
0 0.627 0.155 0.009 0.006
0 0.306 0.143 0.007 0.004
0 0.486 0.113 0.004 0.003
0 0.402 0.104 0.006 0.003
0 0.882 0.089 0.008 0.006
0 0.485 0.074 0.004 0.002
0 1.087 0.067 0.005 0.003
0 0.808 0.055 0.007 0.005
0 0.640 0.052 0.003 0.002
0 0.958 0.050 0.005 0.003
0 0.867 0.049 0.006 0.004
0 0.807 0.048 0.004 0.003
0 0.510 0.034 0.004 0.002
0 0.491 0.031 0.005 0.003
0 0.780 0.024 0.004 0.002
0 0.857 0.014 0.011 0.006
0 0.733 0.007 0.006 0.004
4 1.040 0.385 0.162 0.115
3 0.535 0.157 0.073 0.086
