0 0.219216 0.891152 0.007929 0.011236
0 0.542094 0.717170 0.008629 0.013694
0 0.602495 0.589888 0.008629 0.011236
0 0.602262 0.574263 0.007229 0.011587
0 0.306903 0.523876 0.007929 0.012640
0 0.191581 0.494733 0.008162 0.011236
0 0.139925 0.458567 0.008396 0.013343
0 0.282882 0.417310 0.006530 0.012992
0 0.294076 0.351826 0.008862 0.014747
0 0.303871 0.335674 0.011194 0.009129
0 0.253615 0.300035 0.009095 0.014396
0 0.733326 0.173279 0.008162 0.015801
0 0.691931 0.087956 0.008862 0.015098
0 0.388293 0.026334 0.012593 0.016854
0 0.438433 0.021419 0.008396 0.011236
1 0.631880 0.961552 0.028685 0.024228
1 0.473997 0.900983 0.012360 0.011938
1 0.582323 0.897647 0.014459 0.022823
1 0.520173 0.887465 0.007696 0.014396
1 0.254314 0.699087 0.005364 0.018961
1 0.424790 0.587079 0.015159 0.030899
1 0.257929 0.562676 0.013526 0.013694
1 0.579874 0.562324 0.016091 0.018610
1 0.513060 0.471208 0.009795 0.016152
1 0.361940 0.385534 0.013993 0.019663
1 0.571945 0.375702 0.017957 0.021067
1 0.164646 0.376756 0.013993 0.023876
1 0.438200 0.370962 0.039646 0.027037
1 0.186101 0.344452 0.017724 0.037921
1 0.203242 0.326018 0.009562 0.018610
1 0.222715 0.314782 0.014459 0.032654
1 0.284981 0.282479 0.018190 0.035463
1 0.271339 0.254565 0.017957 0.031601
1 0.117771 0.240169 0.020522 0.058989
1 0.209538 0.160288 0.015159 0.014396
1 0.182603 0.120084 0.010261 0.018258
1 0.255830 0.095857 0.048041 0.051264
2 0.467467 0.834621 0.007696 0.011938
2 0.463969 0.813027 0.014692 0.012289
2 0.416395 0.805302 0.007229 0.017205
2 0.379314 0.801440 0.037080 0.031250
2 0.460471 0.782128 0.010028 0.015801
2 0.693563 0.778617 0.009795 0.010885
2 0.337920 0.771067 0.008862 0.016854
2 0.446945 0.764221 0.010028 0.017907
2 0.416045 0.749473 0.008862 0.010885
2 0.435984 0.741924 0.020289 0.029494
2 0.359608 0.720330 0.008862 0.012289
2 0.371502 0.718399 0.014459 0.016152
2 0.345616 0.715765 0.012593 0.027037
2 0.334072 0.707338 0.008629 0.016503
2 0.388176 0.686622 0.017957 0.015098
2 0.427705 0.692942 0.013060 0.040379
2 0.441814 0.677493 0.006763 0.012992
2 0.215135 0.673631 0.017957 0.041081
2 0.364506 0.660288 0.006530 0.017907
2 0.216301 0.645190 0.012360 0.024228
2 0.233326 0.655372 0.020756 0.045997
2 0.278568 0.633076 0.014692 0.024579
2 0.243237 0.623596 0.012127 0.018258
2 0.364039 0.622718 0.015858 0.024930
2 0.296059 0.591468 0.010961 0.029846
2 0.332789 0.575316 0.007929 0.010885
2 0.315998 0.573385 0.010261 0.015449
2 0.269706 0.566011 0.009095 0.014045
2 0.296175 0.559164 0.010261 0.023525
2 0.284398 0.555829 0.010961 0.020365
2 0.318680 0.546699 0.006763 0.012640
2 0.208955 0.581987 0.049440 0.100070
2 0.435634 0.533357 0.010261 0.009129
2 0.248368 0.533532 0.007929 0.010885
2 0.376399 0.559691 0.048041 0.095506
2 0.283349 0.525456 0.036381 0.036868
2 0.181087 0.518083 0.012826 0.027739
2 0.195079 0.520190 0.017491 0.035463
2 0.141441 0.503511 0.007229 0.011938
2 0.354827 0.504740 0.015159 0.017205
2 0.460005 0.494206 0.012826 0.012289
2 0.402519 0.495260 0.019123 0.034059
2 0.487873 0.484375 0.006996 0.014396
2 0.472598 0.481039 0.008629 0.013343
2 0.454641 0.479810 0.022621 0.017907
2 0.273438 0.455934 0.012826 0.025632
2 0.393890 0.445751 0.006530 0.014396
2 0.166395 0.450843 0.018424 0.054775
2 0.411381 0.448912 0.024254 0.054424
2 0.445079 0.436973 0.019356 0.045295
2 0.400070 0.400983 0.010028 0.016854
2 0.364272 0.423455 0.040578 0.074438
2 0.489855 0.394838 0.022155 0.020716
2 0.472598 0.386236 0.011427 0.014747
2 0.298041 0.367802 0.011194 0.017205
2 0.263993 0.363588 0.008396 0.012289
2 0.248717 0.358322 0.010028 0.012289
2 0.593633 0.358848 0.005830 0.014045
2 0.476213 0.354810 0.007463 0.012289
2 0.541045 0.344979 0.010728 0.012992
2 0.244286 0.341117 0.008629 0.013694
2 0.385028 0.317591 0.016325 0.019312
2 0.494869 0.292486 0.008862 0.011938
2 0.344216 0.300386 0.015392 0.027739
2 0.429338 0.286868 0.007463 0.014747
2 0.350396 0.273701 0.008162 0.012289
2 0.400536 0.273350 0.011427 0.017907
2 0.426656 0.267556 0.007696 0.011236
2 0.338503 0.265274 0.009095 0.014396
2 0.394473 0.255091 0.010028 0.014396
2 0.351096 0.252985 0.007696 0.015098
2 0.339902 0.243504 0.009562 0.012992
2 0.325676 0.231917 0.014692 0.015098
3 0.737990 0.452774 0.127099 0.217346
