2 0.561 0.077 0.008 0.022
1 0.415 0.884 0.015 0.032
1 0.399 0.871 0.007 0.010
1 0.309 0.871 0.033 0.045
1 0.285 0.849 0.017 0.023
1 0.260 0.836 0.010 0.009
1 0.379 0.838 0.012 0.018
1 0.308 0.834 0.006 0.008
1 0.249 0.836 0.007 0.015
1 0.353 0.824 0.007 0.007
1 0.237 0.838 0.026 0.044
1 0.297 0.817 0.006 0.007
1 0.363 0.822 0.011 0.019
1 0.278 0.783 0.021 0.030
1 0.991 0.774 0.015 0.029
1 0.309 0.767 0.015 0.018
1 0.237 0.772 0.027 0.032
1 0.340 0.786 0.046 0.071
1 0.372 0.749 0.004 0.006
1 0.364 0.751 0.011 0.015
1 0.378 0.738 0.007 0.020
1 0.226 0.716 0.013 0.013
1 0.988 0.717 0.014 0.026
1 0.275 0.713 0.013 0.025
1 0.297 0.708 0.019 0.036
1 0.325 0.692 0.009 0.022
1 0.993 0.645 0.014 0.027
1 0.277 0.444 0.004 0.008
1 0.354 0.407 0.005 0.011
1 0.342 0.378 0.005 0.008
1 0.973 0.275 0.005 0.007
1 0.307 0.274 0.012 0.018
1 0.955 0.269 0.011 0.023
1 0.948 0.264 0.009 0.020
1 0.812 0.240 0.006 0.008
1 0.806 0.212 0.007 0.010
1 0.794 0.186 0.011 0.018
1 0.892 0.155 0.026 0.027
1 0.920 0.151 0.017 0.022
1 0.869 0.133 0.011 0.018
1 0.728 0.124 0.008 0.011
1 0.711 0.112 0.014 0.015
1 0.812 0.101 0.010 0.015
1 0.794 0.097 0.009 0.011
1 0.780 0.093 0.006 0.020
1 0.711 0.086 0.004 0.007
1 0.733 0.089 0.011 0.015
1 0.758 0.078 0.005 0.005
1 0.726 0.067 0.006 0.007
1 0.668 0.063 0.009 0.012
1 0.702 0.057 0.007 0.023
1 0.878 0.038 0.012 0.025
1 0.836 0.021 0.010 0.018
0 0.277 0.943 0.008 0.014
0 0.248 0.650 0.006 0.008
0 0.859 0.515 0.011 0.017
0 0.618 0.389 0.011 0.016
0 0.997 0.126 0.005 0.010
