2 0.794 0.298 0.033 0.032
2 0.410 0.264 0.018 0.032
1 0.496 1.000 0.005 0.001
1 0.677 0.993 0.004 0.006
1 0.472 0.994 0.012 0.011
1 0.619 0.993 0.007 0.011
1 0.616 0.959 0.005 0.007
1 0.608 0.958 0.007 0.009
1 0.431 0.957 0.005 0.008
1 0.738 0.958 0.008 0.012
1 0.836 0.953 0.007 0.008
1 0.406 0.953 0.007 0.008
1 0.513 0.946 0.007 0.008
1 0.833 0.942 0.005 0.007
1 0.726 0.922 0.010 0.014
1 0.509 0.917 0.006 0.009
1 0.833 0.913 0.004 0.008
1 0.696 0.918 0.010 0.018
1 0.540 0.913 0.005 0.008
1 0.754 0.919 0.010 0.026
1 0.674 0.910 0.006 0.017
1 0.723 0.908 0.013 0.015
1 0.427 0.905 0.007 0.014
1 0.794 0.899 0.006 0.010
1 0.745 0.909 0.014 0.033
1 0.766 0.919 0.013 0.056
1 0.695 0.894 0.010 0.008
1 0.674 0.890 0.004 0.007
1 0.283 0.892 0.006 0.011
1 0.670 0.882 0.004 0.011
1 0.716 0.877 0.006 0.004
1 0.650 0.878 0.007 0.012
1 0.305 0.876 0.010 0.012
1 0.710 0.867 0.003 0.004
1 0.344 0.865 0.030 0.025
1 0.426 0.856 0.006 0.009
1 0.361 0.853 0.005 0.008
1 0.694 0.849 0.007 0.011
1 0.695 0.839 0.002 0.004
1 0.380 0.847 0.018 0.024
1 0.355 0.832 0.032 0.032
1 0.394 0.814 0.005 0.012
1 0.367 0.791 0.017 0.017
1 0.274 0.745 0.003 0.004
1 0.941 0.585 0.011 0.018
1 0.913 0.513 0.003 0.005
1 0.229 0.488 0.008 0.011
1 0.742 0.364 0.007 0.010
1 0.831 0.300 0.004 0.011
1 0.489 0.281 0.008 0.014
1 0.976 0.070 0.008 0.014
0 0.245 0.999 0.005 0.001
0 0.475 0.998 0.009 0.004
0 0.958 0.682 0.010 0.013
0 0.369 0.659 0.007 0.011
0 0.892 0.620 0.014 0.024
0 0.804 0.612 0.012 0.018
0 0.910 0.560 0.007 0.011
0 0.846 0.547 0.009 0.013
0 0.802 0.514 0.010 0.014
0 0.597 0.509 0.004 0.006
0 0.238 0.475 0.010 0.015
0 0.407 0.386 0.008 0.013
0 0.735 0.365 0.006 0.008
0 0.670 0.333 0.010 0.015
0 0.634 0.311 0.006 0.009
