0 0.229128 0.618680 0.007696 0.011236
1 0.676189 0.945751 0.021222 0.027037
1 0.206157 0.935920 0.035448 0.038272
1 0.263993 0.863062 0.014925 0.020365
1 0.248018 0.866924 0.013293 0.033006
1 0.244520 0.828301 0.013759 0.027388
1 0.375933 0.803020 0.013526 0.017556
1 0.275303 0.759480 0.010028 0.016152
1 0.844100 0.462605 0.017957 0.024228
1 0.376283 0.449438 0.014692 0.018961
1 0.830340 0.447683 0.044543 0.058287
1 0.835354 0.398350 0.008396 0.011587
1 0.468633 0.102177 0.023554 0.020365
2 0.145522 0.487184 0.008396 0.023525
2 0.398904 0.481039 0.010028 0.034410
2 0.393890 0.455934 0.010728 0.036868
2 0.444263 0.419944 0.008862 0.010534
2 0.429454 0.409410 0.014692 0.028792
2 0.456973 0.894663 0.056670 0.085674
2 0.221782 0.848841 0.029851 0.047402
2 0.440065 0.671875 0.014459 0.034059
2 0.450910 0.516327 0.017024 0.027739
2 0.177239 0.466643 0.014925 0.022472
2 0.188549 0.418890 0.027752 0.052669
2 0.557020 0.097788 0.010494 0.027037
3 0.706623 0.605688 0.110541 0.214185
