2 0.170 0.995 0.016 0.011
2 0.060 0.975 0.051 0.051
2 0.125 0.965 0.076 0.070
2 0.103 0.914 0.008 0.029
2 0.111 0.901 0.007 0.018
2 0.146 0.908 0.012 0.034
2 0.135 0.877 0.018 0.038
2 0.284 0.132 0.003 0.008
2 0.239 0.132 0.004 0.008
2 0.275 0.124 0.006 0.013
2 0.290 0.113 0.012 0.023
2 0.306 0.102 0.004 0.008
2 0.332 0.087 0.007 0.008
2 0.296 0.084 0.018 0.025
2 0.329 0.067 0.004 0.008
2 0.311 0.066 0.005 0.008
2 0.295 0.058 0.011 0.018
2 0.307 0.054 0.005 0.013
1 0.621 0.487 0.028 0.036
1 0.596 0.456 0.025 0.081
1 0.494 0.481 0.152 0.512
1 0.265 0.152 0.006 0.012
1 0.192 0.156 0.023 0.032
1 0.222 0.108 0.023 0.050
1 0.222 0.092 0.012 0.026
1 0.226 0.076 0.018 0.018
1 0.145 0.039 0.030 0.055
1 0.232 0.054 0.139 0.108
0 0.115 0.792 0.009 0.013
0 0.000 0.178 0.000 0.008
0 0.180 0.110 0.013 0.019
4 0.354 0.966 0.164 0.069
3 0.530 0.506 0.090 0.216
3 0.121 0.050 0.063 0.098
