2 0.282 0.954 0.004 0.007
2 0.331 0.886 0.003 0.006
2 0.309 0.873 0.002 0.008
2 0.327 0.869 0.002 0.005
2 0.436 0.868 0.002 0.007
2 0.324 0.869 0.003 0.009
2 0.368 0.865 0.003 0.005
2 0.304 0.866 0.005 0.008
2 0.435 0.861 0.003 0.004
2 0.449 0.858 0.002 0.003
2 0.410 0.852 0.003 0.005
2 0.405 0.847 0.003 0.005
2 0.310 0.841 0.002 0.004
2 0.397 0.840 0.002 0.003
2 0.303 0.828 0.002 0.003
2 0.319 0.791 0.003 0.005
2 0.408 0.725 0.001 0.005
2 0.380 0.717 0.003 0.008
2 0.418 0.677 0.002 0.002
2 0.376 0.678 0.008 0.008
2 0.390 0.672 0.002 0.004
2 0.413 0.670 0.002 0.004
2 0.416 0.668 0.002 0.003
2 0.375 0.669 0.003 0.004
2 0.391 0.667 0.001 0.004
2 0.415 0.665 0.002 0.003
2 0.419 0.665 0.002 0.004
2 0.355 0.663 0.001 0.002
2 0.374 0.663 0.002 0.004
2 0.394 0.663 0.002 0.004
2 0.380 0.662 0.002 0.003
2 0.391 0.660 0.002 0.002
2 0.418 0.659 0.003 0.004
2 0.382 0.659 0.002 0.004
2 0.389 0.657 0.003 0.005
2 0.371 0.656 0.002 0.004
2 0.359 0.657 0.003 0.006
2 0.384 0.653 0.004 0.005
2 0.354 0.650 0.002 0.004
2 0.359 0.649 0.002 0.005
2 0.364 0.647 0.001 0.004
2 0.376 0.646 0.002 0.004
2 0.388 0.646 0.003 0.004
2 0.472 0.645 0.003 0.004
2 0.445 0.644 0.002 0.005
2 0.381 0.639 0.002 0.004
2 0.516 0.636 0.003 0.004
2 0.490 0.636 0.002 0.004
2 0.410 0.637 0.006 0.011
2 0.342 0.635 0.004 0.007
2 0.496 0.632 0.005 0.005
2 0.373 0.644 0.023 0.032
2 0.387 0.629 0.002 0.004
2 0.347 0.626 0.003 0.003
2 0.368 0.607 0.001 0.003
2 0.312 0.565 0.001 0.002
2 0.361 0.561 0.002 0.002
2 0.321 0.561 0.001 0.002
2 0.274 0.556 0.002 0.003
2 0.308 0.518 0.002 0.004
2 0.323 0.415 0.002 0.002
2 0.296 0.407 0.002 0.002
2 0.318 0.361 0.003 0.004
2 0.320 0.353 0.003 0.003
2 0.294 0.292 0.003 0.005
2 0.708 0.279 0.005 0.008
2 0.449 0.279 0.008 0.014
2 0.293 0.272 0.003 0.006
2 0.691 0.270 0.006 0.008
2 0.627 0.258 0.004 0.006
2 0.627 0.251 0.003 0.004
2 0.609 0.224 0.002 0.004
2 0.617 0.214 0.003 0.005
2 0.186 0.135 0.003 0.007
1 0.655 0.985 0.028 0.029
1 0.524 0.838 0.014 0.021
1 0.581 0.795 0.010 0.011
1 0.367 0.399 0.017 0.013
1 0.646 0.221 0.013 0.017
0 0.239 0.964 0.003 0.004
0 0.247 0.906 0.005 0.007
0 0.322 0.807 0.002 0.004
0 0.383 0.794 0.006 0.008
0 0.345 0.789 0.003 0.004
0 0.330 0.781 0.008 0.012
0 0.632 0.701 0.005 0.007
0 0.489 0.699 0.003 0.005
0 0.595 0.690 0.003 0.005
0 0.516 0.664 0.002 0.003
0 0.507 0.629 0.003 0.005
0 0.311 0.589 0.003 0.006
0 0.354 0.582 0.004 0.006
0 0.340 0.582 0.007 0.010
0 0.337 0.577 0.003 0.004
0 0.410 0.575 0.004 0.005
0 0.346 0.573 0.003 0.004
0 0.277 0.456 0.003 0.005
0 0.333 0.433 0.003 0.005
0 0.508 0.427 0.005 0.008
0 0.336 0.424 0.005 0.007
0 0.374 0.407 0.004 0.006
0 0.376 0.390 0.003 0.006
0 0.370 0.387 0.003 0.005
0 0.398 0.383 0.004 0.006
0 0.372 0.377 0.003 0.005
0 0.734 0.364 0.006 0.009
0 0.290 0.336 0.003 0.004
0 0.268 0.331 0.003 0.004
0 0.662 0.272 0.005 0.007
0 0.429 0.258 0.005 0.008
0 0.651 0.206 0.003 0.004
0 0.609 0.151 0.004 0.008
0 0.556 0.120 0.008 0.012
4 0.700 0.646 0.123 0.210
3 0.820 0.630 0.024 0.033
3 0.741 0.258 0.023 0.057
