2 0.163 0.680 0.011 0.022
2 0.097 0.593 0.020 0.026
2 0.135 0.575 0.045 0.046
2 0.104 0.414 0.026 0.056
2 0.023 0.083 0.012 0.015
1 0.001 0.492 0.001 0.007
1 0.006 0.439 0.004 0.006
1 0.002 0.430 0.005 0.006
1 0.001 0.418 0.003 0.009
1 0.026 0.416 0.005 0.007
1 0.051 0.415 0.004 0.011
1 0.011 0.404 0.005 0.008
1 0.086 0.396 0.013 0.023
1 0.082 0.385 0.004 0.011
1 0.099 0.388 0.017 0.038
1 0.075 0.370 0.008 0.008
1 0.273 0.369 0.013 0.018
1 0.091 0.369 0.016 0.022
1 0.058 0.369 0.021 0.029
1 0.055 0.346 0.004 0.006
1 0.218 0.349 0.010 0.015
1 0.190 0.340 0.006 0.011
1 0.183 0.333 0.005 0.012
1 0.002 0.329 0.004 0.006
1 0.255 0.331 0.014 0.013
1 0.245 0.329 0.005 0.011
1 0.237 0.325 0.007 0.008
1 0.147 0.332 0.021 0.023
1 0.294 0.323 0.003 0.006
1 0.167 0.327 0.016 0.025
1 0.024 0.352 0.045 0.084
1 0.244 0.310 0.006 0.011
1 0.117 0.305 0.011 0.014
1 0.168 0.300 0.003 0.005
1 0.163 0.295 0.004 0.006
1 0.100 0.292 0.007 0.013
1 0.087 0.315 0.044 0.060
1 0.054 0.296 0.020 0.022
1 0.250 0.283 0.007 0.006
1 0.205 0.306 0.036 0.052
1 0.298 0.278 0.004 0.008
1 0.060 0.282 0.017 0.017
1 0.250 0.267 0.004 0.006
1 0.179 0.286 0.014 0.046
1 0.283 0.262 0.004 0.008
1 0.116 0.275 0.022 0.038
1 0.196 0.259 0.007 0.015
1 0.007 0.281 0.014 0.058
1 0.139 0.258 0.014 0.015
1 0.179 0.250 0.004 0.008
1 0.233 0.262 0.026 0.039
1 0.263 0.250 0.014 0.018
1 0.077 0.245 0.005 0.006
1 0.240 0.240 0.003 0.006
1 0.251 0.242 0.005 0.011
1 0.144 0.241 0.005 0.011
1 0.256 0.231 0.003 0.005
1 0.157 0.242 0.021 0.036
1 0.200 0.235 0.020 0.027
1 0.211 0.222 0.005 0.007
1 0.020 0.232 0.017 0.032
1 0.095 0.244 0.033 0.073
1 0.011 0.210 0.006 0.013
1 0.188 0.217 0.008 0.029
1 0.003 0.217 0.006 0.030
1 0.250 0.206 0.006 0.008
1 0.044 0.256 0.063 0.108
1 0.198 0.205 0.003 0.011
1 0.093 0.201 0.004 0.010
1 0.187 0.197 0.003 0.008
1 0.271 0.206 0.010 0.029
1 0.259 0.198 0.005 0.013
1 0.152 0.197 0.007 0.010
1 0.133 0.211 0.027 0.039
1 0.043 0.195 0.004 0.007
1 0.052 0.201 0.009 0.020
1 0.013 0.196 0.005 0.009
1 0.177 0.191 0.003 0.004
1 0.119 0.196 0.009 0.013
1 0.023 0.204 0.012 0.031
1 0.146 0.186 0.010 0.010
1 0.172 0.183 0.003 0.006
1 0.241 0.188 0.014 0.029
1 0.171 0.174 0.003 0.005
1 0.226 0.183 0.019 0.029
1 0.203 0.179 0.010 0.022
1 0.114 0.170 0.013 0.012
1 0.168 0.168 0.007 0.011
1 0.053 0.171 0.030 0.031
1 0.093 0.172 0.019 0.039
1 0.186 0.166 0.025 0.027
1 0.246 0.156 0.009 0.011
1 0.135 0.165 0.014 0.029
1 0.146 0.154 0.005 0.008
1 0.031 0.162 0.010 0.025
1 0.231 0.151 0.004 0.006
1 0.173 0.149 0.005 0.006
1 0.089 0.149 0.006 0.006
1 0.074 0.162 0.014 0.032
1 0.238 0.148 0.004 0.006
1 0.148 0.145 0.004 0.006
1 0.183 0.147 0.009 0.014
1 0.221 0.147 0.015 0.021
1 0.127 0.152 0.016 0.029
1 0.140 0.141 0.009 0.010
1 0.184 0.133 0.005 0.006
1 0.150 0.126 0.003 0.007
1 0.198 0.123 0.005 0.008
1 0.163 0.115 0.015 0.026
1 0.161 0.093 0.011 0.019
1 0.136 0.086 0.008 0.015
1 0.180 0.067 0.006 0.008
0 0.015 0.752 0.007 0.010
0 0.094 0.705 0.006 0.010
0 0.084 0.693 0.006 0.011
0 0.139 0.691 0.006 0.009
0 0.130 0.684 0.008 0.009
0 0.118 0.548 0.007 0.011
0 0.231 0.183 0.005 0.006
0 0.283 0.050 0.014 0.015
4 0.455 0.182 0.220 0.364
