2 0.118 0.410 0.024 0.019
2 0.554 0.265 0.023 0.024
2 0.642 0.185 0.149 0.140
2 0.505 0.095 0.030 0.047
1 0.604 0.263 0.010 0.018
1 0.577 0.229 0.013 0.018
1 0.030 0.203 0.007 0.011
1 0.584 0.204 0.008 0.015
1 0.583 0.177 0.007 0.018
1 0.014 0.183 0.013 0.033
1 0.139 0.184 0.010 0.036
1 0.594 0.182 0.010 0.033
1 0.127 0.164 0.014 0.053
1 0.096 0.170 0.043 0.065
1 0.056 0.140 0.007 0.019
1 0.043 0.163 0.039 0.067
1 0.011 0.143 0.023 0.029
1 0.153 0.139 0.012 0.039
1 0.140 0.135 0.012 0.033
1 0.075 0.141 0.030 0.060
1 0.180 0.113 0.011 0.021
1 0.121 0.118 0.019 0.041
1 0.523 0.102 0.007 0.013
1 0.157 0.096 0.044 0.025
1 0.003 0.056 0.007 0.025
1 0.094 0.036 0.006 0.014
1 0.144 0.015 0.014 0.026
1 0.174 0.008 0.023 0.016
1 0.154 0.001 0.009 0.002
1 0.125 0.003 0.014 0.006
1 0.109 0.010 0.016 0.020
1 0.058 0.014 0.047 0.028
0 0.170 0.801 0.007 0.012
0 0.500 0.685 0.005 0.008
0 0.479 0.644 0.006 0.011
0 0.114 0.451 0.014 0.022
0 0.100 0.435 0.009 0.014
0 0.474 0.413 0.008 0.015
0 0.451 0.311 0.010 0.017
0 0.057 0.040 0.009 0.012
4 0.351 0.149 0.217 0.298
