2 0.853 0.926 0.115 0.100
2 0.503 0.883 0.008 0.025
2 0.945 0.843 0.024 0.041
2 0.891 0.552 0.111 0.116
2 0.847 0.480 0.015 0.019
2 0.303 0.453 0.024 0.044
2 0.240 0.381 0.025 0.048
2 0.276 0.342 0.018 0.039
2 0.452 0.394 0.076 0.155
2 0.408 0.310 0.016 0.018
2 0.221 0.447 0.118 0.336
2 0.538 0.253 0.020 0.041
2 0.325 0.313 0.074 0.178
2 0.870 0.220 0.038 0.044
2 0.402 0.219 0.047 0.079
2 0.367 0.193 0.012 0.033
1 0.678 0.913 0.008 0.015
1 0.368 0.739 0.013 0.020
1 0.709 0.662 0.006 0.008
1 0.954 0.654 0.008 0.029
1 0.684 0.617 0.010 0.023
1 0.684 0.594 0.006 0.008
1 0.996 0.587 0.007 0.012
1 0.728 0.584 0.018 0.024
1 0.996 0.485 0.008 0.018
1 0.786 0.472 0.005 0.010
1 0.935 0.469 0.009 0.011
1 0.993 0.461 0.007 0.011
1 0.854 0.396 0.004 0.006
1 0.905 0.396 0.007 0.023
1 0.562 0.364 0.006 0.015
1 0.758 0.225 0.006 0.012
1 0.634 0.108 0.007 0.012
1 0.604 0.106 0.007 0.011
1 0.668 0.090 0.008 0.015
1 0.674 0.029 0.004 0.013
1 0.763 0.006 0.005 0.011
0 0.779 0.958 0.013 0.019
0 0.494 0.772 0.008 0.013
0 0.410 0.768 0.011 0.015
0 0.496 0.751 0.008 0.011
0 0.320 0.688 0.007 0.009
0 0.318 0.674 0.011 0.013
0 0.525 0.660 0.005 0.007
0 0.541 0.660 0.011 0.018
0 0.429 0.612 0.007 0.012
0 0.636 0.607 0.015 0.020
0 0.486 0.597 0.005 0.008
0 0.326 0.532 0.004 0.008
0 0.703 0.480 0.005 0.008
0 0.340 0.468 0.007 0.010
0 0.350 0.463 0.004 0.007
0 0.348 0.413 0.004 0.006
0 0.735 0.411 0.009 0.020
0 0.575 0.390 0.004 0.006
0 0.971 0.382 0.010 0.015
0 0.989 0.376 0.009 0.013
0 0.660 0.154 0.013 0.019
0 0.399 0.111 0.011 0.017
0 0.821 0.024 0.014 0.021
