2 0.557 0.895 0.003 0.006
2 0.144 0.825 0.007 0.013
2 0.679 0.782 0.006 0.005
2 0.697 0.750 0.004 0.006
2 0.688 0.749 0.004 0.007
2 0.613 0.736 0.013 0.013
2 0.493 0.731 0.003 0.006
2 0.721 0.713 0.004 0.006
2 0.511 0.708 0.004 0.006
2 0.552 0.696 0.006 0.011
2 0.585 0.620 0.005 0.008
2 0.643 0.603 0.003 0.008
2 0.511 0.573 0.007 0.012
2 0.473 0.470 0.015 0.015
2 0.470 0.433 0.007 0.012
2 0.550 0.420 0.004 0.004
2 0.526 0.419 0.003 0.006
2 0.602 0.405 0.004 0.008
2 0.701 0.400 0.006 0.006
2 0.560 0.402 0.004 0.010
2 0.595 0.391 0.006 0.005
2 0.577 0.379 0.002 0.006
2 0.599 0.375 0.005 0.009
2 0.702 0.368 0.004 0.006
2 0.456 0.368 0.003 0.013
2 0.560 0.369 0.005 0.020
2 0.677 0.348 0.006 0.011
2 0.567 0.340 0.006 0.007
2 0.640 0.332 0.005 0.012
2 0.508 0.327 0.005 0.014
2 0.484 0.325 0.004 0.012
2 0.498 0.318 0.006 0.009
2 0.604 0.280 0.003 0.011
2 0.558 0.270 0.005 0.013
2 0.532 0.262 0.005 0.012
1 0.514 0.750 0.039 0.051
4 0.906 0.542 0.188 0.329
