0 0.511660 0.883427 0.005597 0.008427
0 0.741488 0.744909 0.005830 0.009480
0 0.075910 0.493680 0.006297 0.010534
0 0.809235 0.479986 0.006063 0.009831
0 0.816931 0.470681 0.005597 0.008778
0 0.676889 0.438729 0.008162 0.013694
0 0.704524 0.400983 0.006063 0.008427
0 0.385261 0.333041 0.006530 0.009480
0 0.717234 0.327598 0.005364 0.007725
0 0.691814 0.319171 0.005830 0.008427
0 0.677822 0.307935 0.006763 0.009129
0 0.354944 0.308462 0.006996 0.010885
0 0.710121 0.277563 0.006996 0.009480
0 0.652985 0.208392 0.005597 0.008076
0 0.560285 0.199263 0.005830 0.008778
0 0.644473 0.182409 0.007229 0.009480
0 0.727495 0.159059 0.005830 0.009129
1 0.522505 0.903265 0.007229 0.005969
1 0.510261 0.896945 0.006996 0.005969
1 0.596199 0.801791 0.010961 0.008076
1 0.655900 0.768610 0.013759 0.011938
1 0.711870 0.749824 0.017024 0.027037
1 0.612873 0.738237 0.014459 0.022823
1 0.173857 0.755794 0.042211 0.108497
1 0.780550 0.702247 0.004198 0.011938
1 0.749767 0.686798 0.041978 0.033708
1 0.729594 0.678371 0.017491 0.017556
1 0.417910 0.676088 0.014925 0.015801
1 0.768190 0.655372 0.006996 0.014396
1 0.746385 0.644663 0.037080 0.030197
1 0.707323 0.624473 0.011660 0.021419
1 0.793960 0.552669 0.019356 0.030899
1 0.777635 0.526861 0.014692 0.032654
1 0.561684 0.518083 0.010028 0.041081
1 0.454641 0.504038 0.009562 0.012992
1 0.090485 0.496664 0.010728 0.012992
1 0.568447 0.506145 0.013293 0.035463
1 0.221549 0.473490 0.021455 0.020716
1 0.816231 0.451896 0.007463 0.012640
1 0.361124 0.445927 0.011894 0.007725
1 0.587920 0.432233 0.006063 0.017556
1 0.815532 0.423982 0.020989 0.024930
1 0.421992 0.418890 0.007229 0.016854
1 0.738223 0.414326 0.005364 0.014747
1 0.595266 0.412219 0.010961 0.023174
1 0.683769 0.394487 0.009328 0.022823
1 0.730410 0.382549 0.011194 0.016503
1 0.388876 0.354635 0.011894 0.012640
1 0.690532 0.348490 0.011194 0.015098
1 0.622318 0.346208 0.013759 0.039326
1 0.643773 0.348139 0.024953 0.045997
1 0.721082 0.295646 0.010261 0.012640
1 0.691115 0.281426 0.013759 0.020014
1 0.643657 0.266503 0.013993 0.019663
1 0.319963 0.247542 0.014925 0.025281
1 0.720965 0.241222 0.012360 0.022472
1 0.640742 0.234375 0.010494 0.015098
1 0.730877 0.230688 0.009328 0.013343
1 0.453708 0.215941 0.012360 0.016152
1 0.723298 0.190485 0.015625 0.016503
1 0.563083 0.180653 0.013293 0.018610
1 0.692514 0.163097 0.011894 0.015801
1 0.557486 0.120787 0.009095 0.007022
1 0.563200 0.093223 0.055970 0.029846
1 0.498368 0.059164 0.018657 0.010885
2 0.293027 0.879740 0.004897 0.008778
2 0.307719 0.895014 0.017957 0.040028
2 0.211171 0.870084 0.006763 0.011236
2 0.633629 0.818996 0.008862 0.017205
2 0.589552 0.746489 0.008396 0.007725
2 0.566581 0.722261 0.006763 0.012640
2 0.473298 0.719803 0.004897 0.010534
2 0.454641 0.705583 0.012360 0.019312
2 0.358675 0.699087 0.004664 0.010534
2 0.586287 0.688553 0.005597 0.011236
2 0.590019 0.680653 0.009328 0.012992
2 0.559701 0.685744 0.016325 0.030197
2 0.476679 0.685569 0.028451 0.042486
2 0.460238 0.667837 0.012360 0.031601
2 0.549207 0.656426 0.005597 0.009480
2 0.462803 0.653090 0.008629 0.014045
2 0.593517 0.656074 0.010728 0.023525
2 0.631413 0.646419 0.029618 0.030899
2 0.353312 0.635534 0.010728 0.011236
2 0.571479 0.634656 0.007696 0.010183
2 0.370802 0.634305 0.008862 0.011587
2 0.636194 0.621313 0.015858 0.014396
2 0.663946 0.618855 0.005597 0.010183
2 0.624767 0.612008 0.007929 0.011236
2 0.372901 0.614291 0.014925 0.020014
2 0.666511 0.608497 0.007463 0.011938
2 0.642840 0.607093 0.003965 0.011938
2 0.675140 0.600948 0.005597 0.007374
2 0.504198 0.604635 0.008862 0.017556
2 0.381646 0.597261 0.006297 0.009831
2 0.334655 0.605337 0.011660 0.028090
2 0.656133 0.620084 0.024487 0.063904
2 0.201143 0.595330 0.011894 0.015098
2 0.634445 0.590765 0.014226 0.017907
2 0.402519 0.585499 0.005131 0.008778
2 0.674790 0.584445 0.007229 0.013694
2 0.324860 0.567416 0.006530 0.009831
2 0.393190 0.561271 0.010728 0.012992
2 0.407416 0.549860 0.012127 0.014045
2 0.417327 0.540555 0.006763 0.008778
2 0.671758 0.540906 0.010028 0.014396
2 0.695312 0.530899 0.004431 0.011236
2 0.723298 0.535815 0.012360 0.023876
2 0.637943 0.529319 0.005830 0.010885
2 0.704058 0.495260 0.006530 0.015801
2 0.620219 0.498244 0.027285 0.023876
2 0.732276 0.492100 0.006063 0.013694
2 0.642957 0.485077 0.004664 0.010183
2 0.660448 0.482971 0.004198 0.010183
2 0.697994 0.472086 0.011194 0.028441
2 0.718633 0.475421 0.024021 0.045646
2 0.631413 0.454003 0.004897 0.008427
2 0.737873 0.452072 0.013060 0.017907
2 0.700910 0.446805 0.009562 0.018610
2 0.619403 0.460323 0.033116 0.047051
2 0.639109 0.441713 0.005830 0.011236
2 0.717234 0.440485 0.005830 0.013694
2 0.687733 0.449614 0.010261 0.037570
2 0.635961 0.434340 0.006063 0.009831
2 0.653218 0.431882 0.006063 0.008427
2 0.632929 0.425386 0.010728 0.021419
2 0.642024 0.413448 0.008396 0.019312
2 0.637943 0.386236 0.004897 0.009129
2 0.664296 0.375878 0.006297 0.008778
2 0.628615 0.377633 0.011427 0.012992
2 0.516674 0.386060 0.010961 0.031952
2 0.527635 0.384831 0.014692 0.035815
2 0.655900 0.374649 0.008162 0.020365
2 0.537197 0.341117 0.008162 0.024930
2 0.520756 0.333743 0.012127 0.024228
2 0.628965 0.308287 0.006530 0.010534
2 0.636077 0.303371 0.006763 0.007725
2 0.445896 0.295295 0.005597 0.008427
2 0.632929 0.267907 0.006063 0.011236
2 0.441814 0.266503 0.007696 0.015449
2 0.649137 0.258076 0.005364 0.008427
2 0.563316 0.272647 0.017957 0.044593
2 0.546175 0.236482 0.005131 0.013694
2 0.634678 0.122015 0.009095 0.008076
2 0.615322 0.049333 0.021688 0.023525
2 0.685051 0.041959 0.011427 0.017907
2 0.304804 0.855513 0.042444 0.041784
2 0.808186 0.624649 0.021222 0.048455
2 0.277285 0.521067 0.044776 0.055478
2 0.397854 0.319347 0.020522 0.048104
2 0.375933 0.248420 0.040112 0.035463
