2 0.301 0.979 0.012 0.009
2 0.185 0.861 0.020 0.025
2 0.765 0.860 0.045 0.073
2 0.468 0.684 0.054 0.045
2 0.222 0.589 0.004 0.009
2 0.168 0.521 0.012 0.014
2 0.852 0.521 0.016 0.037
2 0.210 0.503 0.006 0.010
2 0.395 0.484 0.011 0.022
2 0.449 0.122 0.034 0.015
1 0.306 0.737 0.003 0.005
1 0.309 0.733 0.003 0.003
1 0.311 0.729 0.002 0.002
1 0.313 0.728 0.002 0.004
1 0.311 0.725 0.002 0.004
1 0.312 0.721 0.003 0.004
1 0.312 0.714 0.002 0.002
1 0.163 0.686 0.003 0.004
1 0.308 0.678 0.002 0.003
1 0.308 0.675 0.002 0.002
1 0.318 0.636 0.003 0.004
1 0.338 0.636 0.003 0.004
1 0.325 0.618 0.002 0.004
1 0.327 0.602 0.002 0.003
1 0.330 0.594 0.003 0.003
1 0.285 0.550 0.002 0.002
1 0.288 0.547 0.003 0.005
1 0.286 0.543 0.002 0.003
1 0.314 0.540 0.002 0.002
1 0.292 0.540 0.001 0.002
1 0.301 0.532 0.003 0.007
1 0.469 0.371 0.003 0.006
1 0.464 0.364 0.007 0.004
1 0.448 0.365 0.005 0.007
1 0.471 0.359 0.001 0.003
1 0.460 0.348 0.002 0.003
1 0.495 0.297 0.004 0.008
1 0.449 0.213 0.002 0.004
1 0.449 0.205 0.003 0.007
1 0.443 0.197 0.003 0.007
1 0.431 0.195 0.003 0.005
1 0.460 0.189 0.006 0.007
1 0.448 0.184 0.004 0.008
1 0.440 0.175 0.003 0.004
1 0.434 0.171 0.002 0.004
1 0.465 0.167 0.004 0.005
1 0.456 0.167 0.004 0.009
1 0.449 0.170 0.006 0.015
1 0.468 0.164 0.001 0.004
1 0.459 0.159 0.002 0.004
1 0.440 0.160 0.003 0.009
1 0.458 0.059 0.001 0.003
1 0.441 0.050 0.002 0.002
0 0.468 0.861 0.004 0.006
0 0.455 0.844 0.003 0.006
0 0.380 0.833 0.002 0.004
0 0.220 0.818 0.005 0.008
0 0.299 0.813 0.003 0.004
0 0.303 0.762 0.005 0.007
0 0.215 0.729 0.005 0.007
0 0.326 0.687 0.005 0.006
0 0.309 0.684 0.004 0.006
0 0.195 0.639 0.003 0.004
0 0.197 0.634 0.003 0.005
0 0.309 0.618 0.003 0.006
0 0.250 0.553 0.002 0.005
0 0.271 0.549 0.003 0.005
0 0.249 0.543 0.003 0.005
0 0.276 0.536 0.003 0.005
0 0.154 0.535 0.003 0.005
0 0.488 0.521 0.003 0.005
0 0.573 0.516 0.005 0.006
0 0.253 0.504 0.002 0.004
0 0.123 0.480 0.003 0.004
0 0.403 0.477 0.005 0.009
0 0.360 0.436 0.003 0.005
0 0.360 0.331 0.004 0.006
0 0.367 0.313 0.004 0.006
0 0.433 0.269 0.004 0.007
0 0.493 0.257 0.003 0.004
0 0.433 0.256 0.004 0.007
0 0.333 0.253 0.003 0.005
0 0.489 0.253 0.004 0.007
0 0.486 0.246 0.003 0.005
0 0.334 0.243 0.003 0.004
0 0.485 0.240 0.003 0.004
0 0.439 0.242 0.006 0.008
0 0.497 0.229 0.005 0.006
0 0.314 0.197 0.008 0.010
0 0.351 0.139 0.006 0.008
0 0.405 0.134 0.005 0.005
0 0.322 0.131 0.003 0.004
0 0.332 0.128 0.002 0.003
0 0.343 0.117 0.005 0.006
0 0.370 0.108 0.002 0.004
0 0.438 0.100 0.003 0.004
4 0.678 0.525 0.118 0.186
