2 0.476 0.597 0.003 0.006
2 0.463 0.595 0.022 0.022
2 0.464 0.578 0.012 0.012
2 0.393 0.572 0.001 0.002
2 0.314 0.572 0.002 0.003
2 0.376 0.571 0.002 0.003
2 0.274 0.573 0.006 0.007
2 0.407 0.564 0.001 0.002
2 0.382 0.566 0.003 0.005
2 0.297 0.561 0.003 0.005
2 0.363 0.558 0.001 0.002
2 0.366 0.558 0.002 0.003
2 0.382 0.555 0.001 0.004
2 0.380 0.555 0.002 0.004
2 0.409 0.554 0.002 0.004
2 0.375 0.551 0.001 0.003
2 0.371 0.549 0.002 0.004
2 0.389 0.547 0.002 0.002
2 0.403 0.545 0.002 0.003
2 0.525 0.548 0.010 0.010
2 0.539 0.547 0.008 0.009
2 0.398 0.543 0.001 0.002
2 0.480 0.541 0.002 0.004
2 0.400 0.537 0.002 0.002
2 0.385 0.536 0.003 0.004
2 0.549 0.537 0.004 0.011
2 0.496 0.531 0.003 0.005
2 0.501 0.531 0.003 0.005
2 0.600 0.529 0.005 0.007
2 0.404 0.525 0.001 0.003
2 0.570 0.521 0.002 0.005
2 0.369 0.517 0.004 0.006
2 0.280 0.505 0.004 0.005
2 0.552 0.505 0.005 0.007
2 0.505 0.499 0.002 0.003
2 0.281 0.499 0.004 0.005
2 0.285 0.500 0.003 0.009
2 0.517 0.508 0.023 0.027
2 0.538 0.498 0.002 0.008
2 0.560 0.491 0.005 0.006
2 0.517 0.490 0.004 0.005
2 0.570 0.480 0.003 0.005
2 0.549 0.482 0.004 0.009
2 0.520 0.478 0.006 0.007
2 0.269 0.481 0.010 0.019
2 0.590 0.462 0.005 0.004
2 0.577 0.463 0.003 0.007
2 0.177 0.464 0.006 0.011
2 0.256 0.463 0.003 0.011
2 0.584 0.460 0.005 0.013
2 0.574 0.449 0.004 0.005
2 0.597 0.449 0.006 0.007
2 0.524 0.447 0.004 0.007
2 0.589 0.441 0.007 0.009
2 0.555 0.446 0.014 0.029
2 0.563 0.429 0.005 0.004
2 0.363 0.352 0.003 0.006
1 0.429 0.611 0.004 0.003
1 0.367 0.600 0.014 0.014
1 0.444 0.560 0.007 0.007
1 0.333 0.529 0.003 0.012
1 0.190 0.502 0.024 0.019
1 0.323 0.482 0.010 0.015
1 0.349 0.481 0.014 0.019
1 0.459 0.468 0.016 0.011
1 0.384 0.389 0.028 0.024
1 0.336 0.106 0.022 0.044
1 0.372 0.085 0.021 0.024
1 0.442 0.091 0.027 0.046
0 0.299 0.533 0.004 0.006
0 0.360 0.529 0.002 0.004
0 0.370 0.524 0.003 0.005
0 0.359 0.522 0.003 0.004
0 0.339 0.493 0.003 0.004
0 0.354 0.456 0.004 0.008
0 0.343 0.454 0.002 0.004
0 0.338 0.449 0.004 0.006
0 0.353 0.308 0.003 0.005
0 0.523 0.305 0.006 0.008
0 0.353 0.298 0.003 0.005
0 0.392 0.273 0.005 0.006
0 0.551 0.270 0.006 0.007
0 0.544 0.242 0.005 0.008
0 0.217 0.218 0.004 0.006
0 0.375 0.105 0.007 0.009
4 0.717 0.521 0.106 0.206
3 0.442 0.363 0.048 0.055
3 0.381 0.294 0.030 0.040
3 0.549 0.250 0.039 0.037
