2 0.003 0.998 0.003 0.004
2 0.101 0.990 0.006 0.010
2 0.669 0.988 0.007 0.018
2 0.011 0.972 0.009 0.020
2 0.063 0.965 0.007 0.014
2 0.018 0.961 0.005 0.007
2 0.010 0.941 0.006 0.008
2 0.106 0.931 0.006 0.008
2 0.438 0.902 0.006 0.006
2 0.424 0.909 0.005 0.020
2 0.005 0.908 0.009 0.025
2 0.370 0.907 0.013 0.025
2 0.263 0.915 0.022 0.046
2 0.086 0.896 0.003 0.008
2 0.452 0.896 0.014 0.015
2 0.359 0.895 0.018 0.024
2 0.170 0.896 0.013 0.027
2 0.394 0.889 0.012 0.022
2 0.431 0.887 0.014 0.020
2 0.187 0.881 0.011 0.015
2 0.401 0.877 0.013 0.015
2 0.448 0.871 0.003 0.010
2 0.421 0.874 0.008 0.015
2 0.361 0.862 0.007 0.016
2 0.023 0.869 0.008 0.032
2 0.378 0.871 0.023 0.039
2 0.152 0.851 0.004 0.006
2 0.441 0.852 0.011 0.015
2 0.216 0.849 0.004 0.009
2 0.052 0.893 0.039 0.098
2 0.313 0.881 0.031 0.081
2 0.164 0.842 0.004 0.008
2 0.419 0.839 0.005 0.008
2 0.002 0.838 0.005 0.013
2 0.288 0.836 0.015 0.016
2 0.340 0.864 0.022 0.080
2 0.192 0.830 0.007 0.011
2 0.360 0.836 0.020 0.031
2 0.166 0.820 0.004 0.006
2 0.460 0.818 0.008 0.012
2 0.334 0.821 0.005 0.020
2 0.189 0.817 0.006 0.011
2 0.164 0.809 0.008 0.011
2 0.006 0.816 0.012 0.025
2 0.423 0.814 0.015 0.025
2 0.223 0.804 0.007 0.008
2 0.024 0.825 0.020 0.051
2 0.055 0.800 0.005 0.011
2 0.145 0.811 0.017 0.039
2 0.403 0.795 0.007 0.011
2 0.383 0.795 0.007 0.011
2 0.079 0.817 0.022 0.056
2 0.507 0.798 0.016 0.025
2 0.106 0.791 0.007 0.013
2 0.478 0.783 0.013 0.013
2 0.161 0.789 0.021 0.029
2 0.133 0.786 0.017 0.024
2 0.116 0.778 0.010 0.019
2 0.504 0.771 0.008 0.009
2 0.152 0.768 0.002 0.004
2 0.007 0.772 0.014 0.015
2 0.384 0.770 0.009 0.014
2 0.355 0.780 0.035 0.043
2 0.175 0.761 0.003 0.008
2 0.194 0.778 0.017 0.046
2 0.081 0.756 0.004 0.006
2 0.115 0.758 0.011 0.018
2 0.098 0.751 0.004 0.007
2 0.309 0.767 0.026 0.041
2 0.521 0.748 0.005 0.011
2 0.464 0.772 0.028 0.059
2 0.109 0.746 0.011 0.013
2 0.419 0.747 0.014 0.017
2 0.299 0.738 0.007 0.008
2 0.087 0.742 0.008 0.019
2 0.207 0.738 0.012 0.016
2 0.114 0.731 0.010 0.018
2 0.224 0.757 0.025 0.073
2 0.063 0.724 0.004 0.006
2 0.399 0.723 0.011 0.016
2 0.153 0.728 0.011 0.028
2 0.409 0.728 0.017 0.033
2 0.171 0.711 0.006 0.011
2 0.108 0.715 0.017 0.022
2 0.368 0.705 0.006 0.010
2 0.251 0.721 0.024 0.041
2 0.394 0.704 0.007 0.009
2 0.433 0.728 0.032 0.065
2 0.470 0.717 0.033 0.051
2 0.090 0.697 0.005 0.010
2 0.250 0.694 0.007 0.007
2 0.153 0.702 0.011 0.024
2 0.511 0.696 0.011 0.013
2 0.134 0.713 0.014 0.051
2 0.146 0.687 0.008 0.010
2 0.495 0.691 0.013 0.020
2 0.529 0.708 0.021 0.058
2 0.246 0.679 0.004 0.006
2 0.450 0.681 0.014 0.014
2 0.370 0.685 0.011 0.025
2 0.213 0.702 0.056 0.060
2 0.476 0.673 0.008 0.013
2 0.251 0.669 0.006 0.006
2 0.222 0.678 0.027 0.029
2 0.040 0.671 0.012 0.015
2 0.100 0.664 0.004 0.007
2 0.313 0.665 0.008 0.010
2 0.187 0.669 0.016 0.022
2 0.093 0.680 0.051 0.046
2 0.553 0.663 0.006 0.015
2 0.111 0.658 0.007 0.013
2 0.316 0.652 0.007 0.007
2 0.006 0.665 0.012 0.039
2 0.196 0.633 0.005 0.007
2 0.025 0.633 0.004 0.010
2 0.305 0.630 0.003 0.009
2 0.324 0.625 0.005 0.009
2 0.108 0.630 0.016 0.022
2 0.183 0.623 0.014 0.028
2 0.305 0.612 0.009 0.011
2 0.390 0.610 0.005 0.007
2 0.374 0.610 0.011 0.014
2 0.201 0.607 0.013 0.014
2 0.315 0.601 0.006 0.011
2 0.036 0.630 0.044 0.067
2 0.222 0.627 0.047 0.068
2 0.173 0.601 0.014 0.023
2 0.364 0.593 0.005 0.008
2 0.211 0.586 0.010 0.016
2 0.234 0.592 0.023 0.037
2 0.160 0.574 0.006 0.008
2 0.257 0.584 0.011 0.034
2 0.381 0.561 0.013 0.011
2 0.181 0.559 0.013 0.023
2 0.258 0.553 0.011 0.012
2 0.205 0.546 0.009 0.014
2 0.224 0.549 0.017 0.022
2 0.304 0.550 0.021 0.034
2 0.181 0.538 0.010 0.015
2 0.279 0.531 0.006 0.015
2 0.199 0.529 0.007 0.017
2 0.192 0.517 0.006 0.009
2 0.227 0.506 0.012 0.018
2 0.183 0.502 0.008 0.020
2 0.298 0.499 0.014 0.018
2 0.249 0.492 0.006 0.007
2 0.288 0.488 0.005 0.009
2 0.209 0.494 0.024 0.022
2 0.296 0.485 0.006 0.007
2 0.310 0.479 0.008 0.012
2 0.199 0.462 0.007 0.012
2 0.313 0.462 0.004 0.012
2 0.302 0.461 0.006 0.011
2 0.305 0.451 0.003 0.008
2 0.240 0.450 0.013 0.025
2 0.288 0.441 0.014 0.022
2 0.199 0.427 0.005 0.011
2 0.222 0.426 0.004 0.010
2 0.227 0.413 0.007 0.006
2 0.254 0.408 0.026 0.066
2 0.073 0.199 0.012 0.017
2 0.062 0.174 0.009 0.022
2 0.079 0.172 0.023 0.030
2 0.472 0.150 0.014 0.015
1 0.148 0.585 0.015 0.020
1 0.497 0.576 0.015 0.030
1 0.357 0.535 0.023 0.020
1 0.255 0.470 0.020 0.023
1 0.265 0.396 0.004 0.016
1 0.005 0.374 0.009 0.028
1 0.168 0.315 0.007 0.020
1 0.230 0.270 0.032 0.049
1 0.449 0.233 0.008 0.016
1 0.181 0.228 0.022 0.031
1 0.306 0.230 0.056 0.062
1 0.205 0.201 0.034 0.027
1 0.139 0.193 0.062 0.054
0 0.060 0.847 0.006 0.009
0 0.065 0.774 0.008 0.012
0 0.182 0.748 0.009 0.013
0 0.191 0.733 0.005 0.007
0 0.502 0.663 0.008 0.012
0 0.413 0.664 0.009 0.013
0 0.202 0.659 0.006 0.008
0 0.193 0.595 0.010 0.013
0 0.248 0.553 0.004 0.007
0 0.285 0.525 0.006 0.007
0 0.228 0.523 0.008 0.014
0 0.079 0.487 0.006 0.010
0 0.304 0.401 0.012 0.018
0 0.137 0.351 0.009 0.013
0 0.321 0.304 0.015 0.022
0 0.302 0.291 0.008 0.011
0 0.309 0.288 0.005 0.011
0 0.281 0.283 0.005 0.008
0 0.276 0.267 0.012 0.015
0 0.271 0.136 0.008 0.013
0 0.259 0.121 0.006 0.008
3 0.381 0.320 0.044 0.133
