0 1.058638 0.573228 0.005618 0.003731
0 0.382549 0.543260 0.003862 0.003032
0 0.400808 0.529618 0.004565 0.003731
0 1.055126 0.527519 0.004213 0.002799
0 0.705934 0.509911 0.007374 0.004431
0 1.088483 0.504431 0.003511 0.002332
0 1.093399 0.467351 0.003511 0.002332
0 0.706987 0.460354 0.005267 0.003265
0 1.011236 0.426073 0.002809 0.002332
0 0.541608 0.363340 0.005267 0.003731
0 0.792310 0.332789 0.004565 0.002799
0 0.775281 0.293144 0.007725 0.005597
0 0.928722 0.242887 0.005618 0.003965
0 1.147296 0.236124 0.003862 0.002565
0 0.918890 0.227379 0.004916 0.003265
0 0.866046 0.191115 0.003160 0.002099
0 0.862711 0.179338 0.006320 0.004664
0 0.918013 0.130597 0.005969 0.003731
0 1.005267 0.069846 0.004213 0.002565
0 0.513343 0.045243 0.003511 0.002332
0 0.512816 0.038479 0.005267 0.003731
0 0.521594 0.034865 0.004565 0.003032
0 0.923279 0.031250 0.005969 0.004198
0 0.558989 0.020639 0.006320 0.004431
0 0.613764 0.014342 0.004213 0.003032
0 0.952598 0.009212 0.002809 0.002099
1 1.137992 0.459655 0.009129 0.010261
1 1.111131 0.393657 0.010885 0.009795
1 1.114291 0.263060 0.008778 0.004198
1 0.999122 0.067164 0.005267 0.006996
2 0.965063 0.528218 0.003862 0.003265
2 0.441011 0.512710 0.002107 0.001632
2 0.994382 0.502215 0.004213 0.003498
2 0.493153 0.348298 0.015801 0.020289
2 0.501931 0.323461 0.004565 0.003731
3 0.382198 0.321945 0.175211 0.143424
