0 0.435051 0.782479 0.007696 0.013694
0 0.651236 0.456987 0.010028 0.014396
1 0.674674 0.958743 0.013526 0.017907
1 0.654618 0.929951 0.024254 0.041081
1 0.283116 0.914326 0.013993 0.023876
1 0.526819 0.896419 0.013060 0.016854
1 0.649837 0.830583 0.018424 0.019312
1 0.498134 0.824789 0.013060 0.009129
1 0.450210 0.806355 0.009562 0.009480
1 0.161964 0.816713 0.010961 0.035112
1 0.144706 0.790028 0.018424 0.037219
1 0.491954 0.759129 0.010961 0.009831
1 0.445546 0.754213 0.008629 0.010534
1 0.428288 0.746489 0.015159 0.009129
1 0.175956 0.751756 0.005364 0.025281
1 0.434352 0.715239 0.009562 0.012640
1 0.811567 0.713483 0.007929 0.013343
1 0.734258 0.706812 0.007229 0.014747
1 0.497318 0.703125 0.009095 0.010183
1 0.364622 0.708567 0.052006 0.056882
1 0.166395 0.708392 0.056203 0.080407
1 0.156716 0.668013 0.055037 0.045295
1 0.751049 0.634831 0.010494 0.009831
1 0.808769 0.630618 0.012127 0.013343
1 0.842118 0.611131 0.009328 0.016503
1 0.670592 0.595506 0.005830 0.014747
1 0.833489 0.572331 0.009795 0.009831
1 0.679804 0.575316 0.011660 0.016503
1 0.795942 0.580758 0.018657 0.038624
1 0.364972 0.555829 0.018190 0.008427
1 0.357160 0.544242 0.021688 0.010534
1 0.788946 0.535463 0.009795 0.018961
1 0.811334 0.529143 0.007463 0.013343
1 0.684118 0.522296 0.012360 0.011587
1 0.398554 0.522823 0.027052 0.014045
1 0.744636 0.522647 0.011194 0.017205
1 0.088153 0.517907 0.034981 0.038624
1 0.354011 0.514572 0.031716 0.038272
1 0.778451 0.490695 0.010728 0.021419
1 0.125466 0.489115 0.009328 0.022472
1 0.185518 0.502809 0.028218 0.052669
1 0.788596 0.479284 0.011427 0.019663
1 0.077425 0.473841 0.019123 0.025632
1 0.761194 0.464537 0.028918 0.045646
1 0.805387 0.445751 0.009562 0.012289
1 0.553755 0.445576 0.007229 0.015449
1 0.596549 0.460499 0.011660 0.045997
1 0.679571 0.440133 0.009795 0.027037
1 0.631297 0.406074 0.008862 0.012289
1 0.692514 0.379916 0.012826 0.023876
1 0.109025 0.374649 0.015625 0.016854
1 0.765042 0.372542 0.008629 0.017556
1 0.578825 0.364466 0.012593 0.015449
1 0.622785 0.373771 0.025420 0.037570
1 0.173857 0.364291 0.015159 0.024228
1 0.569380 0.349192 0.010028 0.011587
1 0.643540 0.349192 0.008162 0.014396
1 0.151586 0.341468 0.011660 0.011587
1 0.119053 0.343750 0.036147 0.025983
1 0.578008 0.330758 0.017957 0.025983
1 0.649137 0.312500 0.009095 0.013343
1 0.542211 0.308989 0.017257 0.011938
1 0.467467 0.320751 0.038946 0.039677
1 0.658932 0.304073 0.008162 0.016152
1 0.635961 0.298279 0.009328 0.012992
1 0.542094 0.291257 0.006297 0.019312
1 0.645056 0.283357 0.007463 0.013343
1 0.565299 0.292486 0.025187 0.036517
1 0.554571 0.277388 0.012593 0.022472
1 0.117304 0.281074 0.019590 0.039677
1 0.549557 0.262465 0.015625 0.019312
1 0.819613 0.247893 0.010494 0.012640
1 0.144007 0.260885 0.022155 0.047051
1 0.594799 0.258954 0.035215 0.053020
1 0.672341 0.238940 0.023321 0.033357
1 0.230760 0.225421 0.010028 0.018961
1 0.521572 0.214361 0.007696 0.012289
1 0.733675 0.221208 0.018190 0.034410
1 0.723298 0.189782 0.011427 0.016503
1 0.580690 0.198385 0.050373 0.044242
1 0.763410 0.178195 0.027752 0.020716
1 0.640275 0.123596 0.076259 0.064607
1 0.411381 0.035990 0.020989 0.030548
1 0.362057 0.037395 0.031017 0.038975
2 0.509328 0.763694 0.007929 0.010534
2 0.417444 0.666608 0.007463 0.011587
2 0.426423 0.665730 0.009562 0.011938
2 0.375700 0.663448 0.009328 0.012992
2 0.474114 0.655899 0.012593 0.018258
2 0.572295 0.547226 0.011194 0.023525
2 0.530201 0.516503 0.007229 0.013343
2 0.540812 0.491397 0.006996 0.016503
2 0.516091 0.434867 0.009328 0.011587
2 0.424324 0.376053 0.009562 0.013343
2 0.497901 0.349895 0.006530 0.015801
2 0.148204 0.841994 0.018424 0.035815
3 0.259678 0.515449 0.120569 0.202247
