2 1.444 0.663 0.014 0.001
2 1.212 0.663 0.009 0.001
2 1.406 0.663 0.014 0.002
2 1.303 0.663 0.010 0.003
2 1.489 0.662 0.006 0.004
2 1.294 0.662 0.011 0.005
2 1.319 0.659 0.022 0.010
2 1.366 0.659 0.051 0.011
2 1.236 0.659 0.029 0.011
2 1.347 0.651 0.006 0.004
2 1.366 0.651 0.008 0.004
2 1.389 0.646 0.018 0.008
2 1.351 0.644 0.012 0.007
2 1.421 0.638 0.015 0.009
2 1.386 0.628 0.008 0.006
2 1.402 0.619 0.017 0.021
2 1.461 0.606 0.013 0.009
2 1.371 0.609 0.034 0.020
2 1.475 0.595 0.007 0.003
2 1.391 0.588 0.006 0.005
2 1.460 0.588 0.014 0.006
2 1.448 0.617 0.107 0.085
2 1.359 0.576 0.022 0.013
2 1.417 0.559 0.008 0.004
2 1.155 0.558 0.008 0.007
2 1.469 0.554 0.043 0.018
2 1.431 0.540 0.009 0.005
2 1.377 0.538 0.012 0.007
2 1.377 0.527 0.011 0.007
2 1.356 0.531 0.020 0.022
2 1.170 0.538 0.049 0.036
2 1.488 0.526 0.034 0.021
2 1.456 0.525 0.034 0.027
2 1.075 0.519 0.015 0.014
2 0.994 0.509 0.013 0.010
2 1.396 0.515 0.020 0.023
2 1.437 0.503 0.028 0.024
2 1.390 0.495 0.041 0.015
2 1.431 0.489 0.016 0.007
2 1.119 0.488 0.010 0.007
2 1.142 0.491 0.015 0.014
2 1.413 0.479 0.011 0.007
2 1.381 0.477 0.010 0.006
2 1.230 0.476 0.021 0.011
2 1.188 0.475 0.015 0.010
2 1.219 0.462 0.011 0.008
2 1.480 0.457 0.007 0.005
2 1.195 0.458 0.015 0.019
2 1.173 0.451 0.013 0.008
2 0.900 0.448 0.025 0.014
2 1.156 0.430 0.006 0.005
2 1.017 0.427 0.006 0.004
2 0.968 0.448 0.058 0.048
2 0.961 0.423 0.010 0.005
2 1.116 0.420 0.009 0.006
2 1.087 0.419 0.015 0.013
2 1.131 0.413 0.020 0.014
2 0.941 0.411 0.015 0.010
2 1.005 0.409 0.017 0.014
2 1.114 0.404 0.011 0.009
2 0.919 0.405 0.014 0.012
2 1.033 0.392 0.020 0.008
2 1.052 0.402 0.030 0.033
2 0.880 0.399 0.055 0.027
2 0.909 0.375 0.011 0.007
2 1.050 0.374 0.011 0.007
2 1.205 0.353 0.013 0.007
2 0.902 0.350 0.011 0.007
2 0.985 0.374 0.123 0.061
2 1.112 0.346 0.037 0.017
2 0.924 0.336 0.011 0.007
2 1.222 0.333 0.012 0.008
2 0.949 0.334 0.024 0.021
2 1.253 0.321 0.010 0.007
2 1.206 0.316 0.012 0.009
2 1.062 0.313 0.011 0.007
2 0.883 0.311 0.009 0.006
2 1.040 0.308 0.009 0.006
2 1.221 0.304 0.035 0.019
2 0.890 0.291 0.021 0.010
2 0.861 0.285 0.013 0.007
2 1.191 0.288 0.023 0.019
2 0.805 0.274 0.010 0.006
2 1.171 0.272 0.020 0.009
2 1.048 0.275 0.029 0.016
2 0.877 0.270 0.011 0.010
2 1.196 0.270 0.016 0.013
2 1.072 0.261 0.012 0.008
2 0.938 0.259 0.013 0.009
2 0.970 0.254 0.012 0.007
2 0.807 0.251 0.015 0.009
2 0.918 0.248 0.016 0.008
2 0.765 0.247 0.008 0.005
2 0.884 0.247 0.007 0.008
2 1.140 0.253 0.031 0.029
2 1.103 0.235 0.048 0.013
2 0.972 0.233 0.012 0.009
2 0.822 0.232 0.013 0.009
2 1.079 0.228 0.011 0.007
2 0.931 0.225 0.021 0.005
2 0.956 0.220 0.008 0.007
2 0.871 0.220 0.010 0.007
2 1.118 0.216 0.015 0.009
2 0.830 0.215 0.015 0.011
2 1.132 0.212 0.009 0.006
2 0.964 0.208 0.013 0.004
2 0.843 0.206 0.013 0.007
2 1.043 0.200 0.015 0.004
2 0.984 0.204 0.015 0.018
2 1.162 0.208 0.037 0.030
2 0.885 0.189 0.010 0.007
2 0.915 0.189 0.011 0.007
2 0.995 0.191 0.019 0.013
2 0.863 0.184 0.022 0.008
2 0.968 0.180 0.032 0.014
2 0.956 0.168 0.015 0.009
2 1.190 0.162 0.007 0.005
2 0.913 0.165 0.038 0.012
2 1.200 0.156 0.008 0.005
2 0.899 0.154 0.024 0.008
2 0.923 0.153 0.012 0.008
2 0.978 0.150 0.033 0.008
2 0.943 0.149 0.011 0.008
2 1.390 0.139 0.013 0.007
2 1.242 0.142 0.037 0.013
2 0.956 0.134 0.011 0.007
2 1.454 0.133 0.017 0.011
2 1.473 0.127 0.021 0.013
2 0.972 0.121 0.012 0.006
2 1.017 0.130 0.068 0.029
2 1.057 0.107 0.039 0.018
2 1.153 0.102 0.026 0.009
2 1.471 0.103 0.029 0.012
2 0.995 0.100 0.009 0.007
2 1.027 0.098 0.019 0.012
2 0.539 0.121 0.067 0.061
2 1.259 0.094 0.039 0.020
2 1.502 0.083 0.007 0.007
2 0.996 0.083 0.020 0.011
2 1.127 0.082 0.023 0.009
2 1.212 0.081 0.060 0.029
2 1.142 0.070 0.032 0.016
2 1.136 0.056 0.017 0.008
2 1.116 0.052 0.011 0.007
2 1.233 0.054 0.029 0.016
2 1.120 0.033 0.016 0.008
2 1.064 0.054 0.086 0.056
2 1.099 0.029 0.013 0.008
2 1.228 0.029 0.021 0.013
2 1.055 0.026 0.013 0.010
2 1.361 0.075 0.197 0.114
2 1.171 0.039 0.081 0.047
2 1.192 0.013 0.017 0.006
2 1.301 0.045 0.104 0.076
2 1.135 0.008 0.015 0.007
2 1.284 0.006 0.022 0.008
2 1.242 0.013 0.050 0.026
1 1.101 0.534 0.046 0.021
1 1.349 0.483 0.039 0.021
1 1.254 0.464 0.029 0.017
1 1.333 0.439 0.041 0.024
1 1.213 0.401 0.048 0.026
1 1.368 0.373 0.044 0.037
1 1.085 0.349 0.019 0.016
1 1.465 0.364 0.081 0.055
1 1.352 0.316 0.218 0.083
1 1.287 0.244 0.035 0.027
1 0.544 0.243 0.058 0.031
1 0.589 0.232 0.029 0.013
1 1.224 0.227 0.055 0.028
0 0.298 0.639 0.022 0.016
0 0.499 0.616 0.011 0.007
0 0.403 0.607 0.008 0.006
0 1.228 0.552 0.013 0.008
0 1.283 0.535 0.008 0.006
0 0.448 0.512 0.016 0.010
0 1.332 0.465 0.011 0.007
0 1.301 0.444 0.013 0.008
0 1.461 0.428 0.012 0.009
0 1.175 0.398 0.013 0.009
0 1.256 0.395 0.011 0.008
0 1.458 0.264 0.011 0.007
0 1.319 0.240 0.018 0.010
0 0.679 0.218 0.008 0.006
0 0.534 0.213 0.010 0.006
0 1.217 0.208 0.008 0.006
0 1.227 0.203 0.006 0.004
0 0.920 0.201 0.016 0.009
0 0.592 0.196 0.010 0.006
0 0.494 0.186 0.014 0.008
0 1.081 0.147 0.010 0.007
0 1.386 0.148 0.015 0.011
0 1.345 0.143 0.017 0.013
0 0.940 0.089 0.022 0.017
0 0.912 0.032 0.011 0.009
4 0.771 0.588 0.320 0.152
3 0.711 0.145 0.075 0.036
