2 0.191 0.507 0.003 0.003
2 0.201 0.502 0.004 0.005
2 0.213 0.497 0.002 0.003
2 0.219 0.493 0.004 0.004
2 0.546 0.471 0.011 0.009
2 0.547 0.459 0.008 0.012
2 0.343 0.451 0.005 0.004
2 0.335 0.451 0.007 0.007
2 0.348 0.448 0.007 0.003
2 0.196 0.445 0.004 0.003
2 0.361 0.443 0.004 0.002
2 0.368 0.442 0.005 0.004
2 0.353 0.441 0.012 0.003
2 0.180 0.440 0.003 0.003
2 0.349 0.438 0.004 0.002
2 0.195 0.437 0.005 0.003
2 0.371 0.435 0.003 0.003
2 0.147 0.428 0.002 0.002
2 0.333 0.427 0.005 0.003
2 0.180 0.426 0.003 0.003
2 0.130 0.425 0.005 0.003
2 0.139 0.424 0.008 0.006
2 1.208 0.420 0.008 0.006
2 0.164 0.418 0.003 0.003
2 0.137 0.417 0.004 0.002
2 1.187 0.408 0.009 0.006
2 0.145 0.406 0.003 0.003
2 0.212 0.401 0.005 0.002
2 0.775 0.399 0.005 0.004
2 1.192 0.400 0.006 0.005
2 0.201 0.398 0.003 0.004
2 0.166 0.393 0.004 0.002
2 0.187 0.390 0.006 0.004
2 1.192 0.391 0.006 0.006
2 0.763 0.393 0.009 0.011
2 0.858 0.393 0.007 0.012
2 1.200 0.392 0.007 0.011
2 0.848 0.387 0.011 0.018
2 0.825 0.389 0.032 0.021
2 0.795 0.379 0.006 0.006
2 0.785 0.386 0.029 0.022
2 0.760 0.380 0.019 0.010
2 0.868 0.378 0.009 0.013
2 0.858 0.377 0.009 0.011
2 0.809 0.379 0.023 0.020
2 0.748 0.372 0.008 0.008
2 0.713 0.375 0.056 0.015
2 0.678 0.370 0.009 0.005
2 0.888 0.370 0.008 0.007
2 0.844 0.371 0.014 0.014
2 1.146 0.366 0.006 0.004
2 0.871 0.364 0.033 0.008
2 0.708 0.357 0.006 0.004
2 0.729 0.356 0.021 0.010
2 0.742 0.350 0.008 0.006
2 0.754 0.351 0.009 0.009
2 0.695 0.351 0.031 0.011
2 0.824 0.344 0.004 0.005
2 0.665 0.350 0.022 0.019
2 0.702 0.340 0.038 0.014
2 0.687 0.336 0.006 0.004
2 0.861 0.337 0.011 0.009
2 0.566 0.333 0.012 0.008
2 0.732 0.337 0.027 0.015
2 0.884 0.333 0.017 0.009
2 0.565 0.329 0.006 0.006
2 0.597 0.325 0.007 0.005
2 0.590 0.321 0.009 0.004
2 0.644 0.323 0.010 0.008
2 0.798 0.328 0.039 0.026
2 0.565 0.319 0.013 0.009
2 0.580 0.316 0.007 0.005
2 0.847 0.324 0.058 0.030
2 0.669 0.313 0.024 0.017
2 0.831 0.304 0.006 0.010
2 0.837 0.299 0.005 0.006
2 0.863 0.302 0.009 0.011
2 0.648 0.299 0.008 0.007
2 0.678 0.298 0.006 0.008
2 0.687 0.294 0.004 0.004
2 0.700 0.289 0.005 0.005
2 0.855 0.291 0.013 0.013
2 0.666 0.287 0.012 0.011
2 0.728 0.281 0.011 0.008
2 0.684 0.280 0.014 0.015
2 0.716 0.264 0.008 0.008
2 0.333 0.224 0.010 0.007
2 0.330 0.207 0.008 0.004
2 0.401 0.201 0.013 0.006
2 0.358 0.198 0.004 0.003
2 0.312 0.193 0.005 0.003
2 0.331 0.198 0.017 0.012
2 0.304 0.194 0.008 0.009
2 0.329 0.191 0.004 0.003
2 0.297 0.191 0.003 0.003
2 0.361 0.192 0.010 0.007
2 0.339 0.185 0.003 0.002
2 0.308 0.184 0.002 0.002
2 0.329 0.184 0.005 0.003
2 0.314 0.186 0.009 0.009
2 0.323 0.174 0.007 0.005
2 0.305 0.173 0.003 0.003
2 0.334 0.172 0.003 0.002
2 0.333 0.169 0.002 0.003
2 0.325 0.168 0.005 0.003
2 0.336 0.158 0.005 0.003
2 0.966 0.044 0.002 0.003
2 0.933 0.044 0.003 0.003
2 0.960 0.041 0.005 0.004
2 0.971 0.037 0.009 0.008
2 0.983 0.034 0.003 0.003
2 1.003 0.029 0.005 0.003
2 0.976 0.028 0.014 0.008
2 1.001 0.022 0.003 0.003
2 0.987 0.022 0.004 0.003
2 0.975 0.019 0.008 0.006
2 0.984 0.018 0.004 0.004
1 0.595 0.653 0.157 0.020
1 0.653 0.638 0.035 0.014
1 0.660 0.623 0.034 0.015
1 0.570 0.616 0.034 0.024
1 0.416 0.504 0.016 0.013
1 0.395 0.489 0.019 0.017
1 0.552 0.489 0.038 0.024
1 0.842 0.468 0.018 0.006
1 1.170 0.420 0.017 0.008
1 1.236 0.394 0.112 0.047
1 1.133 0.364 0.023 0.016
1 0.391 0.191 0.014 0.010
1 0.345 0.188 0.019 0.008
1 0.459 0.182 0.045 0.019
1 1.220 0.162 0.021 0.012
1 1.202 0.151 0.019 0.027
1 0.397 0.155 0.123 0.058
1 0.393 0.120 0.024 0.011
1 0.497 0.104 0.029 0.015
1 1.125 0.160 0.114 0.170
1 0.369 0.059 0.008 0.008
1 0.953 0.050 0.004 0.004
1 0.897 0.052 0.017 0.010
1 0.341 0.043 0.020 0.014
1 0.593 0.040 0.019 0.011
1 0.920 0.036 0.018 0.017
1 0.920 0.031 0.009 0.009
1 0.443 0.037 0.088 0.027
1 0.923 0.025 0.013 0.006
1 0.862 0.013 0.023 0.018
1 0.927 0.018 0.105 0.036
0 0.517 0.619 0.008 0.006
0 0.881 0.598 0.006 0.004
0 1.129 0.560 0.004 0.003
0 1.113 0.546 0.005 0.003
0 0.426 0.497 0.005 0.003
0 0.838 0.482 0.011 0.007
0 0.828 0.476 0.007 0.005
0 1.110 0.469 0.006 0.005
0 0.624 0.467 0.004 0.003
0 0.648 0.444 0.007 0.005
0 1.092 0.435 0.008 0.006
0 0.334 0.404 0.007 0.005
0 0.536 0.399 0.007 0.006
0 0.710 0.382 0.006 0.004
0 0.742 0.363 0.005 0.003
0 0.463 0.349 0.009 0.007
0 0.796 0.345 0.007 0.004
0 0.583 0.325 0.009 0.006
0 0.491 0.280 0.008 0.005
0 0.465 0.267 0.007 0.005
0 0.839 0.263 0.007 0.004
0 0.249 0.258 0.006 0.004
0 0.702 0.258 0.009 0.006
0 0.653 0.179 0.006 0.004
0 0.665 0.168 0.006 0.004
0 0.750 0.059 0.007 0.004
0 0.364 0.055 0.008 0.006
0 0.888 0.036 0.009 0.006
0 0.574 0.025 0.006 0.004
4 1.017 0.370 0.164 0.122
3 0.669 0.657 0.030 0.012
3 0.275 0.605 0.033 0.028
3 0.407 0.578 0.052 0.046
3 1.152 0.168 0.067 0.072
3 0.385 0.122 0.082 0.071
3 0.844 0.016 0.048 0.032
