2 0.401 0.944 0.001 0.003
2 0.464 0.916 0.003 0.006
2 0.460 0.899 0.003 0.004
2 0.468 0.849 0.003 0.007
2 0.474 0.845 0.007 0.006
2 0.447 0.842 0.003 0.004
2 0.455 0.845 0.010 0.011
2 0.274 0.839 0.002 0.004
2 0.432 0.830 0.003 0.005
2 0.457 0.823 0.004 0.007
2 0.446 0.821 0.005 0.008
2 0.466 0.823 0.004 0.011
2 0.487 0.815 0.003 0.005
2 0.435 0.814 0.002 0.003
2 0.460 0.813 0.004 0.005
2 0.456 0.806 0.007 0.009
2 0.488 0.804 0.004 0.008
2 0.484 0.802 0.002 0.004
2 0.478 0.802 0.005 0.006
2 0.429 0.796 0.002 0.004
2 0.231 0.788 0.003 0.003
2 0.463 0.796 0.008 0.022
2 0.228 0.787 0.002 0.005
2 0.269 0.785 0.004 0.008
2 0.484 0.790 0.010 0.018
2 0.472 0.796 0.012 0.036
2 0.259 0.780 0.005 0.004
2 0.222 0.782 0.005 0.008
2 0.458 0.781 0.009 0.012
2 0.190 0.777 0.002 0.003
2 0.254 0.777 0.004 0.006
2 0.233 0.775 0.003 0.005
2 0.199 0.774 0.003 0.004
2 0.218 0.772 0.004 0.006
2 0.258 0.770 0.008 0.009
2 0.236 0.768 0.005 0.007
2 0.485 0.769 0.009 0.010
2 0.244 0.766 0.002 0.004
2 0.472 0.772 0.016 0.016
2 0.208 0.767 0.003 0.006
2 0.473 0.762 0.003 0.006
2 0.465 0.758 0.004 0.006
2 0.206 0.759 0.005 0.006
2 0.214 0.755 0.002 0.004
2 0.400 0.755 0.002 0.004
2 0.204 0.752 0.005 0.005
2 0.455 0.758 0.008 0.020
2 0.256 0.747 0.002 0.003
2 0.211 0.748 0.005 0.005
2 0.211 0.743 0.004 0.003
2 0.446 0.741 0.005 0.006
2 0.492 0.749 0.017 0.023
2 0.264 0.736 0.006 0.010
2 0.373 0.728 0.005 0.007
2 0.236 0.727 0.003 0.005
2 0.218 0.724 0.002 0.004
2 0.228 0.726 0.011 0.013
2 0.415 0.720 0.002 0.003
2 0.366 0.721 0.003 0.006
2 0.503 0.720 0.002 0.003
2 0.490 0.720 0.002 0.005
2 0.456 0.721 0.007 0.006
2 0.451 0.719 0.002 0.005
2 0.112 0.721 0.006 0.010
2 0.492 0.715 0.003 0.003
2 0.446 0.716 0.002 0.005
2 0.501 0.715 0.002 0.003
2 0.237 0.718 0.004 0.010
2 0.445 0.713 0.002 0.002
2 0.500 0.709 0.003 0.005
2 0.457 0.708 0.001 0.002
2 0.513 0.708 0.002 0.004
2 0.461 0.712 0.006 0.012
2 0.525 0.708 0.002 0.005
2 0.492 0.710 0.006 0.010
2 0.240 0.706 0.002 0.004
2 0.455 0.704 0.002 0.004
2 0.248 0.704 0.008 0.007
2 0.505 0.702 0.003 0.004
2 0.350 0.703 0.004 0.008
2 0.376 0.702 0.005 0.010
2 0.473 0.707 0.014 0.021
2 0.497 0.696 0.003 0.005
2 0.490 0.699 0.009 0.011
2 0.543 0.698 0.007 0.012
2 0.482 0.692 0.003 0.004
2 0.541 0.692 0.002 0.006
2 0.496 0.692 0.002 0.005
2 0.451 0.694 0.004 0.010
2 0.260 0.692 0.003 0.006
2 0.458 0.691 0.002 0.006
2 0.550 0.694 0.008 0.019
2 0.537 0.685 0.004 0.004
2 0.462 0.685 0.004 0.007
2 0.637 0.685 0.006 0.009
2 0.546 0.685 0.008 0.011
2 0.479 0.688 0.011 0.020
2 0.457 0.682 0.005 0.008
2 0.529 0.685 0.010 0.015
2 0.458 0.675 0.001 0.002
2 0.365 0.676 0.003 0.004
2 0.474 0.674 0.002 0.004
2 0.527 0.673 0.002 0.003
2 0.609 0.674 0.005 0.007
2 0.373 0.673 0.004 0.005
2 0.240 0.671 0.002 0.006
2 0.595 0.670 0.003 0.005
2 0.468 0.678 0.011 0.021
2 0.436 0.670 0.002 0.005
2 0.490 0.667 0.002 0.005
2 0.301 0.667 0.002 0.004
2 0.592 0.666 0.003 0.006
2 0.499 0.668 0.006 0.010
2 0.455 0.665 0.001 0.003
2 0.627 0.666 0.007 0.007
2 0.622 0.664 0.002 0.006
2 0.278 0.664 0.003 0.006
2 0.619 0.663 0.003 0.004
2 0.573 0.666 0.011 0.012
2 0.647 0.661 0.002 0.003
2 0.460 0.661 0.001 0.002
2 0.584 0.663 0.008 0.013
2 0.242 0.658 0.003 0.006
2 0.512 0.676 0.022 0.042
2 0.266 0.660 0.011 0.013
2 0.622 0.655 0.003 0.006
2 0.227 0.659 0.007 0.014
2 0.558 0.653 0.006 0.007
2 0.584 0.650 0.002 0.002
2 0.258 0.656 0.004 0.015
2 0.582 0.648 0.002 0.003
2 0.482 0.662 0.011 0.031
2 0.292 0.649 0.005 0.007
2 0.396 0.672 0.041 0.056
2 0.550 0.646 0.004 0.007
2 0.543 0.657 0.022 0.030
2 0.527 0.648 0.010 0.011
2 0.331 0.644 0.004 0.005
2 0.625 0.642 0.003 0.003
2 0.603 0.653 0.018 0.026
2 0.236 0.643 0.007 0.006
2 0.486 0.641 0.003 0.004
2 0.473 0.644 0.007 0.010
2 0.649 0.639 0.002 0.004
2 0.530 0.641 0.009 0.008
2 0.475 0.638 0.003 0.004
2 0.292 0.638 0.002 0.004
2 0.307 0.637 0.002 0.002
2 0.449 0.635 0.002 0.003
2 0.435 0.634 0.003 0.004
2 0.625 0.633 0.002 0.003
2 0.589 0.643 0.007 0.023
2 0.467 0.637 0.007 0.011
2 0.642 0.631 0.002 0.004
2 0.558 0.637 0.011 0.019
2 0.297 0.630 0.004 0.005
2 0.491 0.628 0.003 0.004
2 0.337 0.630 0.006 0.009
2 0.598 0.629 0.003 0.007
2 0.498 0.640 0.018 0.029
2 0.569 0.629 0.007 0.008
2 0.498 0.626 0.003 0.004
2 0.590 0.625 0.002 0.004
2 0.616 0.631 0.013 0.019
2 0.632 0.625 0.007 0.009
2 0.539 0.622 0.003 0.003
2 0.319 0.624 0.005 0.006
2 0.317 0.622 0.003 0.004
2 0.251 0.631 0.009 0.023
2 0.620 0.620 0.002 0.003
2 0.626 0.621 0.002 0.006
2 0.572 0.621 0.003 0.005
2 0.314 0.619 0.002 0.005
2 0.489 0.619 0.003 0.007
2 0.628 0.616 0.002 0.002
2 0.578 0.621 0.010 0.018
2 0.600 0.617 0.010 0.013
2 0.479 0.617 0.013 0.014
2 0.424 0.638 0.035 0.056
2 0.606 0.611 0.003 0.004
2 0.510 0.616 0.008 0.016
2 0.284 0.619 0.009 0.022
2 0.256 0.610 0.004 0.006
2 0.487 0.610 0.005 0.006
2 0.275 0.608 0.004 0.007
2 0.548 0.622 0.016 0.037
2 0.324 0.606 0.002 0.004
2 0.270 0.609 0.004 0.012
2 0.262 0.611 0.009 0.017
2 0.505 0.605 0.003 0.006
2 0.594 0.608 0.004 0.014
2 0.625 0.603 0.003 0.004
2 0.522 0.628 0.032 0.054
2 0.331 0.603 0.003 0.004
2 0.599 0.602 0.002 0.005
2 0.547 0.600 0.002 0.005
2 0.417 0.602 0.009 0.008
2 0.497 0.607 0.012 0.019
2 0.594 0.598 0.002 0.004
2 0.636 0.603 0.005 0.014
2 0.629 0.599 0.002 0.007
2 0.576 0.598 0.003 0.005
2 0.567 0.606 0.013 0.020
2 0.522 0.598 0.002 0.004
2 0.526 0.600 0.005 0.010
2 0.507 0.598 0.003 0.005
2 0.588 0.596 0.001 0.002
2 0.559 0.598 0.004 0.007
2 0.511 0.602 0.006 0.015
2 0.072 0.598 0.004 0.008
2 0.275 0.597 0.005 0.008
2 0.349 0.594 0.002 0.003
2 0.573 0.593 0.005 0.005
2 0.586 0.591 0.001 0.003
2 0.281 0.593 0.004 0.007
2 0.360 0.592 0.002 0.006
2 0.620 0.594 0.007 0.014
2 0.586 0.587 0.001 0.002
2 0.330 0.586 0.002 0.004
2 0.613 0.591 0.009 0.014
2 0.601 0.589 0.005 0.011
2 0.077 0.587 0.007 0.008
2 0.557 0.585 0.006 0.006
2 0.299 0.584 0.002 0.005
2 0.584 0.584 0.004 0.006
2 0.313 0.582 0.003 0.006
2 0.527 0.585 0.015 0.015
2 0.547 0.586 0.009 0.019
2 0.593 0.583 0.013 0.013
2 0.304 0.581 0.002 0.010
2 0.623 0.578 0.005 0.005
2 0.568 0.583 0.007 0.014
2 0.368 0.577 0.003 0.004
2 0.573 0.577 0.002 0.004
2 0.515 0.581 0.005 0.013
2 0.616 0.576 0.002 0.003
2 0.586 0.574 0.002 0.003
2 0.544 0.575 0.003 0.003
2 0.537 0.581 0.007 0.016
2 0.619 0.574 0.002 0.003
2 0.574 0.572 0.002 0.003
2 0.591 0.574 0.004 0.007
2 0.374 0.572 0.002 0.003
2 0.078 0.575 0.008 0.013
2 0.610 0.574 0.007 0.011
2 0.563 0.576 0.008 0.015
2 0.570 0.571 0.005 0.005
2 0.592 0.566 0.002 0.003
2 0.575 0.563 0.002 0.004
2 0.599 0.562 0.003 0.004
2 0.164 0.559 0.006 0.006
2 0.289 0.566 0.010 0.020
2 0.071 0.562 0.009 0.021
2 0.581 0.557 0.008 0.013
2 0.392 0.551 0.002 0.006
2 0.404 0.549 0.003 0.003
2 0.301 0.547 0.002 0.004
2 0.286 0.547 0.005 0.007
2 0.581 0.547 0.006 0.009
2 0.080 0.544 0.003 0.005
2 0.279 0.545 0.004 0.008
2 0.568 0.543 0.004 0.007
2 0.162 0.545 0.008 0.011
2 0.332 0.541 0.004 0.005
2 0.268 0.545 0.015 0.015
2 0.073 0.540 0.002 0.005
2 0.068 0.541 0.005 0.008
2 0.283 0.539 0.007 0.006
2 0.301 0.534 0.003 0.004
2 0.590 0.533 0.003 0.004
2 0.380 0.532 0.003 0.003
2 0.291 0.532 0.005 0.004
2 0.378 0.527 0.002 0.003
2 0.346 0.529 0.007 0.011
2 0.379 0.518 0.006 0.014
2 0.285 0.513 0.002 0.004
2 0.271 0.510 0.004 0.004
2 0.370 0.508 0.001 0.002
2 0.372 0.506 0.002 0.005
2 0.335 0.502 0.003 0.005
2 0.248 0.501 0.003 0.004
2 0.338 0.496 0.002 0.003
2 0.236 0.497 0.006 0.005
2 0.309 0.496 0.003 0.006
2 0.522 0.488 0.003 0.005
2 0.524 0.484 0.002 0.003
2 0.526 0.479 0.002 0.004
2 0.308 0.479 0.003 0.004
2 0.304 0.479 0.003 0.005
2 0.215 0.479 0.002 0.004
2 0.369 0.479 0.004 0.006
2 0.418 0.477 0.003 0.004
2 0.203 0.476 0.003 0.004
2 0.256 0.473 0.003 0.004
2 0.417 0.471 0.002 0.004
2 0.363 0.461 0.005 0.007
2 0.255 0.458 0.003 0.005
2 0.416 0.457 0.002 0.004
2 0.348 0.459 0.005 0.009
2 0.270 0.456 0.003 0.004
2 0.377 0.459 0.005 0.013
2 0.337 0.455 0.003 0.008
2 0.361 0.454 0.006 0.007
2 0.213 0.453 0.003 0.007
2 0.397 0.449 0.003 0.005
2 0.372 0.455 0.007 0.017
2 0.383 0.459 0.006 0.028
2 0.348 0.447 0.005 0.004
2 0.337 0.445 0.002 0.004
2 0.142 0.446 0.003 0.005
2 0.335 0.441 0.002 0.005
2 0.358 0.439 0.003 0.002
2 0.325 0.439 0.003 0.006
2 0.152 0.438 0.005 0.006
2 0.355 0.433 0.001 0.002
2 0.172 0.432 0.015 0.012
2 0.213 0.428 0.003 0.005
2 0.180 0.427 0.002 0.004
2 0.347 0.425 0.004 0.006
2 0.348 0.419 0.001 0.002
2 0.190 0.423 0.009 0.012
2 0.178 0.416 0.016 0.016
2 0.197 0.407 0.003 0.006
2 0.183 0.396 0.009 0.008
2 0.137 0.373 0.002 0.002
2 0.471 0.293 0.005 0.009
2 0.457 0.256 0.002 0.002
2 0.115 0.244 0.004 0.006
2 0.371 0.182 0.003 0.005
2 0.416 0.150 0.002 0.005
2 0.245 0.140 0.004 0.007
2 0.488 0.035 0.004 0.007
1 0.460 0.950 0.006 0.011
1 0.178 0.851 0.006 0.009
1 0.581 0.840 0.006 0.011
1 0.161 0.823 0.025 0.045
1 0.548 0.797 0.010 0.013
1 0.568 0.788 0.022 0.023
1 0.552 0.707 0.013 0.028
1 0.169 0.652 0.011 0.017
1 0.148 0.568 0.013 0.022
1 0.512 0.541 0.006 0.008
1 0.521 0.369 0.006 0.008
1 0.660 0.268 0.017 0.029
1 0.560 0.207 0.010 0.012
1 0.397 0.149 0.017 0.016
1 0.205 0.132 0.009 0.016
1 0.563 0.017 0.010 0.018
0 0.465 0.939 0.005 0.007
0 0.481 0.939 0.005 0.007
0 0.450 0.919 0.004 0.004
0 0.507 0.876 0.003 0.005
0 0.208 0.874 0.007 0.010
0 0.165 0.858 0.006 0.010
0 0.547 0.853 0.003 0.005
0 0.542 0.847 0.003 0.006
0 0.570 0.846 0.003 0.005
0 0.565 0.842 0.004 0.005
0 0.214 0.828 0.003 0.006
0 0.208 0.821 0.003 0.005
0 0.201 0.817 0.003 0.006
0 0.559 0.774 0.003 0.006
0 0.133 0.747 0.003 0.006
0 0.212 0.696 0.006 0.011
0 0.113 0.632 0.003 0.005
0 0.616 0.591 0.002 0.003
0 0.396 0.574 0.004 0.007
0 0.197 0.543 0.003 0.005
0 0.642 0.525 0.007 0.007
0 0.194 0.524 0.004 0.007
0 0.233 0.513 0.006 0.008
0 0.223 0.509 0.005 0.007
0 0.123 0.503 0.004 0.007
0 0.238 0.502 0.005 0.008
0 0.479 0.341 0.005 0.007
0 0.184 0.330 0.003 0.005
0 0.446 0.310 0.007 0.012
0 0.402 0.306 0.006 0.009
0 0.455 0.280 0.003 0.006
0 0.423 0.274 0.005 0.006
0 0.401 0.257 0.005 0.007
0 0.299 0.255 0.002 0.003
0 0.119 0.238 0.005 0.008
0 0.544 0.227 0.003 0.007
0 0.204 0.193 0.004 0.006
0 0.367 0.183 0.003 0.004
0 0.335 0.166 0.005 0.008
0 0.579 0.159 0.007 0.007
0 0.317 0.155 0.003 0.005
0 0.581 0.073 0.005 0.007
0 0.553 0.025 0.004 0.007
4 0.728 0.585 0.110 0.194
