2 0.477 0.443 0.021 0.013
2 0.896 0.415 0.006 0.003
2 1.167 0.403 0.008 0.008
2 0.519 0.400 0.008 0.006
2 1.045 0.373 0.002 0.001
2 1.053 0.374 0.009 0.006
2 0.872 0.372 0.002 0.002
2 0.857 0.372 0.004 0.002
2 1.026 0.371 0.030 0.008
2 1.081 0.368 0.006 0.004
2 1.064 0.367 0.007 0.005
2 1.102 0.363 0.002 0.001
2 1.109 0.362 0.008 0.003
2 1.049 0.358 0.003 0.002
2 1.108 0.358 0.011 0.005
2 1.082 0.359 0.037 0.020
2 1.027 0.355 0.036 0.014
2 1.065 0.342 0.051 0.017
2 1.096 0.339 0.013 0.015
2 1.055 0.335 0.026 0.010
2 1.123 0.337 0.041 0.015
2 1.021 0.338 0.040 0.018
2 1.009 0.329 0.012 0.006
2 1.160 0.327 0.005 0.003
2 1.006 0.325 0.004 0.003
2 1.020 0.324 0.003 0.002
2 1.094 0.323 0.005 0.002
2 0.994 0.321 0.003 0.002
2 0.978 0.320 0.003 0.002
2 1.016 0.317 0.003 0.003
2 1.111 0.313 0.004 0.003
2 1.041 0.313 0.004 0.004
2 1.181 0.311 0.005 0.003
2 1.055 0.312 0.007 0.006
2 1.009 0.310 0.004 0.004
2 1.127 0.312 0.026 0.010
2 1.140 0.320 0.063 0.026
2 0.938 0.302 0.004 0.004
2 1.144 0.301 0.015 0.010
2 0.978 0.303 0.019 0.015
2 1.128 0.296 0.004 0.003
2 1.147 0.293 0.003 0.002
2 0.964 0.295 0.012 0.008
2 1.152 0.292 0.005 0.002
2 1.137 0.295 0.009 0.008
2 0.994 0.292 0.006 0.006
2 0.753 0.292 0.013 0.009
2 1.148 0.287 0.012 0.008
2 1.132 0.284 0.007 0.004
2 1.011 0.281 0.003 0.003
2 1.126 0.281 0.007 0.004
2 1.133 0.280 0.008 0.004
2 1.138 0.277 0.005 0.002
2 0.988 0.280 0.025 0.012
2 1.148 0.273 0.006 0.003
2 1.158 0.274 0.006 0.006
2 1.014 0.270 0.016 0.003
2 1.127 0.269 0.003 0.003
2 1.035 0.267 0.004 0.002
2 1.045 0.262 0.004 0.006
2 1.018 0.261 0.015 0.008
2 1.053 0.259 0.005 0.005
2 1.146 0.259 0.009 0.007
2 1.159 0.260 0.009 0.010
2 1.031 0.253 0.020 0.010
2 1.079 0.251 0.021 0.011
2 1.138 0.250 0.020 0.013
2 1.042 0.246 0.011 0.006
2 0.940 0.253 0.025 0.022
2 1.062 0.240 0.002 0.002
2 1.061 0.244 0.019 0.011
2 1.087 0.239 0.004 0.002
2 1.078 0.241 0.012 0.010
2 0.953 0.236 0.004 0.003
2 0.988 0.239 0.011 0.011
2 1.092 0.234 0.003 0.003
2 1.083 0.233 0.003 0.003
2 1.116 0.246 0.040 0.031
2 1.110 0.230 0.008 0.004
2 1.088 0.229 0.003 0.001
2 1.026 0.230 0.010 0.005
2 1.015 0.225 0.003 0.001
2 1.098 0.225 0.006 0.003
2 1.064 0.228 0.026 0.010
2 1.038 0.225 0.004 0.003
2 1.008 0.221 0.006 0.002
2 1.111 0.221 0.015 0.006
2 1.025 0.220 0.017 0.008
2 1.104 0.215 0.005 0.005
2 1.115 0.212 0.002 0.002
2 1.034 0.215 0.016 0.011
2 1.068 0.214 0.020 0.010
2 1.089 0.215 0.018 0.015
2 1.030 0.203 0.017 0.008
2 0.890 0.199 0.005 0.003
2 1.013 0.190 0.002 0.001
2 1.005 0.187 0.009 0.006
2 1.013 0.185 0.004 0.003
2 0.979 0.185 0.006 0.003
2 0.992 0.182 0.004 0.002
2 1.022 0.180 0.004 0.003
2 0.990 0.178 0.006 0.004
2 1.000 0.167 0.006 0.004
1 0.434 0.603 0.068 0.062
1 0.937 0.575 0.029 0.011
1 0.803 0.557 0.021 0.014
1 0.360 0.572 0.054 0.059
1 0.531 0.549 0.028 0.014
1 0.961 0.554 0.050 0.024
1 1.128 0.511 0.021 0.017
1 0.167 0.460 0.047 0.039
1 0.152 0.423 0.034 0.011
1 1.160 0.304 0.016 0.006
1 1.050 0.276 0.014 0.010
1 0.369 0.107 0.034 0.042
0 1.122 0.548 0.006 0.004
0 0.602 0.524 0.017 0.012
0 0.567 0.516 0.013 0.009
0 1.115 0.351 0.005 0.003
0 1.118 0.289 0.005 0.004
0 1.191 0.284 0.005 0.003
0 1.105 0.278 0.008 0.005
0 0.896 0.247 0.004 0.003
0 0.877 0.242 0.005 0.004
0 0.992 0.193 0.004 0.003
0 1.044 0.184 0.005 0.003
0 1.030 0.172 0.006 0.004
0 0.838 0.034 0.011 0.007
4 0.399 0.339 0.170 0.132
3 0.357 0.595 0.035 0.034
3 0.840 0.567 0.040 0.030
3 0.854 0.547 0.031 0.017
3 1.017 0.126 0.025 0.031
3 1.001 0.082 0.029 0.029
3 0.886 0.066 0.029 0.009
