1 0.002 0.651 0.003 0.026
1 0.111 0.599 0.016 0.048
1 0.066 0.584 0.014 0.027
1 0.034 0.595 0.023 0.079
1 0.002 0.556 0.005 0.018
1 0.128 0.523 0.014 0.018
1 0.157 0.507 0.008 0.012
1 0.105 0.514 0.025 0.031
1 0.087 0.493 0.014 0.020
1 0.076 0.466 0.015 0.030
1 0.113 0.455 0.035 0.025
1 0.145 0.442 0.012 0.020
1 0.037 0.443 0.026 0.047
1 0.029 0.479 0.058 0.131
1 0.035 0.409 0.012 0.019
1 0.136 0.409 0.040 0.051
1 0.218 0.389 0.007 0.012
1 0.116 0.387 0.009 0.015
1 0.017 0.395 0.014 0.032
1 0.002 0.378 0.004 0.029
1 0.142 0.369 0.014 0.019
1 0.169 0.361 0.008 0.018
1 0.055 0.351 0.008 0.008
1 0.156 0.347 0.013 0.022
1 0.010 0.350 0.021 0.037
1 0.051 0.310 0.009 0.014
1 0.066 0.289 0.011 0.008
1 0.012 0.306 0.025 0.046
1 0.090 0.275 0.018 0.027
0 0.574 0.643 0.015 0.024
0 0.078 0.564 0.010 0.016
0 0.024 0.468 0.012 0.015
0 0.082 0.368 0.011 0.015
0 0.148 0.258 0.013 0.017
4 0.514 0.089 0.229 0.178
