2 0.515 0.482 0.009 0.005
2 0.858 0.151 0.003 0.002
2 0.846 0.141 0.019 0.006
2 0.816 0.138 0.006 0.003
2 0.841 0.134 0.020 0.008
1 0.728 0.637 0.028 0.017
1 1.136 0.586 0.039 0.023
1 0.565 0.534 0.014 0.007
1 0.865 0.404 0.010 0.017
1 1.105 0.389 0.017 0.016
1 1.112 0.360 0.008 0.012
1 0.976 0.330 0.024 0.013
1 0.959 0.289 0.014 0.007
1 1.139 0.297 0.055 0.035
1 0.769 0.237 0.021 0.015
1 0.821 0.219 0.011 0.010
1 1.186 0.220 0.051 0.036
1 1.254 0.208 0.039 0.034
1 0.806 0.193 0.019 0.017
1 1.200 0.188 0.017 0.009
1 1.170 0.188 0.025 0.012
1 0.829 0.188 0.026 0.024
1 1.154 0.181 0.019 0.019
1 0.226 0.172 0.019 0.007
1 0.528 0.173 0.041 0.023
1 1.141 0.167 0.029 0.012
1 0.515 0.123 0.053 0.024
1 0.624 0.112 0.017 0.014
1 0.507 0.097 0.033 0.014
1 1.026 0.081 0.010 0.007
1 0.547 0.038 0.031 0.018
0 0.751 0.565 0.007 0.005
0 0.564 0.541 0.006 0.003
0 0.995 0.472 0.008 0.005
0 1.226 0.459 0.009 0.005
0 1.236 0.441 0.012 0.008
0 0.685 0.427 0.007 0.005
0 0.632 0.418 0.008 0.005
0 1.095 0.414 0.009 0.006
0 0.438 0.387 0.006 0.004
0 0.928 0.380 0.005 0.003
0 1.087 0.374 0.007 0.005
0 0.580 0.359 0.006 0.004
0 0.682 0.353 0.009 0.007
0 0.661 0.346 0.008 0.005
0 1.050 0.342 0.005 0.004
0 0.999 0.329 0.006 0.004
0 0.671 0.323 0.008 0.005
0 1.033 0.315 0.007 0.004
0 1.159 0.310 0.005 0.004
0 0.965 0.301 0.004 0.003
0 0.945 0.297 0.003 0.003
0 0.773 0.296 0.009 0.006
0 0.527 0.276 0.010 0.006
0 1.186 0.262 0.008 0.004
0 0.605 0.258 0.006 0.003
0 0.575 0.257 0.009 0.006
0 0.596 0.256 0.006 0.005
0 0.810 0.232 0.006 0.003
0 0.486 0.229 0.008 0.006
0 0.784 0.225 0.007 0.004
0 0.832 0.220 0.005 0.003
0 0.749 0.218 0.005 0.003
0 0.792 0.217 0.005 0.003
0 0.806 0.213 0.006 0.004
0 0.743 0.210 0.004 0.003
0 0.758 0.211 0.008 0.005
0 0.767 0.208 0.006 0.004
0 1.182 0.204 0.008 0.004
0 0.826 0.204 0.008 0.006
0 0.918 0.202 0.004 0.003
0 0.999 0.197 0.004 0.003
0 0.919 0.193 0.007 0.005
0 0.802 0.177 0.008 0.005
0 0.593 0.175 0.006 0.004
0 0.921 0.169 0.009 0.006
0 0.824 0.160 0.013 0.008
0 0.698 0.144 0.005 0.003
0 0.902 0.142 0.005 0.004
0 0.789 0.136 0.008 0.004
0 0.966 0.129 0.005 0.003
0 0.802 0.118 0.008 0.005
0 0.520 0.098 0.006 0.003
0 0.911 0.097 0.005 0.003
0 0.969 0.097 0.007 0.004
0 0.924 0.094 0.005 0.004
0 0.920 0.084 0.005 0.003
0 0.974 0.079 0.004 0.003
0 0.956 0.074 0.004 0.002
0 0.762 0.067 0.005 0.003
0 0.379 0.061 0.006 0.004
0 0.979 0.062 0.011 0.006
0 0.879 0.056 0.006 0.003
4 0.360 0.316 0.186 0.129
