2 1.036 0.647 0.009 0.004
2 1.034 0.639 0.024 0.007
2 1.060 0.629 0.011 0.005
2 0.402 0.423 0.012 0.007
2 0.639 0.412 0.015 0.011
2 0.396 0.405 0.012 0.006
2 0.316 0.395 0.009 0.005
2 0.402 0.389 0.014 0.009
2 0.340 0.383 0.007 0.003
2 0.340 0.379 0.006 0.003
2 0.328 0.378 0.009 0.004
2 0.788 0.377 0.012 0.008
2 0.330 0.374 0.007 0.004
2 0.320 0.375 0.012 0.008
2 0.795 0.369 0.010 0.006
2 0.784 0.365 0.008 0.004
2 0.821 0.364 0.005 0.003
2 0.305 0.361 0.004 0.002
2 0.836 0.357 0.004 0.003
2 0.309 0.357 0.006 0.003
2 0.781 0.357 0.015 0.007
2 0.830 0.350 0.004 0.002
2 0.495 0.348 0.003 0.002
2 0.649 0.345 0.017 0.009
2 0.628 0.340 0.007 0.005
2 0.474 0.338 0.006 0.003
2 0.636 0.337 0.016 0.010
2 0.876 0.330 0.005 0.004
2 0.665 0.334 0.032 0.013
2 0.583 0.330 0.014 0.008
2 0.598 0.330 0.007 0.010
2 0.881 0.325 0.005 0.002
2 0.881 0.318 0.008 0.004
2 0.865 0.312 0.015 0.009
2 0.841 0.307 0.012 0.005
2 0.842 0.300 0.009 0.006
2 0.493 0.293 0.008 0.004
2 0.486 0.287 0.008 0.004
2 0.538 0.277 0.004 0.003
2 0.460 0.282 0.013 0.014
2 0.650 0.272 0.008 0.004
1 0.755 0.541 0.011 0.005
1 0.748 0.518 0.042 0.035
1 0.793 0.439 0.031 0.012
1 0.274 0.400 0.008 0.008
1 0.240 0.353 0.024 0.010
1 0.370 0.337 0.015 0.009
1 0.265 0.331 0.012 0.009
1 0.728 0.287 0.016 0.004
1 0.344 0.264 0.008 0.010
1 0.312 0.267 0.036 0.027
1 0.332 0.237 0.012 0.007
1 0.447 0.247 0.036 0.033
1 0.877 0.072 0.068 0.052
1 1.016 0.044 0.015 0.015
0 0.838 0.562 0.011 0.007
0 0.750 0.549 0.009 0.006
0 0.866 0.495 0.004 0.003
0 0.861 0.488 0.006 0.004
0 0.842 0.451 0.007 0.004
0 0.866 0.445 0.004 0.002
0 0.926 0.383 0.005 0.003
0 0.930 0.375 0.006 0.003
0 0.202 0.373 0.011 0.007
0 0.283 0.372 0.007 0.005
0 0.274 0.358 0.006 0.003
0 0.340 0.350 0.011 0.007
0 0.862 0.346 0.004 0.002
0 0.302 0.346 0.007 0.005
0 0.861 0.342 0.004 0.003
0 0.838 0.337 0.005 0.004
0 0.861 0.334 0.008 0.005
0 0.858 0.330 0.004 0.003
0 1.037 0.136 0.007 0.005
0 1.058 0.130 0.008 0.005
0 0.902 0.113 0.008 0.004
0 0.471 0.074 0.009 0.006
4 1.038 0.378 0.164 0.124
3 0.979 0.598 0.042 0.016
3 0.940 0.032 0.045 0.023
