2 0.541 0.914 0.021 0.018
2 0.395 0.830 0.019 0.029
1 0.514 1.000 0.003 0.001
1 0.460 0.999 0.003 0.002
1 0.491 0.996 0.012 0.007
1 0.394 0.996 0.021 0.007
1 0.471 0.996 0.012 0.008
1 0.371 0.995 0.021 0.010
1 0.340 0.991 0.016 0.018
1 0.541 0.985 0.006 0.008
1 0.337 0.979 0.005 0.008
1 0.354 0.975 0.004 0.006
1 0.453 0.974 0.007 0.007
1 0.320 0.968 0.004 0.006
1 0.299 0.963 0.004 0.005
1 0.350 0.954 0.004 0.010
1 0.475 0.942 0.006 0.010
1 0.382 0.942 0.005 0.011
1 0.568 0.936 0.007 0.009
1 0.402 0.940 0.010 0.018
1 0.341 0.934 0.005 0.011
1 0.497 0.939 0.035 0.030
1 0.514 0.962 0.084 0.077
1 0.246 0.909 0.005 0.011
1 0.519 0.907 0.021 0.031
1 0.299 0.912 0.025 0.045
1 0.498 0.892 0.005 0.008
1 0.524 0.883 0.004 0.007
1 0.280 0.888 0.016 0.023
1 0.530 0.879 0.007 0.007
1 0.510 0.888 0.012 0.025
1 0.005 0.883 0.009 0.021
1 0.320 0.878 0.008 0.019
1 0.525 0.865 0.016 0.023
1 0.504 0.856 0.009 0.012
1 0.343 0.847 0.004 0.009
1 0.496 0.847 0.009 0.013
1 0.506 0.842 0.011 0.012
1 0.512 0.835 0.007 0.006
1 0.313 0.843 0.033 0.037
1 0.525 0.823 0.008 0.009
1 0.538 0.824 0.008 0.017
1 0.347 0.813 0.021 0.010
1 0.497 0.810 0.004 0.008
1 0.375 0.804 0.005 0.006
1 0.388 0.788 0.005 0.018
1 0.353 0.787 0.020 0.025
1 0.399 0.779 0.007 0.016
1 0.522 0.780 0.013 0.022
1 0.539 0.783 0.012 0.029
1 0.370 0.763 0.027 0.030
1 0.434 0.757 0.028 0.032
1 0.511 0.754 0.027 0.039
1 0.384 0.742 0.014 0.019
1 0.249 0.763 0.033 0.067
1 0.410 0.724 0.003 0.006
1 0.410 0.735 0.025 0.034
1 0.444 0.718 0.005 0.007
1 0.432 0.726 0.016 0.030
1 0.265 0.711 0.006 0.010
1 0.312 0.721 0.014 0.033
1 0.451 0.706 0.004 0.008
1 0.438 0.702 0.004 0.008
1 0.482 0.739 0.053 0.093
1 0.475 0.692 0.011 0.011
1 0.446 0.689 0.004 0.004
1 0.363 0.693 0.013 0.015
1 0.348 0.679 0.004 0.002
1 0.458 0.677 0.008 0.008
1 0.413 0.686 0.034 0.029
1 0.379 0.677 0.006 0.011
1 0.339 0.665 0.008 0.007
1 0.475 0.665 0.021 0.018
1 0.361 0.663 0.022 0.025
1 0.467 0.646 0.006 0.015
1 0.481 0.637 0.003 0.007
1 0.373 0.647 0.021 0.034
1 0.419 0.644 0.027 0.029
1 0.446 0.646 0.024 0.044
1 0.368 0.613 0.022 0.025
1 0.182 0.598 0.007 0.009
1 0.346 0.573 0.003 0.004
1 0.334 0.564 0.012 0.018
1 0.346 0.558 0.005 0.008
1 0.300 0.558 0.008 0.010
1 0.318 0.548 0.005 0.006
1 0.357 0.541 0.005 0.008
1 0.315 0.537 0.007 0.011
1 0.328 0.502 0.008 0.013
0 0.485 0.871 0.007 0.011
0 0.583 0.856 0.007 0.010
0 0.468 0.836 0.011 0.015
0 0.190 0.745 0.005 0.008
0 0.165 0.728 0.007 0.011
0 0.318 0.581 0.005 0.008
0 0.387 0.554 0.007 0.011
0 0.368 0.517 0.008 0.013
0 0.113 0.102 0.014 0.020
3 0.351 0.379 0.033 0.093
3 0.329 0.248 0.038 0.087
3 0.177 0.200 0.039 0.026
