2 0.534 0.272 0.015 0.020
2 0.849 0.240 0.020 0.033
2 0.526 0.220 0.016 0.018
2 0.420 0.188 0.012 0.014
2 0.535 0.171 0.019 0.026
2 0.452 0.154 0.009 0.009
2 0.451 0.140 0.007 0.010
2 0.435 0.139 0.012 0.012
2 0.438 0.126 0.009 0.011
2 0.425 0.129 0.016 0.023
2 0.405 0.088 0.005 0.007
2 0.410 0.074 0.008 0.010
2 0.658 0.047 0.004 0.007
2 0.863 0.040 0.023 0.027
2 0.834 0.025 0.010 0.015
2 0.630 0.017 0.007 0.011
2 0.883 0.012 0.043 0.025
2 0.845 0.015 0.021 0.029
2 0.794 0.004 0.007 0.008
2 0.774 0.003 0.018 0.006
1 0.998 0.630 0.004 0.015
1 0.983 0.560 0.035 0.104
1 0.363 0.203 0.010 0.023
1 0.318 0.064 0.031 0.032
1 0.491 0.016 0.021 0.027
1 0.356 0.004 0.007 0.008
0 0.995 0.654 0.009 0.018
0 0.269 0.123 0.014 0.020
0 0.376 0.120 0.010 0.016
0 0.363 0.079 0.007 0.010
0 0.452 0.055 0.014 0.022
0 0.402 0.042 0.009 0.015
