2 0.724 0.771 0.028 0.039
2 0.329 0.754 0.028 0.048
2 0.876 0.742 0.079 0.054
2 0.372 0.689 0.035 0.076
2 0.406 0.652 0.019 0.037
2 0.445 0.630 0.029 0.065
2 0.570 0.565 0.036 0.071
2 0.543 0.509 0.036 0.063
2 0.236 0.480 0.041 0.118
2 0.419 0.321 0.030 0.029
2 0.365 0.240 0.021 0.037
2 0.512 0.192 0.096 0.103
1 0.943 0.999 0.006 0.003
1 0.281 0.998 0.007 0.005
1 0.705 0.996 0.017 0.008
1 0.301 0.996 0.007 0.008
1 0.736 0.995 0.007 0.009
1 0.920 0.988 0.026 0.024
1 0.880 0.985 0.012 0.024
1 0.744 0.970 0.007 0.010
1 0.806 0.978 0.037 0.044
1 0.976 0.969 0.014 0.029
1 0.858 0.960 0.014 0.020
1 0.945 0.962 0.017 0.027
1 0.672 0.952 0.009 0.015
1 0.909 0.960 0.045 0.036
1 0.768 0.943 0.010 0.015
1 0.484 0.928 0.014 0.022
1 0.793 0.917 0.007 0.010
1 0.450 0.912 0.009 0.010
1 0.450 0.897 0.006 0.006
1 0.675 0.902 0.012 0.027
1 0.547 0.912 0.026 0.051
1 0.788 0.892 0.013 0.029
1 0.784 0.872 0.008 0.012
1 0.789 0.851 0.005 0.006
1 0.333 0.902 0.037 0.110
1 0.823 0.898 0.049 0.109
1 0.691 0.847 0.009 0.012
1 0.652 0.841 0.008 0.015
1 0.674 0.840 0.008 0.015
1 0.890 0.874 0.039 0.091
1 0.911 0.816 0.013 0.020
1 0.800 0.802 0.020 0.034
1 0.774 0.782 0.010 0.011
1 0.729 0.847 0.081 0.149
1 0.979 0.790 0.042 0.041
1 0.388 0.777 0.013 0.018
1 0.945 0.772 0.023 0.029
1 0.596 0.736 0.022 0.034
1 0.528 0.727 0.017 0.025
1 0.497 0.717 0.020 0.025
1 0.952 0.710 0.015 0.025
1 0.489 0.682 0.017 0.027
1 0.770 0.635 0.033 0.039
1 0.986 0.618 0.010 0.009
1 0.615 0.617 0.012 0.013
1 0.724 0.608 0.014 0.021
1 0.796 0.604 0.013 0.018
1 0.644 0.586 0.011 0.014
1 0.779 0.586 0.011 0.017
1 0.990 0.585 0.018 0.024
1 0.688 0.601 0.031 0.055
1 0.859 0.574 0.015 0.029
1 0.836 0.565 0.014 0.015
1 0.701 0.547 0.016 0.025
1 0.801 0.547 0.023 0.036
1 0.875 0.537 0.017 0.017
1 0.853 0.535 0.015 0.022
1 0.677 0.531 0.018 0.029
1 0.789 0.510 0.020 0.029
1 0.702 0.506 0.015 0.030
1 0.680 0.487 0.019 0.026
1 0.443 0.472 0.011 0.020
1 0.651 0.464 0.029 0.030
1 0.751 0.443 0.011 0.018
1 0.560 0.407 0.012 0.013
0 0.532 0.998 0.008 0.004
0 0.664 0.992 0.009 0.015
0 0.383 0.989 0.016 0.022
0 0.534 0.970 0.009 0.017
0 0.573 0.940 0.007 0.011
0 0.535 0.919 0.010 0.017
0 0.280 0.917 0.017 0.027
0 0.265 0.882 0.013 0.022
0 0.975 0.853 0.014 0.018
0 0.481 0.836 0.018 0.016
0 0.566 0.835 0.013 0.026
0 0.426 0.794 0.012 0.017
0 0.588 0.704 0.018 0.029
0 0.608 0.671 0.022 0.018
0 0.810 0.644 0.012 0.018
0 0.507 0.600 0.018 0.029
0 0.265 0.431 0.014 0.020
0 0.945 0.142 0.012 0.015
0 0.777 0.053 0.025 0.034
0 0.877 0.043 0.017 0.022
