1 0.401119 0.138167 0.008862 0.015098
1 0.387360 0.069522 0.033116 0.049860
2 0.185751 0.792662 0.006297 0.010183
2 0.196012 0.789853 0.010494 0.010183
2 0.206740 0.775281 0.007229 0.014045
2 0.222481 0.764045 0.010261 0.014747
2 0.145522 0.760885 0.005131 0.010534
2 0.186917 0.759831 0.004897 0.011938
2 0.652402 0.755794 0.006297 0.010183
2 0.154151 0.754389 0.011194 0.012992
2 0.178172 0.749122 0.010261 0.016503
2 0.166744 0.740169 0.006996 0.023174
2 0.343050 0.675562 0.008862 0.015449
2 0.219450 0.622015 0.006996 0.017205
2 0.171409 0.615169 0.007929 0.014045
2 0.157999 0.611131 0.010494 0.017205
2 0.437383 0.600772 0.007696 0.013343
2 0.171758 0.584972 0.005364 0.009129
2 0.158465 0.569347 0.010028 0.012289
2 0.610191 0.531777 0.004897 0.010183
2 0.650886 0.409235 0.004664 0.009480
2 0.168144 0.394312 0.013993 0.021067
2 0.241371 0.351826 0.006063 0.009129
2 0.247201 0.333919 0.008396 0.012640
2 0.439832 0.236657 0.005597 0.008427
2 0.250816 0.189782 0.008629 0.014396
2 0.261660 0.170822 0.012127 0.015098
2 0.406716 0.163272 0.007463 0.011236
2 0.403451 0.143961 0.010261 0.016152
2 0.420243 0.144838 0.012127 0.024930
2 0.420243 0.130091 0.005597 0.011587
2 0.390042 0.126756 0.007696 0.013343
2 0.430154 0.124649 0.004897 0.014045
2 0.428405 0.105688 0.005131 0.008427
2 0.402169 0.108146 0.005364 0.013343
2 0.410331 0.113062 0.016091 0.025983
2 0.416744 0.067767 0.008862 0.011236
2 0.673274 0.051440 0.006530 0.017907
2 0.466884 0.028265 0.004664 0.008778
2 0.590135 0.005267 0.013759 0.009831
