2 0.769 0.591 0.007 0.004
2 0.455 0.451 0.013 0.008
2 0.443 0.446 0.004 0.006
2 0.729 0.435 0.006 0.006
2 0.939 0.417 0.003 0.002
2 0.473 0.416 0.010 0.010
2 0.926 0.399 0.003 0.003
2 0.921 0.399 0.004 0.003
2 0.927 0.394 0.011 0.007
2 0.753 0.391 0.013 0.010
2 0.739 0.385 0.004 0.005
2 0.957 0.382 0.006 0.006
2 0.246 0.369 0.006 0.005
2 0.751 0.357 0.008 0.010
2 0.685 0.347 0.005 0.004
2 0.765 0.347 0.004 0.009
2 0.646 0.340 0.008 0.007
2 0.719 0.338 0.006 0.004
2 0.639 0.334 0.007 0.004
2 0.726 0.346 0.052 0.032
2 0.725 0.332 0.006 0.004
2 0.835 0.332 0.004 0.005
2 0.688 0.331 0.005 0.005
2 0.823 0.328 0.008 0.008
2 0.707 0.330 0.019 0.012
2 0.836 0.326 0.003 0.005
2 0.847 0.325 0.002 0.005
2 0.844 0.323 0.003 0.004
2 0.831 0.307 0.003 0.005
2 0.827 0.308 0.005 0.005
2 0.841 0.313 0.012 0.019
2 0.746 0.255 0.004 0.006
2 0.753 0.253 0.008 0.009
2 0.737 0.232 0.009 0.015
2 0.902 0.203 0.009 0.008
2 0.915 0.201 0.004 0.006
2 0.941 0.195 0.005 0.004
2 0.905 0.196 0.008 0.008
2 0.949 0.192 0.006 0.004
2 0.929 0.192 0.008 0.010
2 0.981 0.188 0.008 0.006
2 0.944 0.188 0.010 0.006
2 0.966 0.185 0.004 0.003
2 0.910 0.182 0.007 0.006
2 0.170 0.178 0.005 0.003
2 0.950 0.174 0.008 0.006
2 0.944 0.172 0.004 0.003
2 0.175 0.173 0.005 0.006
2 0.185 0.163 0.004 0.004
2 0.872 0.138 0.002 0.003
2 0.873 0.134 0.005 0.004
2 0.877 0.118 0.005 0.004
2 0.889 0.109 0.002 0.006
2 0.874 0.108 0.006 0.005
2 0.914 0.104 0.005 0.004
2 0.880 0.103 0.004 0.004
2 0.894 0.110 0.017 0.021
2 0.904 0.097 0.016 0.011
2 0.885 0.093 0.003 0.003
2 0.910 0.087 0.006 0.003
2 0.685 0.078 0.005 0.003
2 0.639 0.075 0.011 0.007
2 0.671 0.073 0.010 0.005
2 0.606 0.073 0.007 0.008
2 0.921 0.070 0.003 0.003
2 0.925 0.069 0.005 0.004
2 0.696 0.072 0.012 0.010
2 0.929 0.068 0.003 0.003
2 0.910 0.068 0.007 0.007
2 0.684 0.069 0.010 0.009
2 0.902 0.066 0.006 0.006
2 1.038 0.067 0.014 0.009
2 0.652 0.064 0.005 0.004
2 0.873 0.062 0.004 0.002
2 0.643 0.062 0.003 0.003
2 0.709 0.063 0.004 0.006
2 0.661 0.063 0.007 0.009
2 0.883 0.059 0.004 0.002
2 0.878 0.059 0.004 0.002
2 0.640 0.059 0.005 0.006
2 0.645 0.057 0.004 0.003
2 0.690 0.057 0.006 0.004
2 0.708 0.056 0.005 0.004
2 0.594 0.056 0.004 0.004
2 0.877 0.055 0.004 0.002
2 0.696 0.058 0.005 0.010
2 0.670 0.059 0.011 0.010
2 0.872 0.054 0.004 0.003
2 0.892 0.057 0.014 0.010
2 0.859 0.055 0.018 0.009
2 0.701 0.052 0.008 0.007
2 0.682 0.049 0.006 0.003
2 0.604 0.045 0.004 0.003
2 0.656 0.044 0.004 0.002
2 0.718 0.049 0.015 0.013
2 0.733 0.045 0.013 0.011
2 0.719 0.040 0.011 0.006
2 0.756 0.037 0.006 0.004
2 0.596 0.033 0.004 0.004
2 0.748 0.030 0.004 0.004
2 0.776 0.030 0.008 0.008
2 0.598 0.023 0.008 0.007
1 0.702 0.457 0.047 0.025
1 0.420 0.431 0.038 0.028
1 0.136 0.411 0.036 0.021
1 0.183 0.408 0.064 0.052
1 0.254 0.361 0.013 0.015
1 0.199 0.369 0.066 0.035
1 0.614 0.308 0.144 0.044
1 1.080 0.240 0.011 0.009
1 0.140 0.236 0.021 0.004
1 0.837 0.223 0.015 0.007
1 0.192 0.211 0.114 0.043
1 0.471 0.193 0.033 0.023
1 0.547 0.147 0.017 0.012
1 0.413 0.135 0.015 0.016
1 0.852 0.103 0.010 0.005
1 0.697 0.112 0.094 0.036
1 1.061 0.099 0.024 0.023
1 1.154 0.109 0.083 0.053
1 0.755 0.090 0.020 0.016
1 0.847 0.085 0.033 0.021
1 0.894 0.069 0.017 0.007
1 1.055 0.053 0.057 0.035
1 0.846 0.037 0.044 0.010
1 0.855 0.025 0.020 0.009
1 0.565 0.021 0.016 0.010
1 0.580 0.017 0.013 0.005
1 0.622 0.014 0.078 0.027
0 0.446 0.625 0.007 0.005
0 0.466 0.485 0.006 0.005
0 0.647 0.403 0.005 0.004
0 0.202 0.381 0.002 0.002
0 0.641 0.349 0.006 0.004
0 0.675 0.338 0.004 0.004
0 0.777 0.312 0.006 0.004
0 0.784 0.310 0.005 0.004
0 0.146 0.267 0.006 0.005
0 0.895 0.222 0.008 0.006
0 0.884 0.221 0.008 0.006
0 0.305 0.163 0.006 0.004
0 0.554 0.157 0.010 0.006
0 0.998 0.144 0.006 0.005
0 0.873 0.098 0.007 0.005
0 0.522 0.095 0.008 0.005
0 0.749 0.078 0.004 0.002
0 1.058 0.075 0.005 0.003
0 0.503 0.069 0.006 0.004
0 0.333 0.064 0.004 0.003
0 0.775 0.065 0.008 0.007
0 0.742 0.058 0.005 0.003
0 0.811 0.056 0.007 0.004
0 0.786 0.052 0.005 0.004
0 0.399 0.046 0.005 0.004
0 0.800 0.042 0.007 0.005
0 0.679 0.041 0.010 0.005
0 0.846 0.006 0.005 0.003
4 0.393 0.302 0.156 0.112
3 0.450 0.630 0.045 0.033
3 0.144 0.399 0.069 0.030
3 0.146 0.368 0.080 0.039
3 0.739 0.106 0.020 0.013
3 0.875 0.075 0.032 0.021
3 1.129 0.088 0.131 0.083
3 0.794 0.019 0.083 0.038
3 0.688 0.019 0.062 0.037
