2 0.957 0.591 0.002 0.002
2 0.973 0.588 0.003 0.002
2 0.933 0.588 0.011 0.005
2 0.391 0.588 0.008 0.005
2 0.976 0.579 0.004 0.002
2 1.019 0.558 0.003 0.002
2 0.715 0.541 0.003 0.003
2 0.330 0.538 0.010 0.005
2 0.722 0.534 0.003 0.002
2 0.994 0.533 0.003 0.002
2 0.763 0.532 0.003 0.003
2 0.698 0.530 0.004 0.004
2 0.814 0.524 0.002 0.001
2 0.745 0.522 0.003 0.002
2 0.722 0.520 0.002 0.002
2 0.788 0.520 0.003 0.005
2 0.792 0.517 0.002 0.003
2 0.701 0.517 0.003 0.002
2 0.807 0.516 0.005 0.004
2 0.619 0.513 0.003 0.003
2 0.730 0.514 0.007 0.006
2 0.793 0.511 0.004 0.003
2 0.701 0.510 0.002 0.002
2 0.753 0.511 0.006 0.005
2 0.738 0.509 0.003 0.002
2 0.618 0.509 0.003 0.002
2 0.673 0.509 0.004 0.002
2 0.790 0.508 0.003 0.002
2 0.692 0.508 0.007 0.003
2 0.839 0.506 0.003 0.002
2 0.832 0.507 0.006 0.006
2 0.767 0.507 0.012 0.007
2 0.694 0.504 0.001 0.001
2 0.728 0.505 0.011 0.005
2 0.799 0.503 0.004 0.004
2 0.612 0.501 0.004 0.001
2 0.731 0.501 0.004 0.002
2 0.641 0.501 0.002 0.003
2 0.741 0.501 0.007 0.003
2 0.637 0.500 0.004 0.003
2 0.616 0.500 0.005 0.003
2 0.703 0.499 0.003 0.003
2 0.698 0.499 0.003 0.002
2 0.851 0.499 0.004 0.003
2 0.720 0.498 0.003 0.003
2 0.797 0.499 0.008 0.006
2 0.702 0.498 0.003 0.003
2 0.795 0.497 0.003 0.002
2 0.764 0.498 0.013 0.006
2 0.688 0.496 0.004 0.003
2 0.778 0.497 0.011 0.005
2 0.577 0.495 0.002 0.002
2 0.657 0.494 0.004 0.002
2 0.771 0.494 0.004 0.002
2 0.597 0.494 0.004 0.003
2 0.800 0.494 0.007 0.004
2 0.892 0.494 0.005 0.005
2 0.591 0.493 0.003 0.003
2 0.719 0.493 0.008 0.005
2 0.581 0.492 0.004 0.003
2 0.739 0.492 0.004 0.003
2 0.794 0.490 0.004 0.001
2 0.733 0.492 0.003 0.004
2 0.685 0.489 0.002 0.002
2 0.693 0.489 0.007 0.004
2 0.682 0.488 0.004 0.002
2 0.786 0.488 0.006 0.004
2 0.825 0.489 0.006 0.007
2 0.680 0.486 0.002 0.001
2 0.764 0.486 0.003 0.002
2 0.778 0.484 0.004 0.002
2 0.759 0.484 0.004 0.003
2 0.875 0.483 0.004 0.002
2 0.619 0.483 0.002 0.002
2 0.723 0.484 0.007 0.003
2 0.754 0.482 0.004 0.003
2 0.839 0.482 0.005 0.003
2 0.715 0.483 0.004 0.003
2 0.790 0.481 0.004 0.002
2 0.803 0.482 0.005 0.005
2 0.653 0.481 0.002 0.002
2 0.667 0.481 0.005 0.002
2 0.745 0.481 0.003 0.003
2 0.627 0.480 0.002 0.001
2 0.726 0.479 0.003 0.002
2 0.788 0.479 0.005 0.002
2 0.825 0.480 0.009 0.006
2 0.796 0.478 0.004 0.002
2 0.834 0.479 0.008 0.004
2 0.729 0.477 0.004 0.003
2 0.735 0.477 0.005 0.002
2 0.748 0.475 0.002 0.002
2 0.698 0.476 0.003 0.003
2 0.764 0.476 0.008 0.005
2 0.703 0.475 0.003 0.002
2 0.776 0.474 0.005 0.003
2 0.807 0.474 0.004 0.004
2 0.792 0.474 0.006 0.003
2 0.721 0.473 0.003 0.002
2 0.770 0.472 0.002 0.002
2 0.596 0.470 0.004 0.003
2 0.734 0.469 0.006 0.003
2 0.798 0.469 0.006 0.004
2 0.607 0.467 0.002 0.001
2 0.806 0.467 0.002 0.002
2 0.860 0.468 0.002 0.004
2 0.563 0.467 0.002 0.002
2 0.710 0.467 0.003 0.002
2 0.810 0.468 0.006 0.007
2 0.860 0.464 0.003 0.002
2 0.722 0.463 0.006 0.003
2 0.835 0.463 0.004 0.003
2 0.700 0.461 0.003 0.002
2 0.764 0.461 0.004 0.003
2 0.692 0.461 0.004 0.006
2 0.567 0.459 0.005 0.002
2 0.542 0.458 0.002 0.002
2 0.722 0.458 0.003 0.002
2 0.695 0.457 0.003 0.002
2 0.872 0.457 0.004 0.003
2 0.844 0.456 0.003 0.002
2 0.826 0.458 0.009 0.007
2 0.885 0.457 0.005 0.005
2 0.737 0.455 0.002 0.002
2 0.506 0.454 0.003 0.003
2 0.922 0.453 0.002 0.002
2 0.853 0.453 0.004 0.003
2 0.791 0.452 0.005 0.004
2 0.908 0.451 0.002 0.002
2 0.516 0.451 0.004 0.003
2 0.834 0.450 0.004 0.003
2 0.771 0.452 0.011 0.007
2 0.797 0.450 0.002 0.003
2 0.960 0.448 0.003 0.002
2 0.542 0.448 0.001 0.001
2 0.634 0.448 0.002 0.002
2 0.832 0.448 0.004 0.001
2 0.714 0.447 0.005 0.003
2 0.795 0.447 0.004 0.003
2 0.784 0.449 0.005 0.007
2 0.661 0.447 0.005 0.004
2 0.925 0.446 0.002 0.002
2 0.742 0.446 0.005 0.003
2 0.930 0.446 0.004 0.003
2 0.325 0.446 0.005 0.003
2 0.802 0.447 0.006 0.008
2 0.877 0.444 0.002 0.002
2 0.518 0.444 0.002 0.002
2 0.929 0.443 0.003 0.002
2 0.498 0.443 0.002 0.001
2 0.526 0.444 0.008 0.006
2 0.749 0.442 0.003 0.002
2 0.730 0.443 0.006 0.004
2 0.619 0.443 0.007 0.004
2 0.595 0.441 0.002 0.002
2 0.511 0.440 0.002 0.002
2 0.629 0.443 0.011 0.008
2 0.555 0.440 0.004 0.002
2 0.540 0.440 0.004 0.003
2 0.481 0.440 0.005 0.002
2 0.787 0.439 0.004 0.002
2 0.642 0.442 0.014 0.008
2 0.607 0.438 0.002 0.002
2 0.902 0.439 0.004 0.005
2 0.611 0.438 0.002 0.002
2 0.870 0.438 0.007 0.003
2 0.581 0.438 0.004 0.003
2 0.566 0.441 0.014 0.009
2 0.551 0.437 0.005 0.002
2 0.616 0.436 0.001 0.001
2 0.737 0.437 0.004 0.003
2 0.493 0.436 0.004 0.002
2 0.758 0.437 0.008 0.006
2 0.728 0.435 0.003 0.003
2 0.625 0.436 0.005 0.004
2 0.792 0.436 0.006 0.004
2 0.886 0.433 0.002 0.002
2 0.906 0.433 0.003 0.002
2 0.488 0.432 0.002 0.002
2 0.744 0.432 0.004 0.003
2 0.646 0.432 0.004 0.003
2 0.634 0.433 0.008 0.006
2 1.041 0.431 0.004 0.002
2 0.762 0.431 0.004 0.003
2 0.749 0.432 0.004 0.003
2 0.714 0.436 0.019 0.012
2 0.587 0.430 0.002 0.005
2 0.885 0.429 0.005 0.003
2 0.723 0.428 0.004 0.002
2 0.745 0.428 0.003 0.002
2 0.519 0.429 0.008 0.006
2 0.552 0.427 0.004 0.002
2 0.654 0.428 0.011 0.006
2 0.900 0.426 0.003 0.002
2 0.536 0.429 0.007 0.010
2 0.636 0.425 0.003 0.003
2 0.586 0.425 0.005 0.005
2 0.916 0.425 0.006 0.004
2 0.903 0.422 0.002 0.002
2 0.882 0.422 0.005 0.002
2 0.980 0.422 0.002 0.002
2 0.880 0.421 0.003 0.002
2 0.892 0.420 0.002 0.001
2 0.876 0.420 0.002 0.002
2 0.924 0.420 0.003 0.002
2 0.525 0.420 0.006 0.003
2 0.978 0.419 0.002 0.002
2 0.953 0.418 0.004 0.002
2 0.949 0.418 0.004 0.002
2 0.933 0.418 0.002 0.002
2 0.622 0.419 0.008 0.005
2 0.910 0.417 0.004 0.002
2 0.880 0.416 0.003 0.002
2 0.896 0.417 0.004 0.005
2 0.907 0.414 0.003 0.002
2 0.883 0.413 0.003 0.001
2 0.906 0.412 0.003 0.002
2 0.948 0.412 0.003 0.002
2 0.898 0.412 0.002 0.002
2 0.777 0.413 0.004 0.003
2 0.877 0.412 0.004 0.003
2 0.745 0.411 0.003 0.003
2 0.942 0.407 0.003 0.002
2 0.887 0.407 0.003 0.003
2 0.902 0.405 0.002 0.002
2 0.856 0.404 0.002 0.002
2 0.915 0.404 0.004 0.003
2 0.953 0.404 0.004 0.002
2 0.753 0.402 0.002 0.002
2 0.855 0.401 0.002 0.002
2 0.523 0.396 0.006 0.004
2 0.766 0.394 0.002 0.002
2 0.564 0.388 0.001 0.001
2 0.868 0.385 0.012 0.005
2 0.541 0.382 0.002 0.002
2 0.885 0.380 0.004 0.004
2 0.837 0.379 0.004 0.003
2 0.894 0.380 0.007 0.006
2 0.874 0.379 0.009 0.005
2 0.519 0.379 0.008 0.007
2 0.866 0.378 0.009 0.005
2 0.831 0.378 0.004 0.004
2 0.180 0.377 0.006 0.005
2 0.847 0.373 0.003 0.001
2 0.833 0.373 0.005 0.003
2 0.876 0.369 0.002 0.003
2 0.933 0.369 0.010 0.007
2 0.880 0.366 0.005 0.006
2 0.833 0.364 0.003 0.001
2 0.932 0.363 0.002 0.002
2 0.916 0.363 0.002 0.002
2 0.821 0.364 0.009 0.006
2 0.949 0.364 0.007 0.008
2 0.828 0.361 0.002 0.002
2 0.862 0.363 0.017 0.016
2 0.754 0.355 0.002 0.002
2 0.840 0.354 0.001 0.001
2 0.942 0.349 0.002 0.001
2 0.777 0.349 0.002 0.002
2 0.912 0.348 0.004 0.003
2 0.874 0.347 0.001 0.001
2 0.939 0.346 0.002 0.002
2 0.945 0.345 0.003 0.002
2 0.798 0.343 0.011 0.009
2 0.842 0.340 0.004 0.005
2 0.934 0.338 0.006 0.004
2 0.837 0.334 0.003 0.002
2 0.946 0.334 0.003 0.002
2 0.811 0.333 0.002 0.001
2 0.943 0.333 0.002 0.001
2 0.828 0.333 0.004 0.003
2 0.900 0.330 0.002 0.002
2 0.948 0.330 0.004 0.003
2 0.954 0.329 0.003 0.002
2 0.181 0.329 0.003 0.003
2 0.823 0.328 0.005 0.003
2 0.724 0.326 0.002 0.001
2 0.759 0.323 0.001 0.001
2 0.810 0.323 0.002 0.002
2 0.835 0.323 0.003 0.002
2 0.825 0.323 0.002 0.002
2 0.814 0.326 0.011 0.011
2 0.932 0.321 0.003 0.002
2 0.144 0.321 0.003 0.002
2 0.522 0.319 0.003 0.003
2 0.806 0.318 0.003 0.003
2 0.851 0.318 0.003 0.003
2 0.799 0.317 0.003 0.002
2 0.814 0.316 0.003 0.002
2 0.910 0.315 0.004 0.005
2 0.760 0.311 0.001 0.001
2 0.562 0.305 0.009 0.005
2 0.172 0.302 0.004 0.003
2 0.960 0.301 0.002 0.002
2 0.847 0.301 0.003 0.002
2 0.518 0.303 0.003 0.006
2 0.523 0.302 0.007 0.007
2 0.791 0.299 0.003 0.002
2 0.548 0.299 0.006 0.004
2 0.782 0.297 0.004 0.002
2 0.939 0.298 0.005 0.005
2 0.878 0.294 0.004 0.002
2 0.541 0.292 0.003 0.002
2 0.572 0.291 0.003 0.002
2 0.528 0.293 0.005 0.007
2 0.561 0.287 0.004 0.002
2 0.777 0.289 0.014 0.008
2 1.124 0.286 0.004 0.003
2 0.923 0.286 0.005 0.004
2 0.724 0.286 0.006 0.005
2 0.782 0.285 0.003 0.003
2 0.608 0.281 0.003 0.002
2 0.694 0.280 0.002 0.001
2 0.771 0.281 0.004 0.003
2 0.730 0.280 0.007 0.003
2 0.876 0.279 0.002 0.001
2 0.990 0.277 0.003 0.002
2 0.714 0.276 0.002 0.003
2 0.579 0.274 0.004 0.002
2 0.583 0.272 0.004 0.002
2 0.867 0.272 0.008 0.004
2 0.559 0.270 0.003 0.002
2 0.608 0.268 0.004 0.003
2 0.930 0.265 0.005 0.003
2 0.751 0.266 0.005 0.004
2 0.577 0.265 0.009 0.007
2 0.726 0.262 0.004 0.003
2 0.927 0.261 0.004 0.003
2 0.708 0.261 0.005 0.004
2 0.760 0.259 0.003 0.002
2 0.608 0.258 0.002 0.001
2 0.647 0.259 0.004 0.006
2 0.902 0.257 0.005 0.003
2 0.702 0.255 0.003 0.002
2 0.659 0.256 0.014 0.005
2 0.627 0.254 0.002 0.003
2 0.914 0.255 0.006 0.004
2 0.748 0.254 0.006 0.004
2 0.995 0.256 0.008 0.009
2 0.735 0.251 0.008 0.003
2 0.880 0.253 0.007 0.008
2 0.886 0.247 0.005 0.003
2 0.639 0.250 0.014 0.009
2 0.653 0.246 0.004 0.003
2 0.997 0.243 0.002 0.001
2 0.561 0.244 0.002 0.002
2 0.648 0.244 0.003 0.003
2 0.703 0.242 0.003 0.002
2 0.822 0.241 0.006 0.003
2 0.899 0.243 0.006 0.007
2 0.889 0.241 0.004 0.005
2 0.637 0.238 0.002 0.002
2 0.718 0.237 0.004 0.002
2 0.986 0.236 0.005 0.002
2 0.624 0.236 0.004 0.003
2 0.653 0.235 0.003 0.003
2 0.713 0.235 0.005 0.002
2 0.897 0.236 0.005 0.006
2 0.720 0.233 0.002 0.005
2 0.990 0.231 0.003 0.002
2 0.652 0.231 0.002 0.002
2 0.996 0.230 0.003 0.002
2 0.695 0.229 0.003 0.002
2 0.750 0.232 0.010 0.010
2 0.700 0.227 0.003 0.002
2 0.659 0.223 0.004 0.002
2 0.665 0.224 0.005 0.006
2 0.707 0.220 0.002 0.002
2 0.772 0.216 0.003 0.002
2 0.773 0.213 0.003 0.002
2 0.892 0.214 0.006 0.006
2 0.638 0.213 0.007 0.004
2 0.752 0.208 0.008 0.004
2 0.720 0.206 0.006 0.003
2 1.007 0.201 0.001 0.001
2 0.679 0.200 0.003 0.002
2 1.005 0.199 0.004 0.003
2 1.021 0.190 0.004 0.003
2 0.946 0.188 0.002 0.002
2 0.704 0.186 0.005 0.004
2 0.791 0.184 0.003 0.002
2 0.710 0.175 0.002 0.003
2 0.717 0.170 0.003 0.003
2 0.697 0.169 0.003 0.002
2 0.717 0.166 0.002 0.001
2 0.738 0.164 0.003 0.002
2 0.723 0.161 0.004 0.003
2 0.743 0.152 0.004 0.003
2 0.732 0.149 0.004 0.003
2 0.743 0.146 0.004 0.003
2 0.733 0.146 0.005 0.004
2 0.737 0.145 0.004 0.004
2 0.749 0.143 0.002 0.003
2 0.735 0.141 0.005 0.003
2 0.725 0.144 0.010 0.008
2 0.743 0.138 0.006 0.005
2 0.392 0.112 0.011 0.006
1 0.813 0.634 0.014 0.005
1 1.016 0.637 0.020 0.012
1 0.827 0.613 0.005 0.007
1 0.986 0.618 0.037 0.027
1 0.426 0.607 0.021 0.016
1 0.818 0.602 0.007 0.008
1 0.793 0.595 0.020 0.011
1 0.978 0.552 0.028 0.013
1 0.750 0.548 0.020 0.006
1 0.678 0.536 0.014 0.006
1 0.244 0.542 0.017 0.023
1 0.855 0.519 0.012 0.005
1 0.290 0.518 0.005 0.005
1 0.745 0.516 0.012 0.004
1 0.218 0.525 0.028 0.025
1 0.689 0.512 0.015 0.004
1 0.739 0.511 0.009 0.004
1 0.741 0.504 0.017 0.007
1 0.671 0.501 0.013 0.007
1 0.278 0.499 0.007 0.007
1 0.645 0.496 0.023 0.006
1 0.265 0.499 0.008 0.017
1 1.187 0.480 0.012 0.007
1 0.654 0.475 0.014 0.008
1 1.222 0.474 0.012 0.009
1 0.305 0.474 0.008 0.010
1 1.106 0.469 0.011 0.010
1 0.749 0.467 0.014 0.007
1 0.549 0.471 0.078 0.038
1 1.151 0.452 0.004 0.006
1 0.251 0.470 0.085 0.053
1 0.236 0.444 0.083 0.030
1 1.131 0.422 0.016 0.007
1 1.218 0.419 0.018 0.009
1 1.268 0.406 0.014 0.011
1 1.194 0.404 0.011 0.007
1 1.010 0.396 0.009 0.010
1 1.173 0.393 0.007 0.008
1 1.255 0.380 0.015 0.007
1 1.024 0.382 0.018 0.011
1 1.198 0.386 0.028 0.026
1 0.550 0.369 0.027 0.006
1 0.538 0.361 0.033 0.007
1 1.188 0.356 0.015 0.013
1 1.222 0.351 0.011 0.009
1 1.030 0.347 0.019 0.008
1 0.600 0.347 0.041 0.009
1 1.121 0.347 0.017 0.011
1 0.691 0.341 0.012 0.007
1 0.847 0.340 0.009 0.008
1 0.133 0.344 0.053 0.026
1 0.533 0.342 0.048 0.025
1 1.172 0.326 0.016 0.014
1 0.189 0.325 0.014 0.015
1 0.279 0.334 0.042 0.035
1 1.187 0.318 0.017 0.013
1 0.117 0.315 0.029 0.017
1 0.744 0.302 0.010 0.004
1 1.146 0.309 0.044 0.030
1 1.213 0.296 0.014 0.008
1 0.834 0.296 0.011 0.010
1 0.898 0.306 0.018 0.031
1 1.023 0.292 0.015 0.018
1 0.950 0.270 0.013 0.008
1 0.799 0.258 0.017 0.003
1 0.777 0.258 0.013 0.005
1 0.964 0.250 0.008 0.009
1 1.043 0.252 0.019 0.016
1 0.164 0.249 0.024 0.011
1 1.152 0.247 0.013 0.012
1 0.871 0.242 0.019 0.010
1 0.938 0.248 0.038 0.025
1 0.262 0.242 0.023 0.016
1 0.857 0.232 0.015 0.008
1 0.969 0.232 0.012 0.010
1 0.228 0.227 0.018 0.008
1 0.179 0.228 0.054 0.017
1 0.870 0.220 0.027 0.017
1 0.977 0.208 0.014 0.009
1 0.816 0.205 0.026 0.008
1 0.704 0.213 0.059 0.026
1 0.992 0.202 0.012 0.011
1 0.958 0.198 0.014 0.009
1 0.927 0.194 0.013 0.004
1 0.691 0.193 0.008 0.005
1 1.142 0.194 0.011 0.007
1 0.816 0.193 0.009 0.013
1 0.971 0.188 0.011 0.009
1 0.851 0.194 0.038 0.024
1 0.835 0.184 0.019 0.015
1 0.177 0.187 0.029 0.026
1 0.827 0.174 0.024 0.013
1 1.234 0.165 0.016 0.008
1 0.217 0.173 0.033 0.031
1 0.896 0.172 0.053 0.035
1 1.012 0.159 0.035 0.022
1 0.347 0.150 0.015 0.013
1 0.785 0.142 0.012 0.008
1 1.105 0.147 0.027 0.023
1 1.089 0.126 0.017 0.011
1 0.874 0.132 0.076 0.029
1 1.149 0.118 0.042 0.014
1 0.964 0.082 0.115 0.043
1 1.097 0.057 0.011 0.007
1 0.619 0.024 0.032 0.020
1 0.545 0.025 0.047 0.026
0 1.017 0.652 0.005 0.003
0 0.776 0.628 0.006 0.004
0 0.800 0.622 0.008 0.005
0 0.964 0.614 0.007 0.005
0 0.809 0.609 0.008 0.005
0 0.748 0.607 0.011 0.007
0 0.845 0.599 0.005 0.004
0 0.978 0.594 0.005 0.004
0 0.886 0.591 0.006 0.004
0 0.699 0.551 0.007 0.005
0 0.684 0.543 0.004 0.003
0 0.703 0.540 0.004 0.003
0 0.295 0.538 0.005 0.003
0 0.700 0.535 0.005 0.003
0 0.655 0.520 0.012 0.009
0 1.029 0.511 0.006 0.004
0 0.426 0.508 0.008 0.005
0 0.673 0.487 0.008 0.005
0 0.316 0.487 0.006 0.004
0 0.621 0.487 0.008 0.006
0 0.318 0.483 0.006 0.004
0 1.132 0.480 0.004 0.003
0 0.639 0.481 0.009 0.006
0 1.198 0.479 0.006 0.004
0 0.869 0.478 0.006 0.004
0 1.156 0.475 0.004 0.003
0 0.748 0.472 0.007 0.004
0 0.588 0.470 0.007 0.007
0 0.581 0.467 0.007 0.006
0 1.143 0.459 0.008 0.005
0 0.535 0.457 0.001 0.001
0 0.974 0.457 0.008 0.005
0 1.106 0.445 0.005 0.003
0 1.067 0.437 0.008 0.006
0 1.104 0.435 0.005 0.003
0 0.736 0.430 0.009 0.004
0 1.152 0.426 0.005 0.003
0 0.608 0.421 0.004 0.003
0 1.085 0.420 0.005 0.003
0 1.179 0.408 0.006 0.004
0 1.131 0.406 0.010 0.006
0 1.241 0.403 0.006 0.005
0 1.163 0.400 0.006 0.005
0 0.600 0.398 0.004 0.003
0 0.928 0.394 0.005 0.003
0 1.218 0.391 0.008 0.006
0 1.163 0.387 0.007 0.004
0 0.905 0.382 0.006 0.004
0 1.147 0.372 0.008 0.007
0 1.103 0.363 0.004 0.003
0 1.098 0.362 0.004 0.003
0 0.116 0.361 0.008 0.005
0 1.138 0.360 0.006 0.005
0 1.096 0.358 0.005 0.003
0 0.637 0.357 0.004 0.003
0 0.585 0.354 0.005 0.003
0 0.753 0.342 0.004 0.002
0 0.630 0.335 0.004 0.002
0 1.206 0.334 0.009 0.006
0 0.608 0.330 0.005 0.003
0 0.914 0.327 0.008 0.005
0 1.243 0.312 0.006 0.004
0 0.771 0.312 0.010 0.006
0 1.257 0.305 0.006 0.003
0 0.815 0.306 0.008 0.006
0 0.769 0.303 0.009 0.005
0 1.065 0.302 0.006 0.003
0 1.222 0.301 0.006 0.004
0 0.754 0.300 0.004 0.003
0 0.981 0.304 0.015 0.010
0 1.193 0.300 0.008 0.006
0 0.763 0.297 0.005 0.004
0 0.729 0.295 0.005 0.004
0 0.803 0.292 0.004 0.002
0 0.642 0.283 0.006 0.003
0 0.977 0.278 0.007 0.004
0 0.870 0.274 0.005 0.003
0 0.509 0.271 0.005 0.003
0 0.991 0.269 0.008 0.006
0 0.696 0.267 0.006 0.004
0 0.776 0.266 0.007 0.005
0 1.070 0.264 0.007 0.004
0 0.695 0.263 0.007 0.004
0 0.685 0.262 0.005 0.003
0 1.241 0.261 0.006 0.004
0 1.281 0.260 0.005 0.004
0 0.685 0.257 0.004 0.002
0 0.969 0.253 0.003 0.002
0 1.225 0.252 0.006 0.005
0 1.279 0.248 0.006 0.004
0 0.854 0.246 0.010 0.006
0 0.601 0.243 0.007 0.005
0 0.588 0.242 0.006 0.004
0 1.011 0.239 0.005 0.003
0 0.843 0.236 0.008 0.002
0 0.695 0.236 0.004 0.003
0 0.606 0.237 0.007 0.005
0 1.071 0.232 0.006 0.003
0 1.239 0.232 0.006 0.004
0 0.893 0.225 0.005 0.003
0 0.799 0.220 0.007 0.005
0 0.923 0.205 0.008 0.005
0 0.236 0.200 0.007 0.005
0 0.774 0.199 0.004 0.003
0 0.781 0.199 0.005 0.003
0 1.137 0.199 0.006 0.004
0 0.936 0.196 0.005 0.003
0 1.007 0.194 0.009 0.006
0 0.987 0.186 0.006 0.003
0 0.619 0.182 0.004 0.003
0 1.067 0.169 0.007 0.004
0 0.945 0.168 0.006 0.004
0 1.157 0.164 0.006 0.003
0 0.772 0.163 0.008 0.005
0 0.790 0.162 0.007 0.004
0 0.707 0.154 0.006 0.003
0 1.121 0.137 0.011 0.007
0 1.001 0.133 0.004 0.003
0 0.716 0.134 0.008 0.005
0 1.192 0.130 0.003 0.003
0 0.717 0.128 0.007 0.004
0 0.699 0.123 0.006 0.003
0 0.731 0.111 0.010 0.006
0 0.910 0.101 0.007 0.005
0 0.603 0.099 0.006 0.004
0 1.106 0.054 0.006 0.004
4 0.391 0.342 0.182 0.134
3 0.223 0.559 0.028 0.024
