2 0.344 0.998 0.006 0.004
2 0.297 0.992 0.009 0.015
2 0.221 0.946 0.019 0.029
2 0.466 0.952 0.070 0.056
2 0.508 0.920 0.035 0.057
2 0.410 0.880 0.014 0.025
2 0.360 0.884 0.053 0.082
2 0.392 0.846 0.028 0.039
2 0.325 0.830 0.022 0.041
2 0.648 0.841 0.047 0.074
2 0.422 0.803 0.015 0.020
2 0.059 0.771 0.056 0.048
2 0.272 0.757 0.018 0.024
2 0.309 0.746 0.057 0.081
2 0.387 0.617 0.020 0.027
2 0.360 0.581 0.052 0.136
2 0.287 0.487 0.021 0.022
2 0.235 0.426 0.035 0.029
2 0.226 0.370 0.020 0.018
1 0.122 0.999 0.005 0.001
1 0.017 0.997 0.005 0.006
1 0.002 0.997 0.004 0.006
1 0.101 0.992 0.005 0.008
1 0.009 0.988 0.010 0.014
1 0.000 0.979 0.000 0.008
1 0.016 0.959 0.004 0.008
1 0.499 0.952 0.009 0.013
1 0.120 0.943 0.012 0.020
1 0.095 0.936 0.005 0.009
1 0.034 0.934 0.007 0.008
1 0.108 0.935 0.005 0.011
1 0.064 0.937 0.008 0.020
1 0.015 0.920 0.005 0.009
1 0.000 0.918 0.001 0.009
1 0.070 0.914 0.011 0.015
1 0.099 0.904 0.004 0.007
1 0.106 0.906 0.006 0.015
1 0.041 0.909 0.019 0.035
1 0.022 0.901 0.015 0.026
1 0.575 0.886 0.004 0.005
1 0.107 0.883 0.006 0.013
1 0.504 0.553 0.006 0.008
0 0.315 0.995 0.010 0.011
0 0.405 0.988 0.007 0.011
0 0.388 0.989 0.008 0.013
0 0.358 0.985 0.011 0.016
0 0.424 0.980 0.008 0.015
0 0.285 0.980 0.011 0.018
0 0.548 0.970 0.008 0.011
0 0.267 0.964 0.011 0.015
0 0.379 0.953 0.009 0.013
0 0.432 0.947 0.005 0.008
0 0.332 0.945 0.007 0.011
0 0.392 0.935 0.008 0.013
0 0.260 0.935 0.009 0.018
0 0.319 0.927 0.007 0.009
0 0.273 0.926 0.007 0.009
0 0.343 0.912 0.007 0.009
0 0.637 0.912 0.007 0.012
0 0.232 0.911 0.008 0.014
0 0.409 0.910 0.012 0.017
0 0.304 0.907 0.006 0.010
0 0.328 0.901 0.006 0.008
0 0.298 0.902 0.007 0.010
0 0.431 0.885 0.010 0.013
0 0.383 0.875 0.012 0.016
0 0.412 0.854 0.009 0.013
0 0.403 0.842 0.009 0.011
0 0.436 0.838 0.007 0.012
0 0.410 0.834 0.007 0.009
0 0.403 0.827 0.007 0.010
0 0.458 0.816 0.007 0.011
0 0.379 0.816 0.010 0.014
0 0.346 0.773 0.005 0.008
0 0.385 0.766 0.005 0.007
0 0.202 0.754 0.008 0.011
0 0.438 0.736 0.007 0.010
0 0.351 0.704 0.007 0.011
0 0.402 0.674 0.006 0.008
0 0.306 0.587 0.004 0.006
0 0.323 0.536 0.006 0.010
0 0.245 0.499 0.005 0.006
0 0.273 0.495 0.007 0.009
0 0.306 0.492 0.005 0.007
0 0.222 0.487 0.005 0.008
0 0.264 0.447 0.006 0.007
0 0.250 0.404 0.008 0.011
0 0.259 0.391 0.003 0.005
0 0.248 0.388 0.011 0.014
0 0.444 0.310 0.007 0.011
0 0.415 0.307 0.005 0.006
0 0.455 0.298 0.009 0.011
0 0.195 0.127 0.006 0.009
0 0.196 0.079 0.007 0.012
0 0.342 0.075 0.006 0.010
0 0.309 0.017 0.011 0.016
