2 0.376 0.948 0.012 0.013
2 0.374 0.925 0.032 0.020
2 0.409 0.895 0.015 0.015
2 0.047 0.134 0.016 0.025
2 0.057 0.111 0.014 0.017
2 0.042 0.099 0.011 0.011
2 0.090 0.095 0.006 0.010
2 0.111 0.074 0.005 0.008
2 0.037 0.075 0.020 0.020
2 0.103 0.053 0.005 0.007
1 0.005 0.629 0.011 0.012
1 0.011 0.550 0.021 0.071
1 0.054 0.322 0.042 0.037
0 0.114 0.693 0.014 0.020
0 0.001 0.654 0.002 0.014
0 0.151 0.491 0.006 0.008
0 0.144 0.471 0.007 0.011
0 0.118 0.357 0.009 0.013
0 0.151 0.340 0.005 0.007
0 0.230 0.152 0.006 0.009
0 0.236 0.129 0.008 0.010
0 0.145 0.042 0.006 0.007
0 0.143 0.030 0.005 0.008
0 0.113 0.013 0.007 0.011
0 0.144 0.007 0.011 0.015
4 0.379 0.162 0.217 0.324
3 0.301 0.800 0.056 0.047
