2 0.192 0.510 0.007 0.006
2 0.190 0.504 0.006 0.005
2 0.176 0.500 0.006 0.003
2 0.525 0.421 0.007 0.005
2 0.502 0.412 0.005 0.003
2 0.517 0.409 0.006 0.005
2 0.504 0.401 0.006 0.005
2 0.536 0.395 0.009 0.007
2 0.538 0.382 0.008 0.003
2 0.515 0.377 0.011 0.004
2 0.491 0.375 0.034 0.010
2 0.507 0.368 0.005 0.003
2 0.312 0.294 0.012 0.010
2 0.301 0.289 0.006 0.003
2 0.233 0.289 0.025 0.015
2 0.214 0.282 0.013 0.008
2 0.196 0.278 0.008 0.003
2 0.285 0.278 0.009 0.006
2 0.232 0.277 0.004 0.003
2 0.187 0.278 0.005 0.005
2 0.265 0.274 0.005 0.002
2 0.178 0.278 0.020 0.014
2 0.223 0.271 0.004 0.002
2 0.274 0.273 0.008 0.006
2 0.209 0.260 0.016 0.010
2 0.766 0.254 0.006 0.004
2 0.746 0.257 0.011 0.010
2 0.233 0.255 0.011 0.006
2 0.179 0.256 0.020 0.011
2 0.256 0.261 0.034 0.024
2 0.280 0.249 0.003 0.002
2 0.274 0.249 0.008 0.005
2 0.285 0.245 0.006 0.007
2 0.170 0.238 0.009 0.004
2 0.744 0.238 0.011 0.009
2 0.207 0.237 0.010 0.008
2 0.223 0.235 0.014 0.012
2 0.767 0.228 0.007 0.003
2 0.245 0.230 0.007 0.007
2 0.812 0.220 0.008 0.007
2 0.752 0.211 0.018 0.015
2 0.919 0.178 0.009 0.006
2 0.908 0.179 0.012 0.011
2 0.208 0.148 0.003 0.003
2 0.267 0.135 0.004 0.004
2 0.258 0.126 0.004 0.003
2 0.732 0.091 0.004 0.002
2 0.231 0.091 0.009 0.006
2 0.719 0.089 0.008 0.008
2 0.713 0.088 0.007 0.007
2 0.611 0.080 0.004 0.003
2 0.607 0.070 0.005 0.003
2 0.597 0.062 0.008 0.006
2 0.672 0.052 0.019 0.009
2 0.693 0.050 0.013 0.007
2 0.654 0.044 0.008 0.006
2 0.548 0.041 0.006 0.003
2 0.535 0.037 0.010 0.005
2 0.611 0.034 0.007 0.005
2 0.598 0.032 0.007 0.003
2 0.587 0.031 0.005 0.007
2 0.535 0.029 0.003 0.002
2 0.552 0.030 0.008 0.005
2 0.571 0.026 0.004 0.002
2 0.547 0.022 0.005 0.002
2 0.503 0.021 0.007 0.004
2 0.529 0.019 0.006 0.008
2 0.661 0.013 0.009 0.008
2 0.629 0.007 0.007 0.006
1 0.586 0.606 0.042 0.028
1 0.997 0.615 0.162 0.046
1 0.878 0.489 0.015 0.009
1 1.170 0.452 0.039 0.025
1 1.243 0.365 0.020 0.017
1 1.217 0.344 0.018 0.008
1 0.527 0.337 0.016 0.006
1 0.953 0.039 0.020 0.018
1 0.422 0.026 0.006 0.007
0 1.056 0.518 0.006 0.003
0 1.066 0.502 0.006 0.004
0 0.234 0.383 0.008 0.006
0 0.172 0.368 0.006 0.004
0 0.816 0.320 0.007 0.004
0 0.208 0.313 0.006 0.005
0 1.267 0.298 0.009 0.005
0 0.186 0.216 0.004 0.003
0 0.647 0.171 0.008 0.006
0 0.465 0.129 0.008 0.005
0 1.021 0.064 0.007 0.006
0 1.038 0.056 0.004 0.003
0 0.751 0.042 0.005 0.003
4 0.955 0.281 0.216 0.154
3 0.996 0.030 0.076 0.049
