2 0.460 0.490 0.005 0.003
2 0.465 0.487 0.004 0.002
2 0.468 0.484 0.002 0.001
2 0.472 0.483 0.004 0.003
2 0.468 0.482 0.004 0.003
2 0.469 0.479 0.004 0.003
2 0.470 0.474 0.003 0.002
2 0.245 0.456 0.005 0.003
2 0.463 0.451 0.004 0.002
2 0.464 0.448 0.003 0.001
2 0.479 0.423 0.005 0.002
2 0.509 0.422 0.005 0.003
2 0.490 0.411 0.004 0.002
2 0.493 0.400 0.004 0.002
2 0.497 0.394 0.005 0.002
2 0.428 0.365 0.004 0.002
2 0.434 0.363 0.004 0.003
2 0.431 0.361 0.003 0.002
2 0.472 0.359 0.003 0.002
2 0.439 0.358 0.002 0.001
2 0.453 0.354 0.005 0.005
2 0.705 0.246 0.004 0.004
2 0.698 0.242 0.011 0.002
2 0.674 0.242 0.008 0.004
2 0.709 0.239 0.002 0.002
2 0.692 0.231 0.003 0.002
2 0.745 0.197 0.006 0.005
2 0.676 0.142 0.003 0.002
2 0.676 0.136 0.004 0.004
2 0.667 0.131 0.005 0.005
2 0.650 0.130 0.004 0.003
2 0.693 0.126 0.009 0.005
2 0.674 0.122 0.006 0.006
2 0.662 0.116 0.004 0.003
2 0.654 0.114 0.004 0.003
2 0.700 0.111 0.006 0.003
2 0.686 0.111 0.006 0.006
2 0.675 0.113 0.009 0.010
2 0.705 0.109 0.002 0.002
2 0.690 0.106 0.003 0.002
2 0.662 0.106 0.005 0.006
2 0.690 0.039 0.002 0.002
2 0.663 0.033 0.003 0.002
1 0.453 0.650 0.019 0.006
1 0.279 0.572 0.030 0.017
1 1.152 0.571 0.068 0.048
1 0.704 0.454 0.081 0.030
1 0.334 0.391 0.007 0.006
1 0.253 0.346 0.018 0.009
1 1.283 0.346 0.024 0.024
1 0.316 0.334 0.009 0.007
1 0.595 0.321 0.017 0.014
1 0.676 0.081 0.051 0.010
0 0.705 0.572 0.007 0.004
0 0.685 0.560 0.005 0.004
0 0.571 0.553 0.003 0.002
0 0.331 0.544 0.007 0.006
0 0.450 0.540 0.004 0.003
0 0.456 0.506 0.007 0.005
0 0.323 0.484 0.008 0.005
0 0.491 0.456 0.007 0.004
0 0.465 0.454 0.006 0.004
0 0.293 0.424 0.004 0.002
0 0.297 0.421 0.005 0.003
0 0.466 0.411 0.005 0.004
0 0.376 0.367 0.004 0.003
0 0.407 0.364 0.005 0.003
0 0.375 0.361 0.005 0.003
0 0.416 0.356 0.005 0.003
0 0.232 0.355 0.005 0.003
0 0.735 0.346 0.005 0.003
0 0.863 0.343 0.007 0.004
0 0.382 0.335 0.004 0.002
0 0.185 0.319 0.005 0.003
0 0.607 0.317 0.008 0.006
0 0.542 0.290 0.005 0.003
0 0.542 0.220 0.006 0.004
0 0.553 0.208 0.006 0.004
0 0.652 0.179 0.007 0.005
0 0.743 0.170 0.005 0.003
0 0.652 0.170 0.006 0.004
0 0.501 0.168 0.005 0.003
0 0.736 0.168 0.007 0.004
0 0.731 0.163 0.005 0.003
0 0.503 0.161 0.005 0.003
0 0.730 0.160 0.004 0.003
0 0.662 0.160 0.009 0.005
0 0.748 0.152 0.007 0.004
0 0.473 0.131 0.012 0.007
0 0.528 0.093 0.008 0.005
0 0.610 0.089 0.007 0.003
0 0.485 0.087 0.004 0.002
0 0.500 0.085 0.004 0.002
0 0.516 0.078 0.007 0.004
0 0.556 0.072 0.003 0.002
0 0.660 0.066 0.005 0.003
4 1.021 0.349 0.178 0.124
