1 0.375 0.997 0.005 0.006
1 0.315 0.993 0.014 0.014
1 0.361 0.992 0.017 0.015
1 0.128 0.989 0.008 0.011
1 0.375 0.986 0.006 0.008
1 0.464 0.983 0.006 0.011
1 0.304 0.978 0.006 0.010
1 0.423 0.970 0.006 0.007
1 0.151 0.958 0.005 0.007
1 0.248 0.958 0.009 0.013
1 0.309 0.957 0.015 0.014
1 0.072 0.958 0.023 0.040
1 0.357 0.962 0.029 0.053
1 0.283 0.935 0.006 0.008
1 0.213 0.937 0.012 0.011
1 0.484 0.933 0.006 0.008
1 0.091 0.937 0.012 0.018
1 0.249 0.930 0.007 0.008
1 0.319 0.939 0.021 0.026
1 0.071 0.933 0.008 0.015
1 0.050 0.933 0.017 0.020
1 0.305 0.930 0.019 0.029
1 0.271 0.920 0.011 0.012
1 0.490 0.919 0.006 0.010
1 0.292 0.916 0.007 0.008
1 0.345 0.904 0.007 0.011
1 0.363 0.902 0.008 0.013
1 0.164 0.905 0.014 0.022
1 0.305 0.903 0.014 0.021
1 0.290 0.896 0.006 0.010
1 0.694 0.894 0.007 0.012
1 0.053 0.898 0.010 0.022
1 0.260 0.898 0.016 0.027
1 0.338 0.884 0.011 0.012
1 0.239 0.880 0.007 0.006
1 0.347 0.876 0.007 0.011
1 0.670 0.894 0.015 0.048
1 0.285 0.880 0.019 0.022
1 0.227 0.873 0.014 0.011
1 0.109 0.877 0.014 0.029
1 0.270 0.864 0.007 0.011
1 0.282 0.866 0.013 0.015
1 0.450 0.861 0.013 0.023
1 0.251 0.865 0.021 0.037
1 0.281 0.851 0.015 0.012
1 0.052 0.851 0.016 0.019
1 0.576 0.832 0.006 0.009
1 0.476 0.826 0.004 0.007
1 0.434 0.814 0.008 0.014
1 0.097 0.819 0.008 0.028
1 0.344 0.807 0.009 0.018
1 0.218 0.786 0.017 0.020
1 0.181 0.801 0.071 0.127
1 0.270 0.728 0.005 0.008
1 0.103 0.719 0.011 0.014
1 0.267 0.694 0.005 0.007
1 0.092 0.700 0.019 0.029
1 0.097 0.672 0.009 0.018
1 0.121 0.665 0.006 0.011
1 0.484 0.476 0.002 0.003
