2 0.919 0.900 0.012 0.021
2 0.356 0.701 0.013 0.019
2 0.323 0.647 0.050 0.090
2 0.338 0.304 0.022 0.033
2 0.296 0.137 0.025 0.044
1 0.801 0.888 0.003 0.006
1 0.929 0.832 0.005 0.012
1 0.919 0.797 0.005 0.007
1 0.937 0.697 0.007 0.014
1 0.947 0.690 0.013 0.013
1 0.895 0.683 0.006 0.008
1 0.910 0.689 0.020 0.022
1 0.549 0.678 0.005 0.007
1 0.865 0.660 0.006 0.009
1 0.914 0.646 0.009 0.013
1 0.891 0.643 0.011 0.016
1 0.933 0.645 0.008 0.022
1 0.973 0.631 0.005 0.009
1 0.870 0.629 0.005 0.006
1 0.921 0.625 0.007 0.011
1 0.911 0.612 0.015 0.018
1 0.976 0.609 0.009 0.015
1 0.968 0.605 0.005 0.007
1 0.956 0.603 0.011 0.013
1 0.857 0.593 0.004 0.007
1 0.462 0.575 0.005 0.006
1 0.926 0.592 0.017 0.044
1 0.457 0.573 0.004 0.009
1 0.538 0.571 0.008 0.015
1 0.969 0.579 0.019 0.037
1 0.944 0.593 0.025 0.072
1 0.518 0.561 0.009 0.008
1 0.443 0.564 0.009 0.016
1 0.917 0.563 0.019 0.023
1 0.379 0.554 0.004 0.006
1 0.508 0.555 0.008 0.013
1 0.466 0.550 0.007 0.009
1 0.398 0.548 0.005 0.007
1 0.436 0.545 0.007 0.011
1 0.517 0.540 0.017 0.018
1 0.472 0.536 0.010 0.013
1 0.971 0.539 0.018 0.020
1 0.488 0.532 0.005 0.008
1 0.945 0.543 0.032 0.032
1 0.415 0.533 0.007 0.011
1 0.947 0.524 0.007 0.012
1 0.931 0.517 0.007 0.011
1 0.412 0.517 0.010 0.012
1 0.427 0.510 0.005 0.007
1 0.801 0.510 0.004 0.008
1 0.408 0.503 0.010 0.011
1 0.909 0.517 0.017 0.041
1 0.511 0.494 0.003 0.006
1 0.423 0.495 0.010 0.011
1 0.421 0.486 0.009 0.006
1 0.891 0.483 0.010 0.012
1 0.983 0.498 0.033 0.046
1 0.528 0.473 0.012 0.020
1 0.745 0.456 0.011 0.014
1 0.472 0.454 0.006 0.011
1 0.437 0.447 0.005 0.008
1 0.457 0.452 0.023 0.027
1 0.830 0.441 0.005 0.006
1 0.733 0.443 0.006 0.012
1 0.980 0.440 0.004 0.009
1 0.912 0.441 0.014 0.012
1 0.901 0.438 0.004 0.011
1 0.223 0.442 0.012 0.020
1 0.985 0.430 0.006 0.006
1 0.892 0.433 0.004 0.010
1 0.475 0.437 0.007 0.020
1 0.890 0.426 0.003 0.004
1 0.998 0.418 0.003 0.009
1 0.913 0.416 0.002 0.004
1 0.923 0.424 0.012 0.023
1 0.983 0.420 0.012 0.020
1 0.480 0.413 0.005 0.007
1 0.911 0.407 0.004 0.008
1 0.496 0.408 0.015 0.013
1 0.700 0.407 0.008 0.016
1 0.751 0.403 0.010 0.020
1 0.945 0.413 0.029 0.043
1 0.995 0.392 0.006 0.009
1 0.980 0.398 0.018 0.022
1 0.965 0.384 0.007 0.008
1 0.991 0.384 0.005 0.009
1 0.902 0.388 0.007 0.020
1 0.520 0.384 0.006 0.012
1 0.916 0.381 0.004 0.011
1 0.924 0.370 0.007 0.015
1 0.958 0.376 0.021 0.040
1 0.913 0.363 0.011 0.015
1 0.917 0.351 0.003 0.004
1 0.730 0.351 0.005 0.008
1 0.948 0.349 0.003 0.008
1 0.746 0.346 0.007 0.011
1 0.480 0.343 0.005 0.011
1 0.936 0.356 0.023 0.042
1 0.872 0.340 0.005 0.010
1 0.979 0.335 0.005 0.010
1 0.602 0.334 0.004 0.008
1 0.996 0.337 0.008 0.020
1 0.910 0.329 0.003 0.006
1 0.555 0.328 0.005 0.012
1 0.919 0.321 0.002 0.005
1 0.485 0.317 0.006 0.011
1 0.531 0.321 0.021 0.025
1 0.453 0.318 0.014 0.027
1 0.515 0.312 0.009 0.029
1 0.999 0.297 0.001 0.008
1 0.964 0.323 0.022 0.062
1 0.584 0.298 0.011 0.015
1 0.792 0.345 0.083 0.112
1 0.662 0.289 0.007 0.011
1 0.472 0.286 0.014 0.013
1 0.973 0.283 0.007 0.008
1 0.945 0.288 0.014 0.020
1 0.950 0.276 0.007 0.007
1 0.584 0.276 0.004 0.007
1 0.614 0.274 0.005 0.004
1 0.898 0.271 0.004 0.006
1 0.870 0.269 0.007 0.008
1 0.933 0.275 0.014 0.022
1 0.594 0.261 0.009 0.010
1 0.990 0.282 0.021 0.055
1 0.982 0.256 0.006 0.008
1 0.673 0.261 0.013 0.018
1 0.996 0.253 0.006 0.008
1 0.638 0.248 0.010 0.012
1 0.634 0.244 0.006 0.007
1 0.501 0.262 0.018 0.046
1 0.629 0.237 0.004 0.009
1 0.977 0.237 0.007 0.013
1 0.959 0.234 0.025 0.027
1 0.847 0.275 0.069 0.112
1 0.567 0.238 0.018 0.044
1 0.512 0.219 0.008 0.012
1 0.974 0.219 0.010 0.013
1 0.550 0.216 0.009 0.014
1 0.648 0.211 0.004 0.008
1 0.540 0.218 0.008 0.023
1 0.524 0.223 0.017 0.034
1 0.662 0.205 0.005 0.007
1 0.833 0.203 0.017 0.016
1 0.991 0.213 0.018 0.038
1 0.144 0.196 0.008 0.017
1 0.550 0.194 0.010 0.015
1 0.698 0.188 0.004 0.006
1 0.561 0.186 0.009 0.013
1 0.719 0.183 0.005 0.013
1 0.659 0.173 0.004 0.007
1 0.154 0.173 0.013 0.016
1 0.599 0.168 0.005 0.011
1 0.626 0.164 0.006 0.012
1 0.607 0.162 0.004 0.020
1 0.736 0.154 0.006 0.007
1 0.749 0.143 0.004 0.006
1 0.156 0.151 0.016 0.027
1 0.328 0.119 0.011 0.013
1 0.578 0.131 0.021 0.041
1 0.141 0.125 0.019 0.041
1 0.784 0.101 0.004 0.011
1 0.808 0.098 0.005 0.006
1 0.602 0.095 0.005 0.007
1 0.572 0.093 0.011 0.014
1 0.159 0.088 0.006 0.010
1 0.559 0.090 0.009 0.016
1 0.324 0.089 0.017 0.021
1 0.664 0.083 0.008 0.010
1 0.536 0.091 0.031 0.029
1 0.146 0.079 0.005 0.009
1 0.136 0.083 0.010 0.016
1 0.566 0.079 0.014 0.013
1 0.602 0.069 0.005 0.008
1 0.759 0.064 0.005 0.006
1 0.582 0.063 0.009 0.008
1 0.756 0.054 0.005 0.006
1 0.692 0.058 0.014 0.021
1 0.757 0.037 0.013 0.027
1 0.570 0.026 0.004 0.007
1 0.542 0.020 0.007 0.008
1 0.739 0.017 0.002 0.004
1 0.744 0.012 0.004 0.009
1 0.670 0.005 0.007 0.010
1 0.496 0.003 0.005 0.006
0 0.930 0.879 0.010 0.015
0 0.963 0.877 0.010 0.015
0 0.900 0.838 0.007 0.008
0 0.417 0.747 0.013 0.020
0 0.329 0.716 0.013 0.020
0 0.427 0.656 0.007 0.012
0 0.416 0.642 0.006 0.009
0 0.402 0.634 0.007 0.012
0 0.266 0.494 0.007 0.011
0 0.424 0.393 0.011 0.022
0 0.226 0.264 0.006 0.010
0 0.792 0.149 0.008 0.015
0 0.394 0.086 0.007 0.009
0 0.388 0.049 0.008 0.013
0 0.466 0.026 0.012 0.015
0 0.446 0.018 0.009 0.013
0 0.475 0.006 0.010 0.012
0 0.246 0.006 0.009 0.013
