2 0.721 0.686 0.003 0.005
2 0.494 0.672 0.004 0.006
2 0.710 0.647 0.003 0.005
2 0.546 0.506 0.009 0.021
2 0.506 0.495 0.002 0.003
2 0.491 0.483 0.013 0.015
2 0.532 0.475 0.003 0.005
2 0.506 0.482 0.015 0.029
2 0.625 0.461 0.002 0.004
2 0.528 0.461 0.002 0.004
2 0.605 0.454 0.003 0.006
2 0.493 0.460 0.008 0.018
2 0.531 0.449 0.002 0.003
2 0.445 0.450 0.003 0.005
2 0.498 0.448 0.004 0.005
2 0.484 0.447 0.003 0.004
2 0.467 0.453 0.010 0.018
2 0.432 0.442 0.004 0.004
2 0.453 0.445 0.009 0.011
2 0.461 0.440 0.005 0.009
2 0.471 0.440 0.007 0.011
2 0.440 0.435 0.005 0.008
2 0.424 0.437 0.009 0.015
2 0.504 0.426 0.002 0.003
2 0.532 0.426 0.002 0.004
2 0.482 0.429 0.012 0.022
2 0.506 0.416 0.005 0.006
2 0.491 0.424 0.013 0.024
2 0.413 0.420 0.015 0.020
2 0.471 0.415 0.007 0.010
2 0.483 0.407 0.003 0.003
2 0.404 0.402 0.008 0.011
2 0.398 0.393 0.002 0.003
2 0.489 0.390 0.003 0.004
2 0.455 0.380 0.003 0.007
2 0.401 0.364 0.009 0.005
2 0.493 0.340 0.004 0.007
2 0.405 0.338 0.003 0.004
2 0.531 0.336 0.003 0.005
2 0.474 0.334 0.003 0.005
2 0.482 0.345 0.014 0.029
2 0.395 0.331 0.007 0.005
2 0.489 0.325 0.004 0.008
2 0.396 0.321 0.002 0.003
2 0.479 0.317 0.003 0.005
2 0.444 0.315 0.007 0.007
2 0.492 0.308 0.002 0.003
2 0.483 0.305 0.003 0.004
2 0.418 0.305 0.002 0.004
2 0.413 0.302 0.002 0.004
2 0.478 0.301 0.003 0.004
2 0.488 0.300 0.003 0.005
2 0.471 0.299 0.003 0.005
2 0.482 0.294 0.005 0.005
2 0.647 0.267 0.003 0.005
2 0.573 0.196 0.002 0.005
2 0.572 0.184 0.002 0.003
2 0.575 0.177 0.002 0.004
2 0.352 0.026 0.004 0.007
1 0.349 0.936 0.012 0.008
1 0.158 0.716 0.031 0.064
1 0.723 0.634 0.010 0.014
1 0.533 0.622 0.013 0.014
1 0.395 0.424 0.008 0.005
1 0.431 0.392 0.010 0.011
1 0.468 0.323 0.005 0.008
1 0.582 0.315 0.027 0.037
1 0.324 0.030 0.066 0.060
0 0.763 0.758 0.006 0.009
0 0.462 0.690 0.006 0.009
0 0.749 0.664 0.003 0.005
0 0.724 0.662 0.003 0.006
0 0.402 0.656 0.005 0.006
0 0.687 0.645 0.003 0.004
0 0.722 0.618 0.004 0.006
0 0.707 0.614 0.003 0.004
0 0.632 0.592 0.002 0.004
0 0.639 0.578 0.003 0.004
0 0.630 0.568 0.007 0.010
0 0.718 0.564 0.004 0.005
0 0.739 0.558 0.003 0.004
0 0.717 0.477 0.004 0.006
0 0.321 0.464 0.003 0.006
0 0.798 0.455 0.003 0.005
0 0.783 0.423 0.003 0.004
0 0.427 0.403 0.005 0.007
0 0.441 0.397 0.003 0.005
0 0.618 0.395 0.002 0.003
0 0.585 0.379 0.004 0.007
0 0.607 0.273 0.004 0.008
0 0.637 0.251 0.003 0.004
0 0.590 0.244 0.002 0.002
0 0.581 0.230 0.003 0.005
0 0.566 0.176 0.006 0.008
0 0.363 0.017 0.005 0.008
4 0.240 0.476 0.117 0.190
