2 0.009 0.684 0.018 0.015
2 0.054 0.629 0.041 0.039
2 0.457 0.641 0.042 0.064
2 0.517 0.505 0.015 0.067
2 0.091 0.403 0.056 0.071
1 0.024 0.627 0.007 0.006
1 0.028 0.618 0.006 0.013
0 0.009 0.981 0.006 0.009
0 0.384 0.855 0.006 0.010
0 0.141 0.853 0.005 0.009
0 0.371 0.842 0.016 0.025
0 0.398 0.824 0.015 0.022
0 0.576 0.550 0.011 0.013
0 0.112 0.261 0.007 0.011
0 0.091 0.044 0.005 0.008
0 0.069 0.041 0.004 0.006
0 0.039 0.015 0.005 0.008
4 0.359 0.096 0.214 0.192
3 0.004 0.734 0.008 0.058
3 0.444 0.715 0.044 0.117
3 0.546 0.550 0.041 0.078
