0 1.153617 0.569496 0.007374 0.004198
0 0.844277 0.569613 0.008778 0.004897
0 0.778090 0.566348 0.004916 0.003498
0 0.986482 0.544893 0.006671 0.004897
0 1.090239 0.542094 0.006320 0.004431
0 1.002633 0.536730 0.005267 0.003498
0 0.832865 0.532999 0.005618 0.003498
0 0.824789 0.530084 0.007022 0.004198
0 0.999649 0.528918 0.006320 0.004198
0 0.989993 0.510028 0.005267 0.002799
0 0.795646 0.438083 0.004916 0.003498
0 1.014396 0.414646 0.004916 0.003265
0 1.082690 0.374650 0.003862 0.003032
0 1.105688 0.355527 0.005618 0.003965
0 1.038448 0.284865 0.005267 0.003498
0 1.019487 0.195312 0.005267 0.003498
0 0.217872 0.193680 0.005267 0.003032
0 0.212430 0.186101 0.004916 0.002799
0 0.267381 0.183885 0.015098 0.009562
0 0.322683 0.177938 0.005618 0.003731
0 0.890274 0.161264 0.012289 0.008629
0 0.884656 0.151819 0.003862 0.002332
0 0.966819 0.100630 0.005969 0.003965
1 0.770014 0.552822 0.015449 0.011894
1 1.091643 0.369869 0.009129 0.007929
1 1.033181 0.296525 0.017205 0.009095
1 0.184515 0.192980 0.013694 0.006763
2 0.833919 0.376049 0.007022 0.005364
2 0.119382 0.282533 0.004213 0.003498
2 0.129389 0.281017 0.011587 0.007463
2 0.737535 0.233559 0.005969 0.003498
2 0.756671 0.231926 0.009831 0.004897
2 0.740695 0.229128 0.003862 0.003032
2 0.767732 0.221315 0.003160 0.002332
2 0.782479 0.218867 0.004565 0.003498
2 0.781601 0.214902 0.001404 0.001166
2 0.742451 0.205807 0.008076 0.005364
2 0.759305 0.192631 0.002458 0.001866
2 0.874298 0.159515 0.004213 0.002799
2 0.873596 0.135261 0.005618 0.005131
2 1.176615 0.535331 0.034410 0.026819
2 1.036692 0.191814 0.025632 0.018890
3 0.365520 0.319613 0.163624 0.154151
