2 0.474 0.627 0.007 0.005
2 0.862 0.380 0.011 0.009
2 0.869 0.376 0.007 0.007
2 0.843 0.374 0.003 0.003
2 0.845 0.370 0.007 0.005
2 0.879 0.370 0.011 0.007
2 0.831 0.368 0.008 0.004
2 0.834 0.362 0.004 0.004
2 0.856 0.367 0.036 0.014
2 0.847 0.358 0.007 0.004
2 0.196 0.189 0.007 0.004
2 0.491 0.045 0.011 0.006
1 0.277 0.540 0.017 0.016
1 0.869 0.358 0.017 0.008
1 0.483 0.251 0.022 0.008
1 1.023 0.138 0.058 0.037
1 1.078 0.108 0.018 0.013
1 0.298 0.092 0.022 0.019
1 0.992 0.031 0.013 0.004
0 1.178 0.628 0.005 0.003
0 0.763 0.613 0.006 0.004
0 0.705 0.572 0.005 0.002
0 1.220 0.560 0.004 0.003
0 1.078 0.553 0.008 0.004
0 1.217 0.544 0.005 0.003
0 0.799 0.539 0.005 0.003
0 0.277 0.518 0.011 0.007
0 1.070 0.498 0.006 0.003
0 1.099 0.408 0.007 0.004
0 0.885 0.322 0.007 0.004
0 0.969 0.311 0.006 0.006
0 1.074 0.117 0.004 0.002
0 1.065 0.118 0.006 0.004
0 1.058 0.115 0.006 0.003
0 1.103 0.113 0.004 0.003
0 0.982 0.034 0.006 0.003
4 0.392 0.346 0.218 0.160
