2 0.814 0.585 0.013 0.008
2 1.304 0.520 0.010 0.007
2 1.353 0.417 0.023 0.012
2 1.386 0.416 0.034 0.015
2 1.371 0.404 0.011 0.010
2 1.388 0.400 0.011 0.011
2 1.407 0.230 0.015 0.013
2 1.336 0.210 0.031 0.009
2 1.316 0.198 0.025 0.018
2 1.393 0.191 0.042 0.020
2 0.256 0.178 0.016 0.007
2 1.352 0.178 0.023 0.018
2 1.286 0.176 0.038 0.015
2 1.388 0.169 0.015 0.011
2 1.321 0.173 0.026 0.021
2 1.494 0.162 0.013 0.005
2 1.242 0.149 0.013 0.009
2 1.277 0.145 0.032 0.018
2 1.501 0.140 0.008 0.011
2 1.311 0.140 0.029 0.018
2 1.395 0.133 0.007 0.006
2 1.245 0.128 0.006 0.006
2 1.276 0.126 0.044 0.017
2 1.416 0.142 0.178 0.055
2 1.315 0.120 0.029 0.015
2 1.184 0.115 0.040 0.011
2 1.381 0.115 0.097 0.030
2 1.350 0.099 0.010 0.006
2 0.433 0.095 0.008 0.007
2 1.500 0.085 0.012 0.016
2 1.485 0.067 0.014 0.006
2 1.408 0.054 0.006 0.004
2 1.390 0.051 0.008 0.004
2 1.475 0.040 0.015 0.011
2 1.469 0.030 0.012 0.007
2 1.501 0.030 0.010 0.007
2 1.468 0.021 0.017 0.006
2 1.501 0.006 0.009 0.007
2 1.488 0.000 0.004 0.000
2 1.322 0.001 0.014 0.002
2 1.322 0.064 0.353 0.127
1 1.471 0.363 0.034 0.038
1 1.097 0.310 0.065 0.025
1 1.407 0.294 0.039 0.038
1 1.481 0.268 0.029 0.025
1 1.213 0.303 0.162 0.101
1 0.716 0.219 0.032 0.026
1 0.981 0.146 0.254 0.178
0 1.401 0.499 0.022 0.015
0 1.505 0.479 0.001 0.007
0 1.336 0.354 0.017 0.011
0 1.498 0.291 0.012 0.008
0 0.444 0.240 0.013 0.010
0 1.349 0.232 0.015 0.011
0 1.492 0.211 0.012 0.007
0 0.925 0.036 0.015 0.011
4 0.771 0.047 0.312 0.095
3 0.927 0.161 0.065 0.055
