2 1.226 0.664 0.008 0.001
2 1.198 0.662 0.022 0.004
2 1.169 0.657 0.033 0.014
2 1.087 0.649 0.013 0.010
2 1.236 0.639 0.011 0.007
2 1.427 0.635 0.011 0.011
2 1.435 0.625 0.005 0.004
2 1.245 0.625 0.006 0.006
2 1.460 0.612 0.008 0.006
2 1.499 0.607 0.006 0.005
2 1.149 0.607 0.013 0.012
2 1.169 0.588 0.039 0.014
2 1.126 0.580 0.018 0.013
2 1.461 0.582 0.075 0.035
2 1.104 0.570 0.022 0.014
2 1.504 0.568 0.004 0.030
2 1.443 0.538 0.010 0.010
2 1.499 0.536 0.014 0.019
2 1.475 0.543 0.044 0.035
2 1.420 0.528 0.008 0.005
2 1.471 0.521 0.007 0.004
2 1.488 0.520 0.016 0.007
2 1.494 0.513 0.008 0.010
2 1.414 0.511 0.021 0.020
2 1.398 0.504 0.011 0.007
2 1.164 0.521 0.079 0.050
2 1.355 0.498 0.011 0.016
2 1.347 0.487 0.006 0.004
2 1.171 0.488 0.011 0.007
2 1.465 0.479 0.006 0.005
2 1.275 0.478 0.043 0.015
2 1.336 0.463 0.016 0.013
2 1.302 0.461 0.016 0.009
2 1.206 0.453 0.014 0.010
2 1.355 0.449 0.008 0.012
2 1.447 0.444 0.006 0.003
2 1.378 0.327 0.011 0.007
2 0.508 0.297 0.010 0.014
2 1.245 0.292 0.012 0.008
2 1.403 0.294 0.015 0.018
2 1.245 0.279 0.015 0.009
2 1.449 0.273 0.018 0.010
2 1.446 0.256 0.007 0.004
2 0.521 0.260 0.011 0.012
2 1.433 0.248 0.012 0.008
2 1.476 0.238 0.018 0.013
2 1.457 0.233 0.008 0.006
2 1.456 0.225 0.008 0.009
2 1.474 0.221 0.009 0.006
2 1.437 0.184 0.028 0.013
2 0.781 0.081 0.008 0.006
2 0.724 0.062 0.011 0.012
2 0.751 0.066 0.032 0.020
2 1.178 0.055 0.009 0.011
2 0.790 0.053 0.018 0.015
2 0.757 0.035 0.012 0.013
2 0.732 0.034 0.010 0.012
2 0.810 0.022 0.014 0.007
1 1.415 0.656 0.037 0.017
1 1.306 0.616 0.065 0.040
1 1.363 0.558 0.053 0.042
1 1.488 0.255 0.035 0.019
1 1.380 0.226 0.025 0.013
1 0.746 0.194 0.032 0.023
1 0.506 0.196 0.037 0.057
1 0.952 0.112 0.031 0.020
1 0.763 0.011 0.032 0.019
0 1.335 0.661 0.008 0.006
0 1.018 0.645 0.012 0.009
0 1.000 0.645 0.013 0.010
0 1.353 0.624 0.009 0.007
0 1.059 0.516 0.020 0.012
0 0.972 0.419 0.019 0.013
0 1.488 0.407 0.006 0.004
0 1.441 0.330 0.006 0.005
0 1.447 0.322 0.007 0.006
0 0.441 0.294 0.019 0.013
0 1.462 0.262 0.015 0.010
0 1.025 0.184 0.020 0.013
0 0.925 0.084 0.011 0.007
0 1.289 0.038 0.008 0.006
0 1.311 0.036 0.019 0.014
4 0.605 0.594 0.402 0.141
