2 0.565 0.999 0.005 0.002
2 0.118 0.991 0.004 0.005
2 0.111 0.986 0.005 0.006
2 0.536 0.985 0.007 0.008
2 0.099 0.974 0.005 0.009
2 0.112 0.970 0.004 0.006
2 0.521 0.974 0.014 0.017
2 0.110 0.954 0.005 0.004
2 0.106 0.945 0.004 0.010
2 0.621 0.943 0.020 0.019
2 0.134 0.935 0.006 0.010
2 0.609 0.911 0.014 0.008
2 0.201 0.909 0.006 0.008
2 0.633 0.906 0.026 0.026
2 0.605 0.895 0.017 0.017
2 0.669 0.884 0.010 0.020
2 0.638 0.873 0.025 0.025
2 0.617 0.673 0.014 0.018
2 0.680 0.651 0.010 0.013
2 0.005 0.621 0.009 0.021
2 0.027 0.536 0.007 0.014
2 0.609 0.429 0.015 0.018
2 0.097 0.238 0.013 0.008
1 0.384 0.501 0.019 0.043
1 0.448 0.289 0.009 0.041
1 0.201 0.030 0.043 0.059
0 0.190 0.992 0.005 0.008
0 0.076 0.939 0.014 0.017
0 0.090 0.913 0.010 0.009
0 0.105 0.911 0.015 0.018
0 0.100 0.896 0.013 0.009
0 0.059 0.858 0.006 0.007
0 0.029 0.856 0.005 0.006
0 0.402 0.524 0.008 0.018
0 0.351 0.443 0.011 0.016
0 0.326 0.399 0.009 0.012
0 0.558 0.343 0.010 0.017
0 0.285 0.343 0.019 0.025
0 0.508 0.327 0.007 0.010
0 0.509 0.316 0.007 0.010
0 0.437 0.270 0.007 0.011
0 0.398 0.159 0.006 0.011
0 0.084 0.080 0.007 0.011
0 0.393 0.029 0.008 0.012
4 0.325 0.890 0.237 0.219
