2 0.741 0.446 0.008 0.005
2 0.214 0.358 0.007 0.003
2 0.219 0.353 0.007 0.006
2 0.198 0.350 0.009 0.005
2 0.209 0.349 0.010 0.010
2 0.272 0.343 0.006 0.004
2 0.229 0.341 0.049 0.018
2 0.263 0.333 0.006 0.006
2 0.285 0.333 0.024 0.016
2 0.296 0.324 0.006 0.004
2 0.216 0.325 0.026 0.014
2 0.245 0.320 0.027 0.008
2 0.353 0.318 0.030 0.015
2 0.644 0.312 0.022 0.011
2 0.289 0.301 0.019 0.022
2 0.298 0.287 0.008 0.008
2 0.310 0.286 0.008 0.007
2 0.384 0.294 0.019 0.027
2 0.224 0.285 0.015 0.008
2 0.370 0.285 0.007 0.010
2 0.322 0.285 0.010 0.016
2 0.150 0.276 0.006 0.006
2 0.124 0.276 0.011 0.010
2 0.143 0.266 0.006 0.006
2 0.111 0.262 0.007 0.014
2 0.654 0.261 0.018 0.012
2 0.481 0.207 0.007 0.010
2 0.388 0.205 0.009 0.012
2 0.467 0.204 0.015 0.016
2 0.460 0.190 0.014 0.008
2 0.430 0.185 0.007 0.006
2 0.414 0.175 0.007 0.006
2 0.371 0.176 0.009 0.012
2 0.408 0.168 0.015 0.006
2 0.496 0.166 0.017 0.012
2 0.416 0.155 0.005 0.004
2 0.456 0.148 0.007 0.006
1 0.348 0.372 0.016 0.007
1 0.352 0.210 0.017 0.016
0 0.807 0.505 0.004 0.003
0 0.745 0.407 0.007 0.004
0 0.144 0.332 0.006 0.004
0 0.148 0.325 0.007 0.004
0 0.314 0.184 0.010 0.005
0 0.324 0.178 0.008 0.005
0 0.682 0.034 0.006 0.003
4 1.020 0.351 0.203 0.143
