2 1.074 0.438 0.009 0.005
2 0.963 0.303 0.007 0.004
2 0.871 0.300 0.007 0.007
2 1.083 0.296 0.007 0.004
2 0.983 0.285 0.011 0.010
2 0.960 0.275 0.005 0.003
2 0.928 0.215 0.003 0.002
2 0.933 0.214 0.003 0.002
2 0.984 0.190 0.008 0.006
2 0.636 0.161 0.009 0.004
2 1.040 0.140 0.006 0.005
2 0.938 0.129 0.006 0.004
2 0.988 0.133 0.019 0.016
2 0.998 0.122 0.008 0.006
2 0.942 0.122 0.010 0.007
2 0.964 0.117 0.013 0.007
2 0.952 0.115 0.004 0.004
2 0.938 0.116 0.019 0.010
1 0.817 0.527 0.012 0.010
1 1.062 0.511 0.013 0.012
1 1.134 0.496 0.009 0.011
1 1.064 0.474 0.010 0.013
1 0.180 0.467 0.017 0.013
1 0.209 0.446 0.014 0.015
1 1.068 0.351 0.018 0.012
1 1.153 0.348 0.011 0.012
1 0.889 0.332 0.020 0.016
1 0.836 0.323 0.019 0.007
1 1.059 0.311 0.012 0.009
1 0.855 0.309 0.009 0.008
1 0.755 0.306 0.015 0.007
1 1.269 0.288 0.023 0.025
1 1.015 0.265 0.012 0.013
1 1.051 0.257 0.013 0.010
1 1.245 0.246 0.013 0.011
1 0.180 0.233 0.020 0.014
1 1.108 0.229 0.010 0.009
1 1.146 0.220 0.008 0.006
1 1.129 0.214 0.014 0.006
1 1.107 0.215 0.018 0.009
1 1.017 0.149 0.023 0.011
1 1.092 0.151 0.031 0.025
1 0.965 0.085 0.013 0.009
1 1.069 0.077 0.025 0.014
0 1.045 0.637 0.010 0.007
0 1.076 0.580 0.009 0.007
0 0.743 0.572 0.005 0.003
0 0.609 0.570 0.012 0.007
0 0.794 0.561 0.007 0.005
0 0.921 0.558 0.006 0.004
0 1.092 0.551 0.008 0.005
0 0.924 0.549 0.008 0.006
0 1.186 0.545 0.007 0.006
0 1.096 0.492 0.009 0.006
0 1.037 0.488 0.005 0.003
0 1.143 0.488 0.005 0.004
0 0.786 0.413 0.005 0.004
0 1.018 0.409 0.006 0.004
0 1.037 0.406 0.007 0.005
0 0.890 0.403 0.005 0.004
0 1.036 0.397 0.008 0.006
0 0.175 0.390 0.011 0.005
0 1.039 0.384 0.007 0.005
0 0.170 0.374 0.005 0.003
0 0.112 0.374 0.006 0.005
0 0.841 0.365 0.005 0.004
0 0.717 0.361 0.006 0.004
0 0.852 0.353 0.007 0.005
0 0.942 0.347 0.005 0.003
0 0.969 0.342 0.007 0.006
0 0.111 0.340 0.008 0.007
0 1.049 0.328 0.005 0.003
0 0.884 0.321 0.009 0.007
0 1.091 0.314 0.007 0.005
0 0.787 0.311 0.004 0.002
0 0.876 0.305 0.004 0.003
0 1.057 0.305 0.006 0.003
0 0.866 0.305 0.005 0.003
0 1.256 0.298 0.007 0.004
0 0.632 0.286 0.008 0.005
0 1.004 0.286 0.006 0.004
0 1.216 0.276 0.010 0.006
0 1.212 0.269 0.007 0.005
0 1.117 0.257 0.012 0.007
0 1.054 0.247 0.006 0.004
0 1.040 0.247 0.008 0.006
0 0.535 0.238 0.004 0.003
0 0.886 0.228 0.009 0.005
0 1.124 0.227 0.009 0.006
0 1.001 0.227 0.009 0.005
0 1.088 0.222 0.008 0.005
0 0.983 0.212 0.010 0.007
0 0.512 0.205 0.006 0.004
0 0.968 0.205 0.009 0.007
0 1.048 0.196 0.006 0.003
0 1.032 0.163 0.009 0.006
0 1.047 0.158 0.008 0.006
0 0.617 0.154 0.012 0.007
0 1.150 0.139 0.008 0.006
0 1.134 0.132 0.003 0.003
0 1.127 0.128 0.005 0.003
0 1.157 0.123 0.006 0.004
0 0.668 0.124 0.009 0.006
0 0.862 0.105 0.005 0.004
0 0.987 0.088 0.007 0.005
0 1.100 0.078 0.009 0.005
0 1.089 0.077 0.007 0.005
0 0.697 0.051 0.007 0.005
0 0.700 0.038 0.005 0.003
0 0.889 0.030 0.005 0.003
4 0.314 0.296 0.164 0.121
3 0.524 0.651 0.033 0.021
3 0.346 0.636 0.028 0.028
3 0.310 0.609 0.022 0.018
3 0.479 0.593 0.030 0.030
3 0.208 0.555 0.022 0.015
3 0.190 0.495 0.044 0.031
