2 0.163 0.556 0.014 0.020
2 0.009 0.241 0.018 0.015
2 0.050 0.223 0.010 0.008
1 0.291 0.756 0.009 0.020
1 0.222 0.769 0.444 0.452
1 0.018 0.566 0.037 0.112
1 0.528 0.561 0.132 0.129
1 0.464 0.405 0.053 0.168
1 0.148 0.396 0.104 0.169
1 0.572 0.335 0.154 0.272
1 0.005 0.190 0.010 0.009
1 0.115 0.309 0.230 0.275
1 0.141 0.170 0.115 0.071
1 0.259 0.114 0.049 0.102
1 0.482 0.090 0.071 0.065
1 0.113 0.068 0.052 0.062
0 0.378 0.473 0.017 0.024
0 0.036 0.272 0.007 0.011
0 0.631 0.183 0.020 0.012
4 0.359 0.106 0.217 0.213
3 0.203 0.790 0.048 0.072
3 0.103 0.234 0.082 0.079
3 0.583 0.184 0.057 0.078
