2 0.995 0.833 0.010 0.010
2 0.377 0.195 0.021 0.041
1 0.527 0.994 0.009 0.013
1 0.650 0.980 0.007 0.008
1 0.663 0.980 0.008 0.015
1 0.696 0.978 0.012 0.013
1 0.637 0.969 0.007 0.010
1 0.564 0.968 0.003 0.008
1 0.659 0.967 0.003 0.007
1 0.647 0.966 0.006 0.008
1 0.864 0.952 0.006 0.007
1 0.607 0.923 0.010 0.015
1 0.877 0.920 0.015 0.015
1 0.906 0.896 0.033 0.040
1 0.500 0.879 0.009 0.009
1 0.519 0.858 0.008 0.011
1 0.532 0.846 0.021 0.020
1 0.534 0.823 0.025 0.028
1 0.491 0.817 0.010 0.021
1 0.558 0.801 0.003 0.006
1 0.543 0.745 0.014 0.022
0 0.369 0.990 0.007 0.013
0 0.951 0.798 0.011 0.018
0 0.900 0.552 0.008 0.013
0 0.345 0.345 0.012 0.019
