2 0.279 0.913 0.009 0.013
2 0.156 0.903 0.010 0.020
2 0.438 0.890 0.010 0.013
2 0.305 0.859 0.014 0.031
2 0.275 0.829 0.006 0.010
2 0.233 0.648 0.004 0.005
2 0.240 0.643 0.004 0.006
2 0.308 0.571 0.011 0.018
2 0.382 0.421 0.008 0.016
2 0.246 0.389 0.008 0.011
2 0.312 0.400 0.026 0.048
2 0.326 0.367 0.011 0.019
2 0.252 0.367 0.013 0.020
2 0.280 0.354 0.018 0.020
2 0.265 0.347 0.005 0.013
2 0.246 0.348 0.026 0.030
1 0.181 0.988 0.026 0.024
1 0.111 0.971 0.025 0.022
1 0.406 0.938 0.016 0.026
1 0.136 0.930 0.013 0.025
1 0.007 0.922 0.013 0.018
1 0.685 0.867 0.031 0.074
1 0.348 0.799 0.016 0.039
1 0.396 0.775 0.017 0.029
1 0.654 0.742 0.017 0.034
1 0.472 0.691 0.014 0.027
1 0.522 0.662 0.010 0.018
1 0.499 0.644 0.018 0.017
1 0.471 0.647 0.023 0.027
1 0.350 0.450 0.031 0.032
1 0.451 0.455 0.041 0.076
1 0.282 0.255 0.018 0.026
1 0.420 0.233 0.033 0.044
0 0.393 0.986 0.007 0.009
0 0.174 0.967 0.013 0.021
0 0.449 0.946 0.010 0.015
0 0.046 0.937 0.005 0.007
0 0.164 0.920 0.006 0.008
0 0.403 0.919 0.007 0.011
0 0.151 0.918 0.007 0.011
0 0.669 0.899 0.010 0.013
0 0.333 0.860 0.007 0.012
0 0.615 0.831 0.013 0.018
0 0.610 0.811 0.009 0.015
0 0.484 0.773 0.016 0.022
0 0.400 0.743 0.008 0.013
0 0.382 0.743 0.010 0.019
0 0.177 0.688 0.012 0.015
0 0.493 0.685 0.012 0.018
0 0.330 0.682 0.012 0.016
0 0.445 0.670 0.011 0.016
0 0.306 0.638 0.014 0.020
0 0.285 0.618 0.012 0.022
0 0.393 0.591 0.007 0.011
0 0.372 0.489 0.012 0.018
0 0.391 0.475 0.010 0.017
0 0.528 0.419 0.011 0.017
0 0.506 0.398 0.004 0.008
0 0.497 0.386 0.006 0.008
0 0.537 0.370 0.008 0.012
0 0.145 0.315 0.007 0.011
0 0.311 0.266 0.009 0.015
0 0.461 0.236 0.012 0.016
0 0.447 0.231 0.010 0.015
0 0.180 0.091 0.007 0.011
