2 0.834 0.376 0.007 0.005
2 0.119 0.283 0.004 0.003
2 0.129 0.281 0.012 0.007
2 0.738 0.234 0.006 0.003
2 0.757 0.232 0.010 0.005
2 0.741 0.229 0.004 0.003
2 0.768 0.221 0.003 0.002
2 0.782 0.219 0.005 0.003
2 0.782 0.215 0.001 0.001
2 0.742 0.206 0.008 0.005
2 0.759 0.193 0.002 0.002
2 0.874 0.160 0.004 0.003
2 0.874 0.135 0.006 0.005
1 0.770 0.553 0.015 0.012
1 1.092 0.370 0.009 0.008
1 1.033 0.297 0.017 0.009
1 0.185 0.193 0.014 0.007
0 1.154 0.569 0.007 0.004
0 0.844 0.570 0.009 0.005
0 0.778 0.566 0.005 0.003
0 0.986 0.545 0.007 0.005
0 1.090 0.542 0.006 0.004
0 1.003 0.537 0.005 0.003
0 0.833 0.533 0.006 0.003
0 0.825 0.530 0.007 0.004
0 1.000 0.529 0.006 0.004
0 0.990 0.510 0.005 0.003
0 0.796 0.438 0.005 0.003
0 1.014 0.415 0.005 0.003
0 1.083 0.375 0.004 0.003
0 1.106 0.356 0.006 0.004
0 1.038 0.285 0.005 0.003
0 1.019 0.195 0.005 0.003
0 0.218 0.194 0.005 0.003
0 0.212 0.186 0.005 0.003
0 0.267 0.184 0.015 0.010
0 0.323 0.178 0.006 0.004
0 0.890 0.161 0.012 0.009
0 0.885 0.152 0.004 0.002
0 0.967 0.101 0.006 0.004
4 0.366 0.320 0.164 0.154
3 1.177 0.535 0.034 0.027
3 1.037 0.192 0.026 0.019
