2 0.524 0.741 0.014 0.022
2 0.350 0.627 0.017 0.036
2 0.286 0.609 0.043 0.057
2 0.368 0.570 0.021 0.017
2 0.293 0.554 0.051 0.045
2 0.522 0.519 0.009 0.006
2 0.246 0.531 0.020 0.034
2 0.492 0.507 0.022 0.032
2 0.281 0.510 0.042 0.051
2 0.593 0.493 0.019 0.027
2 0.212 0.434 0.018 0.025
2 0.293 0.263 0.013 0.035
2 0.686 0.221 0.021 0.034
2 0.554 0.199 0.018 0.054
2 0.529 0.150 0.015 0.015
2 0.487 0.137 0.020 0.039
2 0.390 0.085 0.008 0.008
2 0.337 0.082 0.021 0.018
2 0.427 0.062 0.008 0.011
2 0.872 0.006 0.018 0.012
2 0.551 0.009 0.014 0.018
2 0.430 0.007 0.026 0.013
2 0.368 0.007 0.021 0.013
2 0.246 0.010 0.015 0.020
1 0.465 0.868 0.009 0.029
1 0.499 0.855 0.007 0.010
1 0.472 0.854 0.004 0.008
1 0.459 0.836 0.005 0.011
1 0.506 0.824 0.009 0.028
1 0.463 0.806 0.005 0.006
1 0.512 0.800 0.006 0.010
1 0.447 0.794 0.008 0.011
1 0.451 0.777 0.005 0.010
1 0.470 0.786 0.015 0.030
1 0.503 0.777 0.020 0.028
1 0.493 0.764 0.009 0.010
1 0.490 0.719 0.005 0.009
1 0.464 0.717 0.006 0.008
1 0.616 0.683 0.004 0.007
1 0.875 0.660 0.010 0.020
1 0.458 0.602 0.004 0.006
1 0.554 0.539 0.013 0.017
1 0.566 0.535 0.005 0.015
1 0.576 0.526 0.010 0.018
1 0.778 0.512 0.006 0.016
1 0.540 0.499 0.005 0.007
1 0.549 0.513 0.022 0.037
1 0.613 0.496 0.007 0.008
1 0.545 0.491 0.007 0.011
1 0.584 0.474 0.005 0.011
1 0.551 0.472 0.010 0.022
1 0.602 0.466 0.021 0.015
1 0.533 0.472 0.022 0.032
1 0.558 0.460 0.007 0.010
1 0.570 0.459 0.011 0.014
1 0.567 0.451 0.010 0.013
1 0.280 0.444 0.010 0.015
1 0.528 0.435 0.013 0.018
1 0.573 0.424 0.008 0.013
1 0.603 0.420 0.005 0.008
1 0.613 0.427 0.008 0.023
1 0.623 0.419 0.009 0.020
1 0.584 0.413 0.006 0.008
1 0.601 0.401 0.007 0.008
1 0.570 0.401 0.009 0.015
1 0.432 0.399 0.007 0.011
1 0.219 0.400 0.005 0.017
1 0.618 0.399 0.014 0.017
1 0.584 0.392 0.014 0.018
1 0.560 0.395 0.034 0.051
1 0.229 0.370 0.008 0.013
1 0.624 0.373 0.016 0.025
1 0.599 0.368 0.007 0.015
1 0.299 0.377 0.028 0.050
1 0.212 0.366 0.017 0.049
1 0.323 0.329 0.005 0.008
1 0.462 0.327 0.011 0.011
1 0.438 0.323 0.015 0.020
1 0.414 0.311 0.006 0.006
1 0.475 0.314 0.009 0.018
1 0.484 0.302 0.005 0.008
1 0.260 0.316 0.024 0.037
1 0.437 0.296 0.006 0.006
1 0.379 0.294 0.005 0.006
1 0.252 0.298 0.006 0.016
1 0.316 0.292 0.005 0.009
1 0.266 0.282 0.007 0.010
1 0.459 0.285 0.022 0.043
1 0.420 0.281 0.030 0.040
1 0.308 0.251 0.005 0.007
1 0.397 0.249 0.003 0.005
1 0.382 0.237 0.005 0.008
1 0.434 0.237 0.005 0.011
1 0.882 0.233 0.005 0.008
1 0.411 0.227 0.005 0.008
1 0.308 0.223 0.011 0.016
1 0.407 0.211 0.005 0.006
1 0.734 0.212 0.006 0.011
1 0.319 0.213 0.015 0.029
1 0.279 0.198 0.011 0.011
1 0.381 0.205 0.020 0.025
1 0.352 0.198 0.011 0.015
1 0.591 0.197 0.013 0.015
1 0.410 0.187 0.031 0.031
1 0.370 0.170 0.003 0.005
1 0.430 0.166 0.005 0.008
1 0.415 0.166 0.007 0.008
1 0.423 0.159 0.007 0.007
1 0.597 0.164 0.023 0.027
1 0.439 0.157 0.009 0.018
1 0.430 0.150 0.004 0.006
1 0.359 0.148 0.030 0.032
1 0.334 0.132 0.009 0.010
1 0.418 0.130 0.007 0.011
1 0.430 0.125 0.016 0.013
1 0.350 0.117 0.012 0.010
1 0.804 0.114 0.004 0.007
1 0.315 0.119 0.014 0.020
1 0.864 0.108 0.005 0.007
1 0.419 0.107 0.005 0.007
1 0.435 0.106 0.009 0.011
1 0.424 0.100 0.006 0.008
1 0.459 0.086 0.006 0.010
1 0.471 0.083 0.006 0.007
1 0.763 0.091 0.022 0.028
1 0.743 0.077 0.005 0.008
1 0.443 0.077 0.006 0.008
1 0.728 0.064 0.003 0.006
1 0.722 0.064 0.005 0.006
1 0.735 0.062 0.004 0.006
1 0.299 0.073 0.016 0.036
1 0.728 0.054 0.005 0.006
1 0.347 0.052 0.006 0.010
1 0.734 0.049 0.003 0.005
1 0.465 0.054 0.007 0.020
1 0.446 0.052 0.024 0.020
1 0.807 0.040 0.005 0.009
1 0.789 0.039 0.005 0.006
1 0.329 0.052 0.017 0.043
1 0.718 0.031 0.004 0.006
1 0.440 0.019 0.020 0.019
1 0.725 0.007 0.004 0.007
1 0.468 0.025 0.036 0.050
1 0.337 0.022 0.024 0.044
1 0.320 0.003 0.008 0.006
0 0.711 0.955 0.006 0.011
0 0.723 0.954 0.011 0.020
0 0.548 0.862 0.009 0.011
0 0.479 0.806 0.006 0.008
0 0.489 0.799 0.005 0.007
0 0.853 0.788 0.006 0.009
0 0.530 0.783 0.011 0.015
0 0.435 0.710 0.010 0.017
0 0.479 0.684 0.008 0.011
0 0.430 0.665 0.005 0.008
0 0.970 0.651 0.008 0.009
0 0.308 0.641 0.013 0.018
0 0.863 0.625 0.009 0.012
0 0.876 0.620 0.007 0.010
0 0.228 0.479 0.009 0.013
0 0.238 0.450 0.009 0.015
0 0.279 0.366 0.011 0.020
0 0.266 0.358 0.007 0.011
0 0.225 0.276 0.007 0.011
0 0.826 0.255 0.008 0.011
0 0.486 0.255 0.010 0.022
0 0.347 0.231 0.006 0.009
0 0.649 0.194 0.014 0.021
0 0.446 0.144 0.004 0.007
0 0.535 0.094 0.006 0.008
0 0.442 0.093 0.007 0.010
0 0.435 0.071 0.005 0.009
0 0.389 0.065 0.005 0.008
0 0.873 0.046 0.008 0.013
0 0.431 0.038 0.005 0.007
0 0.300 0.025 0.009 0.018
0 0.892 0.017 0.008 0.013
3 0.847 0.520 0.046 0.124
