2 1.086 0.456 0.005 0.003
2 0.744 0.447 0.006 0.004
2 1.069 0.430 0.004 0.003
2 0.823 0.336 0.013 0.014
2 0.762 0.329 0.003 0.002
2 0.739 0.321 0.019 0.010
2 0.801 0.315 0.004 0.003
2 0.761 0.320 0.023 0.020
2 0.940 0.306 0.004 0.002
2 0.795 0.306 0.003 0.003
2 0.910 0.301 0.004 0.004
2 0.743 0.306 0.012 0.012
2 0.800 0.298 0.003 0.002
2 0.670 0.299 0.004 0.003
2 0.750 0.297 0.006 0.003
2 0.729 0.297 0.005 0.003
2 0.703 0.301 0.015 0.012
2 0.651 0.294 0.006 0.002
2 0.682 0.296 0.013 0.007
2 0.693 0.292 0.008 0.006
2 0.709 0.292 0.010 0.007
2 0.662 0.289 0.008 0.005
2 0.639 0.290 0.014 0.010
2 0.759 0.283 0.003 0.002
2 0.801 0.283 0.004 0.003
2 0.725 0.285 0.018 0.014
2 0.762 0.276 0.007 0.004
2 0.739 0.282 0.020 0.016
2 0.622 0.279 0.022 0.014
2 0.710 0.275 0.011 0.007
2 0.727 0.271 0.004 0.002
2 0.608 0.267 0.012 0.007
2 0.600 0.261 0.004 0.002
2 0.737 0.259 0.004 0.002
2 0.684 0.252 0.005 0.005
2 0.604 0.241 0.013 0.003
2 0.743 0.226 0.006 0.004
2 0.610 0.224 0.004 0.003
2 0.800 0.223 0.005 0.003
2 0.713 0.222 0.004 0.003
2 0.725 0.229 0.020 0.019
2 0.594 0.220 0.010 0.003
2 0.736 0.216 0.006 0.006
2 0.597 0.213 0.004 0.002
2 0.721 0.210 0.004 0.003
2 0.668 0.209 0.010 0.005
2 0.741 0.205 0.003 0.002
2 0.727 0.203 0.005 0.002
2 0.629 0.203 0.003 0.002
2 0.621 0.200 0.003 0.002
2 0.720 0.200 0.005 0.003
2 0.734 0.199 0.004 0.003
2 0.709 0.199 0.004 0.003
2 0.726 0.195 0.008 0.003
2 0.975 0.177 0.004 0.003
2 0.863 0.130 0.004 0.003
2 0.861 0.122 0.004 0.002
2 0.866 0.118 0.003 0.003
2 0.530 0.017 0.007 0.004
1 0.526 0.622 0.018 0.006
1 0.238 0.476 0.046 0.043
1 1.088 0.421 0.014 0.009
1 0.802 0.413 0.020 0.009
1 0.595 0.281 0.012 0.003
1 0.649 0.260 0.015 0.007
1 0.705 0.215 0.007 0.006
1 0.876 0.210 0.041 0.024
1 0.488 0.020 0.100 0.040
0 1.148 0.504 0.009 0.006
0 0.696 0.458 0.009 0.006
0 1.128 0.441 0.005 0.003
0 1.090 0.440 0.005 0.004
0 0.606 0.436 0.007 0.004
0 1.034 0.428 0.004 0.003
0 1.087 0.411 0.007 0.004
0 1.064 0.408 0.004 0.003
0 0.952 0.393 0.004 0.002
0 0.962 0.384 0.005 0.003
0 0.948 0.377 0.011 0.007
0 1.081 0.375 0.006 0.003
0 1.113 0.371 0.004 0.002
0 1.079 0.317 0.006 0.004
0 0.484 0.308 0.005 0.004
0 1.201 0.302 0.005 0.003
0 1.178 0.281 0.004 0.003
0 0.642 0.268 0.007 0.004
0 0.665 0.264 0.004 0.003
0 0.931 0.262 0.004 0.002
0 0.881 0.252 0.006 0.004
0 0.915 0.181 0.007 0.005
0 0.959 0.167 0.005 0.003
0 0.888 0.162 0.002 0.001
0 0.874 0.153 0.005 0.003
0 0.852 0.117 0.009 0.005
0 0.546 0.012 0.008 0.005
4 0.361 0.316 0.176 0.126
