2 0.253 1.000 0.002 0.001
2 0.099 0.999 0.003 0.001
2 0.196 0.993 0.003 0.006
2 0.260 0.993 0.005 0.008
2 0.267 0.991 0.004 0.007
2 0.093 0.987 0.007 0.008
2 0.008 0.973 0.002 0.003
2 0.076 0.974 0.003 0.006
2 0.109 0.974 0.004 0.007
2 0.096 0.971 0.003 0.007
2 0.082 0.983 0.014 0.033
2 0.238 0.966 0.004 0.005
2 0.070 0.959 0.004 0.008
2 0.130 0.956 0.004 0.009
2 0.062 0.954 0.004 0.007
2 0.081 0.951 0.004 0.006
2 0.209 0.949 0.005 0.014
2 0.009 0.938 0.002 0.003
2 0.275 0.907 0.003 0.006
2 0.125 0.908 0.004 0.006
2 0.051 0.901 0.004 0.006
2 0.039 0.895 0.005 0.006
2 0.248 0.897 0.007 0.015
2 0.167 0.884 0.005 0.007
2 0.032 0.870 0.019 0.023
2 0.493 0.862 0.005 0.010
2 0.226 0.861 0.007 0.012
2 0.039 0.857 0.004 0.008
2 0.024 0.845 0.005 0.008
2 0.163 0.839 0.002 0.004
2 0.316 0.835 0.004 0.007
2 0.152 0.820 0.010 0.011
2 0.000 0.797 0.000 0.004
2 0.235 0.798 0.007 0.010
2 0.232 0.786 0.005 0.011
2 0.009 0.781 0.004 0.007
2 0.199 0.774 0.007 0.011
2 0.214 0.767 0.008 0.013
2 0.322 0.772 0.011 0.028
2 0.169 0.762 0.010 0.025
2 0.177 0.744 0.007 0.011
2 0.324 0.732 0.002 0.003
2 0.091 0.727 0.007 0.009
2 0.194 0.731 0.007 0.021
2 0.181 0.724 0.005 0.015
2 0.310 0.711 0.007 0.006
2 0.191 0.709 0.006 0.017
2 0.315 0.695 0.004 0.005
2 0.001 0.703 0.002 0.025
2 0.323 0.691 0.004 0.006
2 0.025 0.650 0.004 0.007
2 0.027 0.641 0.004 0.006
2 0.184 0.644 0.007 0.018
2 0.002 0.626 0.005 0.013
2 0.338 0.604 0.001 0.002
2 0.335 0.599 0.005 0.008
2 0.356 0.572 0.006 0.011
2 0.256 0.567 0.003 0.006
2 0.051 0.553 0.004 0.007
1 0.557 0.980 0.021 0.040
1 0.577 0.959 0.023 0.039
1 0.522 0.929 0.058 0.091
1 0.611 0.892 0.019 0.025
1 0.108 0.891 0.014 0.031
1 0.193 0.921 0.023 0.092
1 0.359 0.880 0.020 0.054
1 0.263 0.812 0.018 0.025
1 0.061 0.777 0.022 0.008
1 0.032 0.776 0.018 0.016
1 0.281 0.753 0.011 0.027
1 0.385 0.760 0.026 0.048
1 0.530 0.745 0.017 0.035
1 0.158 0.729 0.025 0.031
1 0.246 0.748 0.051 0.075
1 0.139 0.698 0.020 0.023
1 0.287 0.698 0.016 0.029
1 0.156 0.662 0.036 0.052
1 0.298 0.625 0.018 0.027
1 0.084 0.618 0.035 0.024
1 0.318 0.608 0.016 0.032
1 0.272 0.597 0.019 0.026
1 0.231 0.584 0.018 0.013
1 0.517 0.584 0.014 0.022
1 0.084 0.583 0.013 0.039
1 0.290 0.567 0.015 0.027
1 0.131 0.585 0.050 0.073
1 0.109 0.555 0.025 0.045
1 0.099 0.525 0.031 0.039
1 0.639 0.496 0.021 0.025
1 0.190 0.518 0.070 0.106
1 0.345 0.478 0.047 0.067
1 0.043 0.429 0.015 0.025
1 0.467 0.442 0.036 0.069
1 0.447 0.380 0.023 0.033
1 0.161 0.397 0.101 0.088
1 0.527 0.356 0.056 0.041
1 0.281 0.247 0.153 0.129
1 0.458 0.173 0.015 0.021
0 0.601 0.998 0.009 0.004
0 0.215 0.984 0.011 0.016
0 0.651 0.940 0.007 0.012
0 0.024 0.938 0.013 0.017
0 0.669 0.917 0.007 0.011
0 0.083 0.920 0.011 0.017
0 0.021 0.912 0.012 0.015
0 0.414 0.908 0.007 0.008
0 0.624 0.907 0.008 0.013
0 0.002 0.905 0.005 0.008
0 0.302 0.914 0.020 0.029
0 0.585 0.904 0.011 0.017
0 0.014 0.893 0.007 0.011
0 0.066 0.879 0.005 0.006
0 0.297 0.836 0.010 0.013
0 0.155 0.825 0.007 0.010
0 0.316 0.810 0.011 0.017
0 0.031 0.801 0.010 0.015
0 0.421 0.796 0.009 0.013
0 0.649 0.785 0.008 0.013
0 0.702 0.782 0.007 0.011
0 0.287 0.763 0.004 0.007
0 0.628 0.759 0.008 0.015
0 0.699 0.747 0.008 0.013
0 0.135 0.742 0.014 0.017
0 0.343 0.719 0.007 0.011
0 0.120 0.710 0.011 0.007
0 0.423 0.699 0.007 0.011
0 0.646 0.698 0.008 0.011
0 0.186 0.678 0.006 0.008
0 0.061 0.663 0.009 0.015
0 0.226 0.616 0.011 0.015
0 0.028 0.599 0.006 0.010
0 0.037 0.599 0.007 0.011
0 0.510 0.599 0.008 0.013
0 0.244 0.591 0.006 0.010
0 0.337 0.586 0.012 0.018
0 0.312 0.561 0.007 0.011
0 0.418 0.509 0.009 0.013
0 0.255 0.505 0.008 0.012
0 0.536 0.494 0.008 0.011
0 0.026 0.491 0.011 0.016
0 0.049 0.489 0.009 0.013
0 0.489 0.414 0.015 0.021
0 0.330 0.401 0.006 0.008
0 0.583 0.391 0.004 0.008
0 0.209 0.303 0.009 0.015
0 0.469 0.163 0.008 0.013
