2 0.745 0.998 0.004 0.004
2 0.757 0.996 0.006 0.008
2 0.983 0.996 0.007 0.008
2 0.751 0.990 0.008 0.018
2 0.793 0.979 0.009 0.015
2 0.783 0.967 0.012 0.013
2 0.856 0.972 0.014 0.024
2 0.750 0.961 0.017 0.028
2 0.770 0.951 0.010 0.016
2 0.889 0.943 0.031 0.052
2 0.861 0.900 0.011 0.020
2 0.900 0.897 0.008 0.025
2 0.913 0.886 0.005 0.013
2 0.930 0.871 0.007 0.014
2 0.884 0.863 0.015 0.032
2 0.966 0.846 0.014 0.023
2 0.909 0.842 0.019 0.044
2 0.952 0.794 0.011 0.024
2 0.442 0.673 0.013 0.022
2 0.439 0.623 0.011 0.012
2 0.532 0.607 0.017 0.017
2 0.476 0.596 0.005 0.010
2 0.415 0.582 0.007 0.008
2 0.440 0.596 0.022 0.037
2 0.404 0.585 0.011 0.026
2 0.438 0.575 0.006 0.008
2 0.395 0.575 0.004 0.008
2 0.480 0.579 0.014 0.021
2 0.450 0.558 0.004 0.006
2 0.409 0.555 0.003 0.007
2 0.438 0.554 0.007 0.011
2 0.417 0.561 0.013 0.027
2 0.429 0.525 0.009 0.014
2 0.405 0.521 0.004 0.009
2 0.443 0.519 0.004 0.007
2 0.442 0.508 0.003 0.010
2 0.431 0.507 0.007 0.010
2 0.447 0.477 0.006 0.011
1 0.519 0.576 0.018 0.032
1 0.458 0.566 0.025 0.023
1 0.610 0.548 0.060 0.056
1 0.527 0.467 0.164 0.174
1 0.522 0.361 0.032 0.033
1 0.660 0.313 0.039 0.046
1 0.491 0.178 0.010 0.024
1 0.452 0.131 0.027 0.042
1 0.788 0.121 0.025 0.032
1 0.589 0.112 0.118 0.082
0 0.775 0.980 0.012 0.018
0 0.652 0.842 0.011 0.016
0 0.617 0.804 0.009 0.014
0 0.331 0.776 0.008 0.012
0 0.933 0.777 0.012 0.017
0 0.868 0.538 0.008 0.012
0 0.884 0.507 0.008 0.013
0 0.996 0.177 0.008 0.013
0 0.483 0.166 0.011 0.018
0 0.763 0.076 0.008 0.012
3 0.511 0.368 0.109 0.213
