2 0.036 0.417 0.010 0.004
2 0.041 0.411 0.008 0.009
1 0.013 0.455 0.027 0.010
1 0.081 0.418 0.062 0.026
1 0.688 0.426 0.064 0.042
1 0.779 0.336 0.023 0.044
1 0.137 0.268 0.084 0.047
0 0.013 0.651 0.008 0.006
0 0.578 0.568 0.009 0.007
0 0.212 0.566 0.008 0.006
0 0.558 0.559 0.024 0.016
0 0.599 0.547 0.023 0.015
0 0.868 0.365 0.016 0.009
0 0.169 0.173 0.011 0.007
0 0.137 0.029 0.008 0.005
0 0.104 0.028 0.006 0.004
0 0.058 0.010 0.007 0.005
4 0.541 0.064 0.322 0.128
3 0.006 0.488 0.012 0.039
3 0.669 0.475 0.066 0.078
3 0.822 0.365 0.062 0.052
