2 0.434 0.721 0.014 0.027
2 0.111 0.671 0.020 0.020
2 0.132 0.309 0.013 0.015
2 0.409 0.297 0.032 0.069
2 0.533 0.330 0.111 0.161
2 0.008 0.272 0.016 0.049
2 0.125 0.257 0.044 0.062
2 0.188 0.208 0.023 0.022
2 0.401 0.159 0.075 0.104
2 0.124 0.112 0.058 0.029
2 0.135 0.075 0.027 0.026
1 0.109 0.996 0.006 0.008
1 0.094 0.988 0.011 0.023
1 0.111 0.981 0.004 0.015
1 0.126 0.980 0.003 0.015
1 0.121 0.972 0.004 0.012
1 0.104 0.926 0.004 0.014
1 0.098 0.927 0.006 0.016
1 0.117 0.944 0.016 0.056
1 0.003 0.763 0.006 0.028
1 0.198 0.613 0.012 0.025
1 0.215 0.605 0.005 0.018
1 0.250 0.588 0.007 0.012
1 0.202 0.590 0.011 0.024
1 0.260 0.578 0.007 0.012
1 0.234 0.578 0.011 0.029
1 0.303 0.566 0.011 0.019
1 0.253 0.565 0.014 0.019
1 0.283 0.558 0.006 0.008
1 0.209 0.549 0.010 0.017
1 0.262 0.524 0.010 0.017
1 0.254 0.519 0.006 0.010
1 0.158 0.415 0.003 0.008
1 0.160 0.402 0.007 0.012
1 0.165 0.355 0.007 0.011
1 0.180 0.327 0.003 0.017
1 0.161 0.326 0.007 0.014
1 0.214 0.315 0.007 0.011
1 0.169 0.310 0.005 0.011
1 0.187 0.330 0.022 0.063
1 0.201 0.292 0.021 0.033
1 0.176 0.279 0.004 0.008
1 0.208 0.261 0.007 0.009
1 0.223 0.211 0.004 0.008
1 0.228 0.209 0.006 0.011
1 0.234 0.205 0.004 0.008
1 0.209 0.206 0.010 0.020
1 0.198 0.199 0.008 0.018
1 0.379 0.201 0.018 0.028
1 0.160 0.188 0.005 0.007
1 0.174 0.177 0.005 0.006
1 0.167 0.177 0.006 0.006
1 0.164 0.166 0.005 0.007
1 0.158 0.164 0.005 0.008
1 0.185 0.172 0.019 0.029
1 0.141 0.166 0.024 0.027
1 0.004 0.112 0.008 0.013
1 0.031 0.090 0.010 0.023
0 0.032 0.940 0.007 0.012
0 0.041 0.933 0.007 0.011
0 0.189 0.667 0.011 0.018
0 0.174 0.665 0.011 0.018
0 0.326 0.435 0.008 0.014
0 0.160 0.295 0.010 0.015
0 0.405 0.225 0.007 0.010
0 0.030 0.197 0.011 0.020
0 0.077 0.168 0.010 0.013
0 0.045 0.156 0.007 0.011
0 0.063 0.128 0.010 0.015
0 0.124 0.018 0.007 0.011
3 0.162 0.227 0.042 0.063
3 0.500 0.264 0.174 0.249
3 0.055 0.057 0.110 0.114
