2 0.814 0.908 0.091 0.062
2 0.847 0.776 0.019 0.030
2 0.366 0.684 0.014 0.013
2 0.649 0.664 0.030 0.027
2 0.877 0.503 0.014 0.008
2 0.457 0.503 0.025 0.037
2 0.698 0.464 0.017 0.018
2 0.452 0.424 0.020 0.054
2 0.500 0.456 0.072 0.140
2 0.469 0.375 0.014 0.041
2 0.489 0.363 0.020 0.020
2 0.414 0.334 0.024 0.029
2 0.476 0.290 0.013 0.019
2 0.421 0.274 0.036 0.033
2 0.638 0.256 0.080 0.057
2 0.430 0.231 0.013 0.018
2 0.406 0.122 0.014 0.018
2 0.651 0.013 0.020 0.026
1 0.683 0.981 0.005 0.008
1 0.658 0.978 0.007 0.012
1 0.680 0.933 0.008 0.010
1 0.627 0.917 0.008 0.012
1 0.746 0.870 0.004 0.009
1 0.787 0.844 0.005 0.009
1 0.798 0.843 0.010 0.020
1 0.692 0.829 0.009 0.018
1 0.618 0.805 0.006 0.007
1 0.438 0.784 0.012 0.010
1 0.453 0.781 0.004 0.009
1 0.556 0.773 0.004 0.009
1 0.483 0.766 0.002 0.004
1 0.524 0.767 0.005 0.008
1 0.459 0.766 0.004 0.011
1 0.679 0.782 0.039 0.051
1 0.465 0.759 0.005 0.008
1 0.504 0.765 0.023 0.023
1 0.482 0.750 0.008 0.016
1 0.555 0.745 0.004 0.007
1 0.549 0.741 0.006 0.008
1 0.665 0.738 0.010 0.017
1 0.731 0.733 0.010 0.015
1 0.657 0.723 0.004 0.008
1 0.748 0.719 0.005 0.013
1 0.733 0.716 0.005 0.006
1 0.782 0.723 0.021 0.031
1 0.867 0.710 0.005 0.008
1 0.755 0.710 0.006 0.011
1 0.870 0.699 0.005 0.008
1 0.862 0.695 0.005 0.004
1 0.749 0.690 0.005 0.008
1 0.535 0.685 0.006 0.010
1 0.971 0.677 0.003 0.006
1 0.862 0.682 0.007 0.015
1 0.743 0.682 0.007 0.015
1 0.714 0.733 0.075 0.122
1 0.377 0.665 0.007 0.008
1 0.731 0.663 0.008 0.013
1 0.414 0.659 0.007 0.010
1 0.945 0.656 0.006 0.008
1 0.388 0.660 0.009 0.018
1 0.951 0.651 0.004 0.006
1 0.731 0.650 0.007 0.008
1 0.613 0.723 0.101 0.154
1 0.400 0.650 0.004 0.008
1 0.944 0.649 0.003 0.007
1 0.371 0.647 0.006 0.011
1 0.359 0.650 0.014 0.020
1 0.982 0.639 0.003 0.008
1 0.459 0.656 0.039 0.048
1 0.959 0.621 0.003 0.005
1 0.363 0.626 0.012 0.021
1 0.951 0.618 0.007 0.009
1 0.431 0.645 0.018 0.065
1 0.995 0.611 0.006 0.008
1 0.955 0.608 0.005 0.009
1 0.412 0.620 0.026 0.036
1 0.928 0.624 0.033 0.069
1 0.382 0.615 0.028 0.054
1 0.987 0.583 0.005 0.008
1 0.526 0.586 0.019 0.018
1 0.941 0.578 0.003 0.004
1 0.774 0.575 0.006 0.011
1 0.958 0.566 0.004 0.008
1 0.413 0.560 0.025 0.021
1 0.782 0.558 0.010 0.027
1 0.385 0.502 0.017 0.032
1 0.433 0.492 0.010 0.018
1 0.368 0.469 0.005 0.009
1 0.602 0.458 0.006 0.008
1 0.427 0.453 0.007 0.008
1 0.789 0.484 0.020 0.093
1 0.377 0.444 0.007 0.014
1 0.815 0.438 0.007 0.012
1 0.800 0.435 0.004 0.009
1 0.373 0.431 0.004 0.006
1 0.640 0.431 0.005 0.009
1 0.359 0.419 0.005 0.006
1 0.804 0.420 0.007 0.010
1 0.635 0.414 0.003 0.006
1 0.347 0.409 0.005 0.007
1 0.384 0.403 0.005 0.006
1 0.410 0.399 0.007 0.015
1 0.367 0.399 0.009 0.015
1 0.799 0.403 0.010 0.025
1 0.391 0.387 0.005 0.008
1 0.784 0.383 0.008 0.004
1 0.378 0.381 0.002 0.004
1 0.537 0.379 0.008 0.007
1 0.383 0.374 0.004 0.008
1 0.371 0.370 0.006 0.011
1 0.805 0.371 0.011 0.021
1 0.848 0.364 0.003 0.009
1 0.380 0.363 0.004 0.007
1 0.813 0.360 0.006 0.007
1 0.803 0.355 0.002 0.004
1 0.375 0.357 0.005 0.010
1 0.808 0.350 0.003 0.003
1 0.804 0.347 0.002 0.003
1 0.874 0.345 0.002 0.004
1 0.373 0.338 0.003 0.005
1 0.794 0.341 0.008 0.019
1 0.816 0.340 0.011 0.022
1 0.784 0.331 0.005 0.007
1 0.778 0.330 0.006 0.008
1 0.774 0.344 0.027 0.041
1 0.859 0.336 0.020 0.039
1 0.833 0.326 0.014 0.020
1 0.774 0.315 0.009 0.012
1 0.791 0.318 0.012 0.020
1 0.828 0.311 0.004 0.008
1 0.733 0.308 0.005 0.008
1 0.829 0.290 0.004 0.006
1 0.809 0.305 0.022 0.036
1 0.869 0.290 0.002 0.008
1 0.697 0.294 0.008 0.017
1 0.859 0.288 0.006 0.009
1 0.850 0.284 0.004 0.006
1 0.841 0.303 0.020 0.047
1 0.810 0.278 0.004 0.005
1 0.680 0.271 0.004 0.006
1 0.819 0.267 0.002 0.004
1 0.804 0.269 0.010 0.012
1 0.666 0.264 0.004 0.005
1 0.820 0.260 0.003 0.004
1 0.840 0.259 0.003 0.004
1 0.783 0.279 0.025 0.048
1 0.858 0.260 0.010 0.018
1 0.820 0.255 0.002 0.006
1 0.845 0.248 0.002 0.004
1 0.980 0.245 0.006 0.007
1 0.819 0.235 0.005 0.008
1 0.844 0.237 0.022 0.017
1 0.741 0.261 0.090 0.119
1 0.744 0.200 0.004 0.006
1 0.730 0.194 0.006 0.008
1 0.820 0.184 0.003 0.004
1 0.774 0.187 0.007 0.013
1 0.783 0.178 0.005 0.007
1 0.814 0.149 0.004 0.006
1 0.712 0.136 0.004 0.006
1 0.728 0.140 0.014 0.018
1 0.823 0.134 0.005 0.008
1 0.755 0.135 0.008 0.013
1 0.342 0.121 0.006 0.006
1 0.347 0.114 0.003 0.007
1 0.733 0.110 0.005 0.007
1 0.360 0.107 0.007 0.007
1 0.375 0.099 0.021 0.021
1 0.359 0.091 0.004 0.008
1 0.752 0.093 0.008 0.013
1 0.359 0.056 0.048 0.052
0 0.847 0.982 0.010 0.015
0 0.857 0.970 0.008 0.010
0 0.388 0.809 0.006 0.009
0 0.427 0.684 0.007 0.011
0 0.510 0.684 0.009 0.012
0 0.398 0.657 0.002 0.003
0 0.817 0.650 0.008 0.011
0 0.827 0.640 0.005 0.007
0 0.721 0.640 0.005 0.008
0 0.459 0.598 0.012 0.015
0 0.834 0.570 0.013 0.019
0 0.908 0.555 0.007 0.011
0 0.667 0.540 0.008 0.011
0 0.281 0.473 0.007 0.012
0 0.741 0.459 0.007 0.011
0 0.663 0.450 0.007 0.011
0 0.561 0.423 0.009 0.011
0 0.301 0.391 0.005 0.008
0 0.642 0.387 0.007 0.011
0 0.604 0.374 0.005 0.007
0 0.393 0.361 0.005 0.008
0 0.401 0.338 0.005 0.009
0 0.249 0.324 0.005 0.008
0 0.464 0.315 0.005 0.007
0 0.558 0.312 0.006 0.008
0 0.508 0.296 0.005 0.007
0 0.549 0.283 0.007 0.008
0 0.552 0.265 0.011 0.009
0 0.315 0.257 0.005 0.008
0 0.268 0.214 0.007 0.013
0 0.479 0.194 0.006 0.009
0 0.450 0.193 0.005 0.008
0 0.298 0.180 0.005 0.008
0 0.500 0.064 0.007 0.011
0 0.818 0.013 0.006 0.010
