2 0.801 0.955 0.047 0.086
2 0.704 0.828 0.034 0.026
2 0.726 0.770 0.032 0.016
1 0.991 0.880 0.006 0.011
1 0.963 0.866 0.004 0.004
1 0.875 0.864 0.007 0.010
1 0.917 0.857 0.005 0.007
1 0.621 0.861 0.022 0.017
1 0.915 0.826 0.013 0.015
1 0.940 0.822 0.009 0.014
1 0.934 0.808 0.003 0.004
1 0.910 0.805 0.007 0.008
1 0.855 0.802 0.006 0.006
1 0.846 0.795 0.003 0.006
1 0.857 0.787 0.006 0.008
1 0.860 0.773 0.007 0.011
1 0.846 0.760 0.009 0.012
1 0.832 0.759 0.015 0.018
1 0.871 0.751 0.006 0.009
1 0.813 0.762 0.019 0.047
1 0.799 0.732 0.010 0.017
1 0.913 0.713 0.011 0.027
1 0.867 0.718 0.022 0.043
1 0.871 0.679 0.005 0.009
1 0.892 0.683 0.014 0.024
1 0.984 0.668 0.004 0.011
1 0.851 0.657 0.009 0.014
1 0.999 0.647 0.002 0.020
1 0.904 0.652 0.013 0.035
1 0.806 0.643 0.013 0.027
1 0.872 0.638 0.031 0.025
1 0.956 0.626 0.019 0.020
1 0.909 0.620 0.014 0.031
1 0.828 0.613 0.014 0.019
1 0.999 0.592 0.003 0.011
1 0.788 0.607 0.016 0.044
1 0.992 0.577 0.006 0.007
1 0.998 0.577 0.004 0.007
1 0.815 0.567 0.031 0.067
1 0.983 0.542 0.009 0.023
1 0.865 0.572 0.053 0.091
1 0.861 0.471 0.006 0.006
1 0.888 0.458 0.008 0.012
1 0.866 0.455 0.010 0.014
1 0.953 0.318 0.005 0.011
1 0.991 0.304 0.018 0.028
1 0.915 0.276 0.055 0.041
1 0.989 0.257 0.022 0.040
1 0.366 0.208 0.014 0.027
1 0.900 0.204 0.010 0.031
1 0.379 0.143 0.021 0.051
1 0.485 0.096 0.012 0.025
1 0.492 0.048 0.004 0.007
1 0.452 0.035 0.013 0.013
1 0.484 0.010 0.018 0.020
0 0.759 0.930 0.012 0.017
0 0.858 0.517 0.010 0.016
4 0.417 0.827 0.208 0.346
3 0.742 0.994 0.029 0.012
