2 0.878 0.951 0.033 0.015
2 0.847 0.907 0.054 0.076
2 0.792 0.838 0.035 0.033
2 0.728 0.818 0.030 0.037
2 0.668 0.730 0.044 0.027
2 0.770 0.757 0.154 0.094
2 0.868 0.702 0.037 0.029
2 0.846 0.672 0.007 0.010
2 0.759 0.645 0.014 0.011
2 0.868 0.635 0.020 0.025
2 0.691 0.627 0.027 0.029
2 0.707 0.599 0.011 0.018
2 0.645 0.639 0.066 0.144
2 0.814 0.528 0.008 0.016
2 0.826 0.490 0.023 0.025
2 0.828 0.445 0.020 0.029
2 0.856 0.433 0.011 0.018
2 0.811 0.241 0.011 0.020
2 0.644 0.204 0.030 0.044
2 0.591 0.147 0.017 0.014
2 0.712 0.011 0.016 0.022
1 0.746 0.696 0.003 0.005
1 0.758 0.698 0.008 0.013
1 0.896 0.616 0.014 0.022
1 0.923 0.610 0.006 0.015
1 0.856 0.589 0.004 0.009
1 0.996 0.588 0.005 0.014
1 0.903 0.584 0.004 0.011
1 0.865 0.587 0.010 0.018
1 0.949 0.579 0.007 0.013
1 0.926 0.581 0.008 0.029
1 0.908 0.573 0.007 0.013
1 0.916 0.567 0.005 0.014
1 0.882 0.572 0.019 0.025
1 0.668 0.548 0.012 0.008
1 0.977 0.555 0.011 0.051
1 0.806 0.514 0.008 0.022
1 0.618 0.497 0.005 0.007
1 0.716 0.496 0.007 0.011
1 0.592 0.495 0.008 0.013
1 0.926 0.529 0.068 0.085
1 0.605 0.487 0.006 0.007
1 0.874 0.494 0.009 0.022
1 0.607 0.467 0.007 0.012
1 0.950 0.463 0.011 0.015
1 0.581 0.434 0.010 0.012
1 0.696 0.427 0.005 0.011
1 0.599 0.419 0.006 0.008
1 0.982 0.417 0.005 0.013
1 0.647 0.402 0.006 0.009
1 0.742 0.394 0.009 0.022
1 0.651 0.388 0.005 0.014
1 0.942 0.370 0.005 0.012
1 0.959 0.364 0.007 0.017
1 0.760 0.357 0.006 0.017
1 0.737 0.360 0.007 0.027
1 0.956 0.343 0.007 0.015
1 0.674 0.337 0.005 0.013
1 0.662 0.331 0.005 0.012
1 0.788 0.321 0.003 0.013
1 0.947 0.315 0.007 0.014
1 0.796 0.318 0.007 0.020
1 0.579 0.303 0.007 0.012
1 0.793 0.256 0.004 0.018
1 0.886 0.239 0.007 0.006
1 0.982 0.277 0.037 0.094
1 0.819 0.233 0.004 0.008
1 0.607 0.227 0.004 0.012
1 0.898 0.225 0.006 0.013
1 0.667 0.220 0.007 0.015
1 0.947 0.216 0.016 0.028
1 0.927 0.208 0.006 0.012
1 0.826 0.203 0.007 0.020
1 0.896 0.200 0.007 0.021
1 0.905 0.193 0.004 0.009
1 0.682 0.187 0.010 0.027
1 0.786 0.202 0.032 0.064
1 0.734 0.208 0.076 0.081
1 0.692 0.163 0.025 0.025
1 0.820 0.162 0.008 0.025
1 0.763 0.152 0.006 0.012
1 0.893 0.148 0.006 0.021
1 0.766 0.131 0.011 0.013
1 0.701 0.125 0.005 0.008
1 0.625 0.125 0.010 0.022
1 0.796 0.123 0.012 0.027
1 0.917 0.114 0.017 0.024
1 0.941 0.095 0.005 0.011
1 0.783 0.129 0.034 0.080
1 0.979 0.146 0.041 0.120
1 0.931 0.096 0.006 0.022
1 0.677 0.093 0.014 0.017
1 0.976 0.081 0.003 0.006
1 0.937 0.072 0.005 0.008
1 0.969 0.064 0.004 0.011
1 0.760 0.073 0.010 0.034
1 0.750 0.061 0.006 0.011
1 0.666 0.065 0.046 0.034
1 0.660 0.033 0.006 0.012
1 0.944 0.023 0.046 0.046
1 0.911 0.037 0.025 0.074
1 0.894 0.000 0.002 0.001
1 0.846 0.065 0.112 0.130
1 0.817 0.008 0.013 0.017
0 0.537 0.838 0.012 0.015
0 0.232 0.538 0.007 0.012
0 0.558 0.494 0.008 0.012
0 0.918 0.413 0.005 0.008
0 0.643 0.410 0.005 0.006
0 0.818 0.387 0.008 0.012
0 0.615 0.368 0.006 0.011
0 0.551 0.352 0.005 0.008
0 0.834 0.350 0.008 0.012
0 0.918 0.351 0.010 0.015
0 0.963 0.307 0.007 0.011
0 0.846 0.251 0.007 0.010
0 0.664 0.239 0.008 0.014
0 0.608 0.179 0.008 0.014
0 0.957 0.088 0.005 0.007
0 0.620 0.010 0.007 0.013
4 0.322 0.084 0.267 0.169
3 0.701 0.888 0.028 0.052
