2 0.120 0.998 0.008 0.005
2 0.136 0.988 0.025 0.023
2 0.632 0.904 0.015 0.025
2 0.176 0.864 0.012 0.035
2 0.631 0.848 0.042 0.050
2 0.476 0.829 0.011 0.029
2 0.191 0.824 0.022 0.046
2 0.368 0.789 0.019 0.046
2 0.477 0.769 0.004 0.013
2 0.461 0.765 0.022 0.033
2 0.381 0.697 0.022 0.030
2 0.245 0.692 0.028 0.079
2 0.288 0.696 0.050 0.092
2 0.442 0.591 0.021 0.025
2 0.382 0.563 0.028 0.040
2 0.287 0.533 0.028 0.039
2 0.442 0.482 0.025 0.045
2 0.281 0.469 0.021 0.030
2 0.462 0.461 0.019 0.027
2 0.447 0.381 0.031 0.033
2 0.126 0.361 0.027 0.037
2 0.385 0.326 0.024 0.032
2 0.115 0.242 0.018 0.014
2 0.126 0.186 0.112 0.060
2 0.008 0.120 0.015 0.019
1 0.435 0.999 0.003 0.002
1 0.442 0.995 0.006 0.010
1 0.287 0.988 0.004 0.006
1 0.351 0.990 0.006 0.012
1 0.437 0.983 0.007 0.011
1 0.391 0.981 0.006 0.008
1 0.273 0.985 0.009 0.015
1 0.408 0.987 0.013 0.025
1 0.242 0.986 0.052 0.027
1 0.465 0.984 0.012 0.027
1 0.286 0.970 0.009 0.020
1 0.321 0.966 0.008 0.020
1 0.479 0.953 0.003 0.005
1 0.469 0.952 0.003 0.006
1 0.206 0.952 0.005 0.009
1 0.319 0.950 0.007 0.009
1 0.472 0.938 0.004 0.006
1 0.160 0.938 0.008 0.013
1 0.487 0.936 0.007 0.015
1 0.482 0.932 0.005 0.008
1 0.466 0.923 0.006 0.007
1 0.396 0.944 0.022 0.057
1 0.437 0.951 0.048 0.091
1 0.263 0.908 0.010 0.017
1 0.419 0.896 0.005 0.006
1 0.476 0.904 0.026 0.036
1 0.402 0.894 0.019 0.037
1 0.239 0.921 0.066 0.094
1 0.254 0.877 0.005 0.008
1 0.278 0.883 0.012 0.022
1 0.434 0.881 0.012 0.027
1 0.375 0.899 0.021 0.075
1 0.272 0.869 0.012 0.020
1 0.331 0.863 0.008 0.013
1 0.306 0.864 0.012 0.017
1 0.465 0.857 0.008 0.008
1 0.316 0.857 0.008 0.010
1 0.282 0.858 0.006 0.011
1 0.339 0.854 0.006 0.008
1 0.287 0.852 0.004 0.008
1 0.217 0.849 0.009 0.015
1 0.328 0.845 0.008 0.009
1 0.266 0.851 0.021 0.043
1 0.340 0.826 0.006 0.008
1 0.039 0.824 0.005 0.011
1 0.325 0.819 0.004 0.007
1 0.002 0.817 0.004 0.007
1 0.349 0.812 0.004 0.007
1 0.284 0.827 0.017 0.039
1 0.291 0.791 0.006 0.007
1 0.276 0.772 0.010 0.018
1 0.015 0.764 0.004 0.008
1 0.322 0.764 0.009 0.016
1 0.280 0.752 0.007 0.015
1 0.329 0.752 0.013 0.018
1 0.257 0.755 0.023 0.026
1 0.033 0.772 0.022 0.064
1 0.055 0.770 0.029 0.072
1 0.312 0.749 0.016 0.041
1 0.033 0.713 0.008 0.015
1 0.060 0.705 0.004 0.006
1 0.023 0.699 0.005 0.008
1 0.003 0.665 0.006 0.011
1 0.074 0.682 0.016 0.050
1 0.042 0.667 0.024 0.048
1 0.274 0.630 0.007 0.009
1 0.046 0.627 0.009 0.015
1 0.129 0.623 0.004 0.008
1 0.271 0.621 0.007 0.007
1 0.134 0.616 0.004 0.008
1 0.123 0.611 0.006 0.009
1 0.100 0.610 0.005 0.006
1 0.258 0.617 0.013 0.021
1 0.272 0.607 0.014 0.015
1 0.103 0.585 0.006 0.008
1 0.265 0.583 0.006 0.006
1 0.059 0.582 0.004 0.006
1 0.048 0.582 0.005 0.007
1 0.033 0.584 0.008 0.011
1 0.457 0.578 0.005 0.008
1 0.034 0.571 0.005 0.009
1 0.148 0.544 0.005 0.007
1 0.304 0.531 0.006 0.008
1 0.266 0.536 0.012 0.022
1 0.085 0.530 0.009 0.014
1 0.298 0.516 0.011 0.017
1 0.277 0.508 0.005 0.008
1 0.127 0.545 0.036 0.089
1 0.092 0.473 0.010 0.027
1 0.174 0.363 0.008 0.008
1 0.159 0.338 0.006 0.008
1 0.167 0.318 0.006 0.008
1 0.334 0.261 0.005 0.009
1 0.344 0.255 0.004 0.006
1 0.336 0.251 0.005 0.010
1 0.269 0.244 0.018 0.016
1 0.340 0.235 0.004 0.008
1 0.255 0.226 0.006 0.009
1 0.234 0.212 0.002 0.004
1 0.242 0.212 0.004 0.006
1 0.255 0.200 0.002 0.007
1 0.327 0.192 0.008 0.010
1 0.243 0.185 0.009 0.014
1 0.231 0.099 0.043 0.047
1 0.370 0.084 0.023 0.036
1 0.382 0.063 0.004 0.008
1 0.244 0.061 0.006 0.007
0 0.649 0.998 0.010 0.005
0 0.568 0.998 0.008 0.005
0 0.618 0.960 0.012 0.020
0 0.634 0.941 0.011 0.018
0 0.451 0.920 0.006 0.008
0 0.302 0.923 0.010 0.015
0 0.497 0.888 0.007 0.011
0 0.471 0.876 0.006 0.008
0 0.354 0.877 0.016 0.027
0 0.549 0.833 0.005 0.007
0 0.428 0.829 0.005 0.008
0 0.460 0.821 0.007 0.008
0 0.409 0.802 0.012 0.017
0 0.501 0.794 0.006 0.008
0 0.350 0.753 0.009 0.012
0 0.193 0.721 0.008 0.009
0 0.345 0.710 0.009 0.012
0 0.357 0.704 0.010 0.015
0 0.221 0.676 0.006 0.007
0 0.434 0.655 0.011 0.015
0 0.384 0.638 0.012 0.017
0 0.233 0.636 0.008 0.013
0 0.356 0.616 0.014 0.018
0 0.420 0.555 0.014 0.019
0 0.472 0.545 0.007 0.011
0 0.479 0.540 0.006 0.008
0 0.427 0.535 0.006 0.008
0 0.471 0.531 0.006 0.008
0 0.219 0.450 0.007 0.010
0 0.229 0.443 0.005 0.009
0 0.238 0.436 0.005 0.008
0 0.368 0.414 0.007 0.010
0 0.306 0.417 0.011 0.016
0 0.283 0.408 0.005 0.008
0 0.121 0.399 0.012 0.018
0 0.289 0.365 0.014 0.019
0 0.342 0.357 0.005 0.007
0 0.306 0.332 0.011 0.014
0 0.455 0.318 0.012 0.018
0 0.371 0.303 0.004 0.006
0 0.393 0.291 0.007 0.008
0 0.424 0.285 0.007 0.010
0 0.147 0.251 0.006 0.010
0 0.386 0.245 0.005 0.008
0 0.307 0.230 0.008 0.013
0 0.148 0.219 0.008 0.012
0 0.207 0.211 0.004 0.006
0 0.200 0.197 0.007 0.010
0 0.021 0.142 0.007 0.009
0 0.343 0.114 0.009 0.015
0 0.066 0.108 0.007 0.011
