0 0.440065 0.243153 0.008862 0.011587
1 0.619636 0.965765 0.014925 0.012992
1 0.653568 0.438553 0.022621 0.032303
1 0.826259 0.391152 0.041978 0.056882
2 0.765159 0.778090 0.013993 0.016854
2 0.746035 0.772472 0.015392 0.011236
2 0.577892 0.677844 0.006996 0.014396
2 0.599930 0.662921 0.007696 0.020365
2 0.778918 0.643610 0.007463 0.011236
2 0.631996 0.641854 0.010261 0.023876
2 0.607859 0.633076 0.009095 0.014045
2 0.606460 0.604810 0.004897 0.019312
2 0.785564 0.604459 0.012826 0.027739
2 0.767024 0.585147 0.007463 0.034059
2 0.738223 0.549157 0.011427 0.013343
2 0.727729 0.546875 0.007229 0.011587
2 0.616371 0.529670 0.004198 0.023525
2 0.704058 0.516327 0.020056 0.017907
2 0.667910 0.501404 0.010728 0.018961
2 0.763293 0.485955 0.012593 0.019663
2 0.653218 0.473139 0.015392 0.018610
2 0.754664 0.468750 0.018657 0.016854
2 0.607393 0.427493 0.011894 0.022823
2 0.759562 0.435042 0.019590 0.051966
2 0.757346 0.397999 0.011894 0.017205
2 0.777635 0.397121 0.013759 0.016152
2 0.701143 0.390625 0.008629 0.017205
2 0.771339 0.375351 0.024953 0.033006
2 0.739739 0.361306 0.023321 0.033006
2 0.705924 0.351299 0.011660 0.013694
2 0.794193 0.337079 0.007229 0.012640
2 0.615322 0.328476 0.013759 0.012289
2 0.695312 0.305478 0.010494 0.011236
2 0.666161 0.318820 0.036147 0.059691
2 0.625816 0.295822 0.051539 0.060042
2 0.602262 0.261938 0.019823 0.016854
2 0.700326 0.254389 0.035448 0.042486
2 0.655084 0.222261 0.011194 0.018258
2 0.632463 0.205758 0.017257 0.010534
2 0.665812 0.206987 0.015858 0.022823
2 0.722948 0.208392 0.014459 0.029143
2 0.708372 0.177142 0.010028 0.012992
2 0.691581 0.175386 0.011894 0.014396
3 0.308769 0.424333 0.139459 0.207514
