2 0.849 1.000 0.005 0.001
2 0.973 0.997 0.009 0.006
2 0.963 0.997 0.007 0.006
2 0.913 0.995 0.007 0.011
2 0.940 0.988 0.025 0.025
2 0.991 0.768 0.005 0.017
2 0.997 0.763 0.005 0.028
2 0.979 0.699 0.013 0.045
2 0.226 0.537 0.006 0.010
2 0.233 0.522 0.007 0.018
2 0.245 0.492 0.006 0.013
2 0.910 0.233 0.007 0.011
2 0.848 0.224 0.014 0.022
2 0.891 0.220 0.013 0.016
2 0.805 0.220 0.009 0.025
2 0.925 0.217 0.016 0.029
2 0.909 0.208 0.013 0.028
2 0.866 0.192 0.007 0.011
2 0.854 0.188 0.004 0.011
2 0.941 0.189 0.005 0.018
2 0.878 0.191 0.010 0.027
2 0.850 0.179 0.006 0.017
2 0.857 0.173 0.005 0.010
2 0.917 0.172 0.008 0.013
2 0.940 0.170 0.007 0.013
2 0.789 0.170 0.005 0.012
2 0.925 0.176 0.007 0.030
2 0.890 0.176 0.014 0.031
2 0.931 0.156 0.010 0.022
2 0.905 0.146 0.007 0.009
2 0.803 0.136 0.006 0.009
2 0.872 0.133 0.005 0.007
2 0.953 0.147 0.020 0.038
2 0.973 0.135 0.017 0.033
2 1.000 0.112 0.000 0.004
2 0.955 0.120 0.015 0.019
2 0.792 0.099 0.005 0.011
2 0.993 0.090 0.006 0.013
2 0.795 0.069 0.011 0.020
1 0.816 0.928 0.191 0.132
1 0.185 0.711 0.028 0.013
1 0.255 0.634 0.151 0.130
1 0.625 0.583 0.044 0.068
1 0.727 0.442 0.022 0.037
1 0.549 0.406 0.020 0.047
1 0.926 0.337 0.125 0.107
1 0.994 0.287 0.011 0.014
1 0.750 0.064 0.021 0.029
1 0.770 0.051 0.018 0.016
1 0.827 0.043 0.103 0.081
0 0.194 0.804 0.008 0.015
0 0.406 0.491 0.007 0.013
0 0.736 0.474 0.013 0.018
0 0.694 0.287 0.010 0.014
0 0.996 0.234 0.005 0.007
0 0.668 0.209 0.008 0.013
0 0.442 0.193 0.005 0.009
0 0.985 0.176 0.007 0.011
0 0.530 0.139 0.007 0.012
0 0.903 0.123 0.013 0.016
4 0.522 0.870 0.207 0.259
3 0.982 0.318 0.027 0.039
3 1.000 0.011 0.000 0.013
3 0.913 0.056 0.083 0.112
