2 0.001 0.284 0.001 0.005
2 0.087 0.236 0.006 0.007
2 0.101 0.234 0.006 0.011
2 0.091 0.202 0.011 0.010
2 0.037 0.194 0.008 0.006
2 0.152 0.193 0.007 0.006
2 0.136 0.192 0.008 0.010
2 0.024 0.188 0.006 0.005
2 0.000 0.179 0.001 0.001
2 0.935 0.093 0.018 0.009
2 0.863 0.066 0.006 0.004
2 0.836 0.064 0.016 0.007
2 1.071 0.075 0.027 0.039
2 0.829 0.024 0.027 0.012
2 0.897 0.022 0.029 0.014
2 0.949 0.015 0.009 0.006
2 0.850 0.005 0.008 0.010
1 0.627 0.570 0.048 0.027
1 0.462 0.449 0.027 0.037
1 0.027 0.343 0.025 0.012
1 0.018 0.335 0.036 0.014
1 0.075 0.332 0.018 0.012
1 0.594 0.323 0.018 0.025
1 0.029 0.291 0.025 0.013
1 0.310 0.265 0.012 0.015
1 0.612 0.260 0.039 0.047
1 0.565 0.213 0.050 0.036
1 0.126 0.147 0.019 0.009
0 0.259 0.616 0.025 0.015
0 0.156 0.607 0.011 0.008
0 0.136 0.590 0.009 0.008
0 0.429 0.563 0.016 0.010
0 0.184 0.547 0.011 0.008
0 0.051 0.314 0.008 0.006
0 0.537 0.296 0.013 0.012
0 0.037 0.251 0.006 0.005
0 0.127 0.224 0.008 0.008
0 0.671 0.206 0.014 0.009
0 0.631 0.171 0.022 0.011
0 0.154 0.126 0.007 0.005
0 0.134 0.078 0.023 0.010
0 0.228 0.055 0.006 0.006
0 0.148 0.040 0.011 0.007
0 0.189 0.036 0.006 0.004
0 1.028 0.032 0.017 0.009
0 0.254 0.006 0.010 0.006
4 0.489 0.055 0.357 0.110
3 0.071 0.068 0.114 0.065
