2 0.966 0.837 0.063 0.063
2 0.738 0.807 0.020 0.034
2 0.994 0.797 0.012 0.031
2 0.850 0.777 0.021 0.040
2 0.794 0.798 0.072 0.103
2 0.904 0.754 0.019 0.030
2 0.916 0.722 0.015 0.015
2 0.952 0.750 0.063 0.080
2 0.615 0.722 0.017 0.028
2 0.711 0.717 0.065 0.086
2 0.826 0.683 0.018 0.032
2 0.913 0.671 0.041 0.014
2 0.965 0.679 0.014 0.047
2 0.657 0.630 0.011 0.022
2 0.957 0.627 0.049 0.033
2 0.801 0.575 0.026 0.033
2 0.642 0.578 0.039 0.046
2 0.881 0.537 0.088 0.132
2 0.999 0.469 0.001 0.012
2 0.998 0.446 0.004 0.022
2 0.849 0.406 0.046 0.053
2 0.815 0.170 0.027 0.029
1 0.854 0.982 0.004 0.006
1 0.767 0.973 0.004 0.006
1 0.758 0.964 0.003 0.006
1 0.735 0.962 0.004 0.011
1 0.835 0.958 0.004 0.008
1 0.759 0.953 0.005 0.007
1 0.766 0.950 0.007 0.013
1 0.758 0.936 0.013 0.018
1 0.743 0.933 0.012 0.011
1 0.913 0.929 0.004 0.008
1 0.771 0.927 0.012 0.010
1 0.715 0.909 0.003 0.008
1 0.774 0.907 0.004 0.007
1 0.741 0.905 0.004 0.006
1 0.887 0.924 0.030 0.048
1 0.865 0.913 0.018 0.028
1 0.720 0.899 0.006 0.005
1 0.758 0.908 0.029 0.035
1 0.706 0.891 0.005 0.006
1 0.899 0.891 0.007 0.008
1 0.738 0.886 0.004 0.005
1 0.802 0.886 0.005 0.006
1 0.765 0.881 0.005 0.006
1 0.905 0.878 0.009 0.011
1 0.896 0.874 0.003 0.007
1 0.925 0.878 0.015 0.020
1 0.831 0.896 0.030 0.060
1 0.877 0.881 0.029 0.036
1 0.909 0.864 0.005 0.006
1 0.892 0.864 0.003 0.006
1 0.927 0.862 0.005 0.004
1 0.888 0.858 0.003 0.008
1 0.932 0.855 0.004 0.005
1 0.910 0.855 0.004 0.006
1 0.905 0.853 0.007 0.014
1 0.892 0.846 0.004 0.008
1 0.897 0.843 0.002 0.004
1 0.632 0.843 0.006 0.011
1 0.910 0.833 0.003 0.005
1 0.897 0.834 0.004 0.008
1 0.861 0.829 0.002 0.004
1 0.841 0.850 0.027 0.048
1 0.856 0.818 0.003 0.003
1 0.861 0.816 0.004 0.005
1 0.888 0.823 0.017 0.027
1 0.866 0.807 0.002 0.006
1 0.969 0.798 0.003 0.004
1 0.904 0.797 0.004 0.006
1 0.895 0.794 0.011 0.008
1 0.871 0.796 0.009 0.015
1 0.920 0.778 0.004 0.006
1 0.815 0.725 0.008 0.015
1 0.759 0.672 0.007 0.012
1 0.881 0.664 0.003 0.004
1 0.747 0.664 0.002 0.004
1 0.886 0.661 0.003 0.006
1 0.802 0.663 0.008 0.020
1 0.882 0.654 0.005 0.008
1 0.826 0.655 0.010 0.020
1 0.949 0.644 0.002 0.004
1 0.941 0.639 0.001 0.006
1 0.882 0.637 0.007 0.011
1 0.785 0.642 0.009 0.020
1 0.922 0.638 0.007 0.014
1 0.866 0.633 0.007 0.008
1 0.834 0.634 0.005 0.011
1 0.801 0.635 0.007 0.015
1 0.824 0.627 0.004 0.006
1 0.952 0.626 0.003 0.006
1 0.946 0.626 0.003 0.006
1 0.797 0.625 0.006 0.011
1 0.830 0.623 0.007 0.009
1 0.841 0.622 0.004 0.008
1 0.819 0.631 0.009 0.029
1 0.891 0.618 0.004 0.005
1 0.785 0.618 0.006 0.011
1 0.823 0.612 0.003 0.005
1 0.802 0.609 0.005 0.008
1 0.805 0.601 0.002 0.005
1 0.812 0.598 0.002 0.003
1 0.996 0.603 0.009 0.014
1 0.774 0.598 0.004 0.006
1 0.777 0.591 0.002 0.006
1 0.796 0.537 0.004 0.006
0 0.917 0.927 0.006 0.010
0 0.823 0.846 0.005 0.007
0 0.812 0.822 0.008 0.014
0 0.916 0.813 0.010 0.013
0 0.863 0.758 0.007 0.011
0 0.623 0.763 0.014 0.022
0 0.638 0.741 0.015 0.026
0 0.880 0.729 0.006 0.008
0 0.876 0.712 0.004 0.006
0 0.918 0.648 0.007 0.010
0 0.662 0.618 0.005 0.007
0 0.734 0.554 0.007 0.013
0 0.967 0.526 0.008 0.013
0 0.632 0.303 0.012 0.022
3 0.929 0.484 0.122 0.180
