2 0.114 0.969 0.007 0.007
2 0.114 0.929 0.004 0.006
2 0.107 0.925 0.007 0.009
2 0.165 0.876 0.007 0.014
2 0.026 0.868 0.009 0.011
2 0.070 0.867 0.022 0.029
2 0.089 0.859 0.012 0.027
2 0.064 0.848 0.009 0.009
2 0.071 0.845 0.005 0.007
2 0.122 0.842 0.004 0.005
2 0.075 0.841 0.002 0.004
2 0.081 0.844 0.006 0.011
2 0.054 0.839 0.010 0.009
2 0.090 0.838 0.006 0.008
2 0.025 0.833 0.014 0.027
2 0.136 0.822 0.005 0.007
2 0.397 0.825 0.010 0.016
2 0.052 0.819 0.007 0.011
2 0.163 0.811 0.003 0.006
2 0.357 0.809 0.010 0.013
2 0.191 0.807 0.008 0.011
2 0.042 0.804 0.008 0.025
2 0.363 0.797 0.021 0.013
2 0.054 0.789 0.004 0.006
2 0.179 0.788 0.007 0.010
2 0.328 0.781 0.007 0.008
2 0.186 0.778 0.006 0.008
2 0.344 0.777 0.007 0.011
2 0.135 0.774 0.010 0.006
2 0.185 0.754 0.011 0.028
2 0.170 0.751 0.014 0.022
2 0.068 0.752 0.022 0.032
2 0.345 0.735 0.007 0.010
2 0.004 0.723 0.009 0.018
2 0.030 0.741 0.021 0.055
2 0.177 0.713 0.021 0.046
2 0.313 0.696 0.011 0.013
2 0.205 0.714 0.024 0.060
2 0.083 0.674 0.005 0.006
2 0.167 0.679 0.016 0.020
2 0.143 0.666 0.007 0.008
2 0.184 0.663 0.005 0.008
2 0.130 0.662 0.005 0.006
2 0.081 0.662 0.004 0.007
2 0.302 0.668 0.027 0.022
2 0.449 0.659 0.007 0.009
2 0.118 0.649 0.003 0.004
2 0.413 0.651 0.009 0.010
2 0.100 0.654 0.010 0.016
2 0.463 0.649 0.003 0.006
2 0.090 0.651 0.009 0.015
2 0.331 0.648 0.012 0.010
2 0.064 0.660 0.014 0.033
2 0.236 0.646 0.005 0.011
2 0.072 0.643 0.008 0.010
2 0.042 0.642 0.003 0.006
2 0.010 0.642 0.005 0.009
2 0.038 0.678 0.041 0.084
2 0.144 0.635 0.004 0.008
2 0.358 0.630 0.014 0.013
2 0.151 0.630 0.008 0.013
2 0.412 0.626 0.008 0.008
2 0.480 0.627 0.008 0.011
2 0.177 0.638 0.017 0.032
2 0.138 0.620 0.006 0.008
2 0.063 0.620 0.021 0.025
2 0.152 0.605 0.005 0.007
2 0.194 0.608 0.007 0.018
2 0.326 0.602 0.010 0.008
2 0.003 0.605 0.007 0.014
2 0.102 0.615 0.057 0.045
2 0.435 0.598 0.010 0.011
2 0.476 0.591 0.006 0.010
2 0.262 0.599 0.023 0.032
2 0.098 0.584 0.014 0.015
2 0.451 0.571 0.007 0.011
2 0.185 0.570 0.006 0.010
2 0.276 0.567 0.040 0.037
2 0.312 0.551 0.010 0.010
2 0.162 0.535 0.004 0.006
2 0.140 0.531 0.004 0.006
2 0.265 0.533 0.017 0.012
2 0.128 0.528 0.005 0.008
2 0.136 0.522 0.004 0.006
2 0.156 0.510 0.005 0.007
2 0.146 0.513 0.008 0.013
2 0.177 0.509 0.006 0.009
2 0.477 0.430 0.009 0.020
2 0.437 0.420 0.027 0.044
2 0.323 0.410 0.013 0.026
2 0.401 0.406 0.023 0.021
2 0.474 0.396 0.003 0.006
2 0.446 0.398 0.005 0.011
2 0.350 0.401 0.030 0.033
2 0.022 0.390 0.004 0.011
2 0.475 0.386 0.004 0.005
2 0.130 0.376 0.010 0.012
2 0.337 0.373 0.014 0.019
2 0.430 0.376 0.012 0.028
2 0.058 0.363 0.005 0.008
2 0.381 0.375 0.021 0.043
2 0.000 0.353 0.001 0.005
2 0.442 0.355 0.013 0.021
2 0.409 0.352 0.013 0.018
2 0.334 0.349 0.008 0.011
2 0.432 0.344 0.006 0.008
2 0.293 0.350 0.012 0.022
2 0.367 0.361 0.026 0.048
2 0.003 0.341 0.005 0.008
2 0.421 0.341 0.009 0.015
2 0.396 0.340 0.018 0.015
2 0.320 0.337 0.017 0.014
2 0.442 0.328 0.009 0.007
2 0.135 0.327 0.011 0.022
2 0.153 0.313 0.006 0.009
2 0.253 0.330 0.026 0.046
2 0.200 0.310 0.005 0.006
2 0.109 0.306 0.003 0.005
2 0.359 0.315 0.020 0.025
2 0.399 0.317 0.025 0.032
2 0.076 0.305 0.006 0.008
2 0.166 0.309 0.025 0.020
2 0.099 0.309 0.011 0.026
2 0.311 0.305 0.013 0.021
2 0.340 0.297 0.007 0.011
2 0.291 0.303 0.013 0.022
2 0.093 0.290 0.003 0.005
2 0.373 0.292 0.014 0.014
2 0.170 0.291 0.007 0.014
2 0.102 0.280 0.004 0.006
2 0.464 0.278 0.005 0.008
2 0.093 0.277 0.002 0.006
2 0.291 0.272 0.012 0.008
2 0.048 0.315 0.057 0.103
2 0.192 0.288 0.026 0.056
2 0.441 0.253 0.004 0.013
2 0.295 0.238 0.009 0.017
2 0.235 0.282 0.090 0.111
2 0.442 0.227 0.005 0.011
2 0.436 0.222 0.005 0.009
2 0.062 0.200 0.004 0.004
2 0.036 0.202 0.005 0.008
2 0.049 0.196 0.003 0.006
2 0.519 0.195 0.004 0.006
2 0.323 0.218 0.036 0.055
2 0.355 0.240 0.107 0.103
2 0.278 0.188 0.006 0.008
2 0.064 0.179 0.004 0.007
2 0.472 0.178 0.005 0.008
2 0.047 0.175 0.004 0.005
2 0.461 0.183 0.020 0.021
2 0.026 0.176 0.007 0.008
2 0.492 0.182 0.020 0.025
2 0.086 0.176 0.005 0.014
2 0.102 0.172 0.005 0.009
2 0.065 0.171 0.003 0.007
2 0.366 0.167 0.006 0.009
2 0.033 0.165 0.006 0.009
2 0.435 0.169 0.012 0.020
2 0.514 0.158 0.014 0.022
2 0.177 0.146 0.005 0.008
2 0.421 0.138 0.005 0.006
2 0.406 0.159 0.019 0.056
2 0.442 0.131 0.008 0.013
2 0.039 0.133 0.013 0.020
2 0.061 0.126 0.007 0.011
2 0.019 0.121 0.005 0.007
2 0.414 0.120 0.009 0.008
2 0.429 0.121 0.010 0.012
2 0.036 0.116 0.006 0.009
2 0.011 0.112 0.005 0.009
2 0.203 0.108 0.005 0.008
2 0.169 0.104 0.006 0.011
2 0.001 0.102 0.002 0.006
2 0.449 0.094 0.013 0.010
2 0.038 0.094 0.009 0.012
2 0.005 0.084 0.009 0.017
2 0.039 0.075 0.003 0.006
2 0.006 0.071 0.004 0.006
2 0.014 0.062 0.006 0.008
2 0.030 0.062 0.008 0.011
2 0.021 0.041 0.005 0.006
2 0.007 0.028 0.012 0.015
2 0.016 0.016 0.018 0.013
2 0.052 0.006 0.005 0.006
2 0.395 0.007 0.010 0.013
2 0.318 0.004 0.009 0.008
2 0.035 0.003 0.006 0.006
2 0.020 0.001 0.005 0.002
1 0.492 0.784 0.024 0.025
1 0.422 0.716 0.052 0.076
1 0.376 0.687 0.028 0.036
1 0.396 0.665 0.014 0.015
1 0.477 0.488 0.033 0.061
1 0.153 0.081 0.020 0.017
1 0.164 0.065 0.017 0.017
1 0.319 0.069 0.038 0.055
1 0.287 0.019 0.012 0.010
1 0.527 0.000 0.010 0.001
0 0.102 0.881 0.014 0.011
0 0.109 0.833 0.008 0.013
0 0.460 0.805 0.006 0.011
0 0.229 0.804 0.010 0.015
0 0.260 0.658 0.006 0.009
0 0.455 0.655 0.003 0.007
0 0.493 0.629 0.011 0.013
0 0.316 0.581 0.005 0.010
0 0.420 0.540 0.009 0.012
0 0.434 0.474 0.004 0.008
0 0.326 0.290 0.003 0.006
0 0.263 0.237 0.010 0.021
0 0.205 0.217 0.006 0.009
0 0.146 0.199 0.008 0.015
0 0.347 0.130 0.009 0.009
0 0.332 0.134 0.013 0.020
0 0.286 0.131 0.008 0.013
0 0.368 0.071 0.008 0.011
0 0.372 0.056 0.007 0.009
0 0.188 0.031 0.009 0.009
0 0.282 0.029 0.006 0.011
