0 0.198577 0.745435 0.006297 0.007725
0 0.241138 0.515801 0.006530 0.009129
0 0.174207 0.472788 0.006063 0.008076
0 0.768190 0.236131 0.009328 0.015801
0 0.205924 0.171699 0.007463 0.009831
0 0.391908 0.043188 0.005364 0.007725
1 0.245919 0.581285 0.010028 0.016503
1 0.179221 0.451545 0.011427 0.018961
1 0.452892 0.311973 0.007929 0.011587
1 0.349697 0.307233 0.010028 0.008427
1 0.342934 0.298104 0.005364 0.011938
1 0.204524 0.193645 0.009328 0.008778
1 0.491954 0.168890 0.027752 0.043539
1 0.459422 0.092346 0.018657 0.020365
1 0.683769 0.084972 0.019590 0.035815
1 0.386311 0.060393 0.008162 0.009129
2 0.213619 0.644136 0.006063 0.008076
2 0.085238 0.543890 0.008629 0.007725
2 0.354594 0.436447 0.004431 0.013343
2 0.359258 0.469628 0.024021 0.097261
2 0.364855 0.395541 0.006297 0.021419
2 0.349114 0.371313 0.012593 0.022121
2 0.358909 0.351124 0.009328 0.023174
2 0.340252 0.347437 0.013993 0.027037
2 0.316231 0.341292 0.006063 0.025281
2 0.299790 0.334972 0.018890 0.077949
2 0.293727 0.270014 0.006763 0.010534
2 0.303405 0.263167 0.006530 0.008076
2 0.146455 0.264045 0.006530 0.010534
2 0.391558 0.265801 0.014459 0.016854
2 0.317980 0.254565 0.005830 0.009129
2 0.476562 0.251580 0.005364 0.010183
2 0.151702 0.249298 0.009562 0.007725
2 0.386194 0.250351 0.011660 0.019663
2 0.329641 0.238237 0.015159 0.013694
2 0.349347 0.235077 0.007463 0.010885
2 0.304338 0.235253 0.005597 0.014747
2 0.360541 0.241749 0.014925 0.029143
2 0.379198 0.236306 0.013060 0.025281
2 0.377682 0.220154 0.006297 0.007022
2 0.366371 0.220330 0.006530 0.009480
2 0.354128 0.219979 0.004897 0.009480
2 0.352495 0.201369 0.009562 0.015801
2 0.659748 0.061973 0.009328 0.006671
2 0.659515 0.038799 0.007929 0.008778
