2 0.790 0.967 0.208 0.060
2 0.867 0.921 0.047 0.041
2 0.877 0.876 0.045 0.046
2 0.757 0.856 0.045 0.072
2 0.552 0.517 0.021 0.039
2 0.524 0.472 0.026 0.052
2 0.733 0.473 0.051 0.074
1 0.254 0.526 0.004 0.008
1 0.267 0.513 0.005 0.015
1 0.282 0.496 0.003 0.008
1 0.291 0.484 0.005 0.011
1 0.726 0.418 0.015 0.027
1 0.727 0.382 0.010 0.037
1 0.455 0.358 0.006 0.013
1 0.445 0.359 0.009 0.022
1 0.463 0.348 0.010 0.010
1 0.260 0.341 0.005 0.008
1 0.480 0.333 0.005 0.006
1 0.489 0.332 0.007 0.012
1 0.469 0.328 0.016 0.011
1 0.239 0.324 0.004 0.008
1 0.463 0.317 0.005 0.006
1 0.259 0.317 0.006 0.011
1 0.493 0.310 0.004 0.009
1 0.195 0.289 0.003 0.007
1 0.443 0.284 0.007 0.010
1 0.240 0.283 0.004 0.008
1 0.173 0.279 0.006 0.009
1 0.185 0.278 0.010 0.017
1 0.218 0.258 0.004 0.008
1 0.181 0.255 0.005 0.006
1 0.193 0.224 0.004 0.010
1 0.281 0.209 0.006 0.006
1 0.267 0.199 0.004 0.011
1 0.220 0.183 0.005 0.006
1 0.248 0.175 0.008 0.012
1 0.999 0.142 0.003 0.017
1 0.994 0.121 0.011 0.025
1 0.947 0.131 0.075 0.046
1 0.901 0.115 0.012 0.015
1 0.941 0.075 0.008 0.012
1 0.968 0.072 0.028 0.032
1 0.986 0.054 0.010 0.018
1 0.998 0.055 0.005 0.026
1 0.923 0.056 0.041 0.032
1 0.884 0.055 0.029 0.058
1 0.932 0.025 0.050 0.041
1 0.913 0.011 0.008 0.012
1 0.972 0.019 0.036 0.038
1 0.752 0.008 0.016 0.016
0 0.687 0.865 0.011 0.019
0 0.566 0.495 0.007 0.011
0 0.829 0.407 0.006 0.010
0 0.861 0.338 0.010 0.016
0 0.444 0.217 0.009 0.016
0 0.712 0.202 0.010 0.018
0 0.944 0.150 0.007 0.013
0 0.986 0.092 0.007 0.011
0 0.615 0.052 0.012 0.020
3 0.889 0.978 0.040 0.036
3 0.365 0.822 0.043 0.083
3 0.541 0.741 0.069 0.138
