2 0.185 0.999 0.008 0.003
2 0.718 0.995 0.015 0.009
2 0.251 0.978 0.019 0.044
2 0.371 0.976 0.056 0.047
2 0.155 0.948 0.038 0.051
2 0.988 0.910 0.014 0.013
2 0.218 0.749 0.031 0.034
2 0.348 0.729 0.030 0.048
2 0.303 0.683 0.023 0.023
2 0.238 0.688 0.072 0.052
2 0.935 0.642 0.078 0.079
2 0.918 0.582 0.011 0.014
2 0.235 0.562 0.039 0.079
2 0.288 0.522 0.044 0.094
2 0.462 0.451 0.020 0.038
2 0.823 0.072 0.042 0.061
2 0.724 0.075 0.062 0.078
1 0.240 0.991 0.004 0.010
1 0.961 0.983 0.003 0.004
1 0.192 0.966 0.004 0.007
1 0.693 0.961 0.004 0.010
1 0.747 0.917 0.013 0.016
1 0.229 0.910 0.005 0.010
1 0.688 0.913 0.004 0.017
1 0.695 0.911 0.009 0.022
1 0.728 0.900 0.007 0.012
1 0.718 0.881 0.004 0.007
1 0.759 0.875 0.004 0.006
1 0.701 0.883 0.006 0.022
1 0.745 0.864 0.005 0.007
1 0.962 0.862 0.007 0.015
1 0.808 0.847 0.004 0.006
1 0.921 0.844 0.002 0.004
1 0.969 0.843 0.009 0.008
1 0.949 0.833 0.003 0.009
1 0.770 0.827 0.005 0.006
1 0.774 0.818 0.005 0.007
1 0.743 0.812 0.004 0.006
1 0.808 0.807 0.005 0.008
1 0.997 0.800 0.006 0.013
1 0.766 0.797 0.012 0.022
1 0.964 0.788 0.005 0.010
1 0.941 0.786 0.007 0.013
1 0.808 0.778 0.003 0.004
1 0.860 0.780 0.005 0.018
1 0.932 0.767 0.004 0.006
1 0.876 0.770 0.019 0.015
1 0.833 0.766 0.003 0.008
1 0.994 0.765 0.008 0.013
1 0.977 0.757 0.011 0.010
1 0.849 0.752 0.019 0.027
1 0.868 0.741 0.005 0.009
1 0.745 0.733 0.003 0.006
1 0.861 0.733 0.004 0.008
1 0.934 0.728 0.004 0.007
1 0.846 0.718 0.003 0.005
1 0.953 0.712 0.005 0.006
1 0.829 0.711 0.006 0.008
1 0.867 0.709 0.004 0.008
1 0.948 0.706 0.006 0.007
1 0.956 0.702 0.003 0.015
1 0.866 0.695 0.003 0.005
1 0.923 0.688 0.004 0.007
1 0.995 0.700 0.011 0.032
1 0.930 0.683 0.004 0.007
1 0.875 0.672 0.005 0.006
1 0.883 0.674 0.007 0.017
1 0.939 0.661 0.003 0.005
1 0.847 0.640 0.010 0.013
1 0.997 0.626 0.007 0.013
1 0.957 0.620 0.008 0.010
1 0.902 0.603 0.004 0.007
1 0.935 0.561 0.006 0.013
1 0.944 0.526 0.003 0.010
1 0.952 0.513 0.004 0.008
1 0.925 0.508 0.004 0.006
1 0.952 0.501 0.002 0.004
1 0.980 0.494 0.004 0.006
1 0.960 0.486 0.005 0.008
1 0.987 0.457 0.005 0.010
1 0.972 0.450 0.005 0.008
1 0.987 0.441 0.005 0.008
1 0.973 0.438 0.007 0.013
1 0.979 0.437 0.006 0.012
1 0.995 0.431 0.003 0.011
1 0.976 0.425 0.007 0.008
1 0.963 0.433 0.013 0.024
1 0.986 0.417 0.007 0.016
1 0.520 0.336 0.014 0.017
0 0.808 0.993 0.007 0.010
0 1.000 0.905 0.000 0.005
0 0.969 0.888 0.007 0.011
0 0.853 0.851 0.007 0.011
0 0.676 0.815 0.007 0.010
0 0.925 0.805 0.008 0.011
0 0.923 0.793 0.009 0.013
0 0.910 0.790 0.006 0.009
0 0.910 0.772 0.005 0.007
0 0.798 0.732 0.009 0.014
0 0.782 0.729 0.007 0.012
0 0.923 0.710 0.005 0.008
0 0.805 0.713 0.009 0.015
0 0.313 0.604 0.010 0.015
0 0.822 0.549 0.006 0.009
0 0.939 0.462 0.007 0.011
0 0.951 0.404 0.010 0.014
0 0.953 0.384 0.009 0.013
0 0.928 0.372 0.007 0.011
0 0.971 0.333 0.013 0.017
0 0.801 0.298 0.007 0.013
4 0.513 0.914 0.229 0.171
