2 0.790 0.847 0.016 0.009
2 0.862 0.784 0.020 0.022
2 0.936 0.646 0.010 0.017
2 0.649 0.060 0.132 0.121
1 0.982 0.967 0.025 0.029
1 0.998 0.945 0.004 0.020
1 0.986 0.920 0.016 0.037
1 0.890 0.900 0.006 0.011
1 0.996 0.895 0.007 0.010
1 0.968 0.893 0.007 0.008
1 0.934 0.907 0.021 0.035
1 0.864 0.885 0.007 0.007
1 0.906 0.890 0.017 0.021
1 0.921 0.880 0.010 0.019
1 0.942 0.879 0.014 0.021
1 0.879 0.870 0.011 0.016
1 0.849 0.874 0.018 0.029
1 0.963 0.857 0.023 0.044
1 0.982 0.849 0.026 0.047
1 0.826 0.841 0.030 0.041
1 0.943 0.829 0.014 0.020
1 0.965 0.815 0.005 0.006
1 0.808 0.805 0.015 0.021
1 0.797 0.786 0.005 0.006
1 0.979 0.779 0.005 0.007
1 0.909 0.760 0.007 0.015
1 0.802 0.727 0.017 0.009
1 0.986 0.681 0.008 0.013
1 0.810 0.675 0.005 0.008
1 0.948 0.669 0.005 0.011
1 0.964 0.689 0.027 0.058
1 0.789 0.662 0.013 0.010
1 0.978 0.650 0.008 0.017
1 0.793 0.642 0.005 0.006
1 0.958 0.634 0.006 0.009
1 0.888 0.629 0.013 0.014
1 0.984 0.616 0.004 0.006
1 0.966 0.611 0.006 0.007
1 0.836 0.610 0.004 0.007
1 0.825 0.603 0.004 0.007
1 0.956 0.603 0.007 0.008
1 0.975 0.600 0.005 0.009
1 0.942 0.599 0.005 0.009
1 0.964 0.588 0.010 0.010
1 0.705 0.052 0.009 0.013
0 0.643 0.928 0.007 0.011
0 0.853 0.807 0.010 0.013
0 0.883 0.794 0.006 0.010
0 0.726 0.035 0.011 0.016
4 0.479 0.882 0.233 0.237
