2 1.480 0.655 0.029 0.019
2 1.322 0.653 0.027 0.017
2 1.277 0.637 0.013 0.009
2 1.419 0.406 0.007 0.005
2 1.447 0.401 0.007 0.004
2 1.425 0.398 0.013 0.007
2 0.904 0.389 0.006 0.004
2 1.441 0.385 0.006 0.005
2 1.412 0.376 0.029 0.028
2 1.396 0.363 0.008 0.003
2 1.431 0.361 0.015 0.010
2 1.452 0.344 0.010 0.007
2 1.419 0.314 0.018 0.014
2 1.487 0.324 0.037 0.034
2 1.465 0.308 0.011 0.006
2 1.442 0.310 0.016 0.013
2 1.499 0.302 0.013 0.011
2 1.393 0.316 0.079 0.050
2 1.472 0.296 0.032 0.015
2 1.421 0.275 0.042 0.029
2 1.466 0.267 0.039 0.021
2 1.440 0.241 0.034 0.014
2 1.398 0.235 0.029 0.016
2 1.255 0.218 0.008 0.007
2 1.176 0.215 0.018 0.010
2 1.155 0.241 0.043 0.062
2 1.400 0.213 0.025 0.016
2 1.425 0.206 0.032 0.015
2 1.402 0.097 0.018 0.007
1 1.469 0.614 0.039 0.031
1 1.453 0.299 0.015 0.010
0 1.499 0.411 0.010 0.007
0 1.163 0.377 0.020 0.012
0 0.903 0.345 0.013 0.008
4 0.508 0.564 0.331 0.200
