0 0.750527 0.564832 0.007374 0.005131
0 0.564256 0.541278 0.005618 0.003265
0 0.995260 0.471665 0.008076 0.005364
0 1.225948 0.459188 0.008778 0.005131
0 1.235779 0.440648 0.011587 0.007696
0 0.685218 0.426889 0.006671 0.004897
0 0.632198 0.418377 0.008076 0.005131
0 1.095330 0.413596 0.009480 0.006297
0 0.437500 0.387127 0.005618 0.003731
0 0.928195 0.379548 0.004565 0.003032
0 1.086903 0.373951 0.006671 0.005364
0 0.579881 0.359142 0.005969 0.003731
0 0.682409 0.353312 0.009480 0.006530
0 0.661166 0.345616 0.007725 0.005131
0 1.049684 0.341884 0.005267 0.003731
0 0.999473 0.328825 0.005969 0.003731
0 0.670822 0.323228 0.008076 0.005131
0 1.033181 0.315299 0.006671 0.004198
0 1.159059 0.309585 0.004916 0.003965
0 0.965063 0.301423 0.003862 0.002565
0 0.945049 0.297458 0.003160 0.002565
0 0.773174 0.296292 0.009129 0.005830
0 0.527388 0.276003 0.009831 0.006297
0 1.186096 0.261894 0.007725 0.004198
0 0.605337 0.258279 0.005618 0.003032
0 0.574965 0.257346 0.008778 0.006297
0 0.596208 0.255714 0.006320 0.004897
0 0.809691 0.232393 0.005618 0.003498
0 0.486482 0.229128 0.008076 0.005830
0 0.784410 0.224930 0.007022 0.004431
0 0.831987 0.219916 0.004565 0.003265
0 0.748596 0.217701 0.004916 0.003032
0 0.791959 0.217118 0.005267 0.003265
0 0.806355 0.212920 0.005969 0.004198
0 0.743329 0.210471 0.004213 0.003032
0 0.757900 0.210704 0.008076 0.004897
0 0.767029 0.208256 0.005969 0.004198
0 1.181882 0.203591 0.007725 0.004198
0 0.826018 0.204291 0.008076 0.006063
0 0.918013 0.201726 0.003862 0.002799
0 0.998596 0.197295 0.004213 0.002799
0 0.918890 0.193097 0.007022 0.004664
0 0.801615 0.177472 0.008427 0.004664
0 0.592697 0.175023 0.006320 0.003965
0 0.921173 0.168727 0.008778 0.006297
0 0.823736 0.159632 0.012640 0.008162
0 0.697858 0.144473 0.005267 0.003498
0 0.902212 0.142024 0.005267 0.003731
0 0.788799 0.136077 0.008076 0.004431
0 0.966117 0.128965 0.005267 0.003265
0 0.802142 0.117887 0.008076 0.005364
0 0.520014 0.097598 0.005618 0.003498
0 0.910639 0.097248 0.005267 0.003265
0 0.968750 0.097132 0.007022 0.004431
0 0.924333 0.093983 0.005267 0.003731
0 0.919768 0.083839 0.005267 0.003498
0 0.974192 0.078708 0.003862 0.002565
0 0.956461 0.073694 0.003511 0.002332
0 0.762114 0.066581 0.005267 0.003498
0 0.378687 0.060984 0.005969 0.003965
0 0.979459 0.061684 0.010885 0.006297
0 0.879213 0.056320 0.005618 0.003498
1 0.728055 0.637010 0.028441 0.017024
1 1.135885 0.585938 0.038624 0.023088
1 0.564782 0.534165 0.014396 0.007229
1 0.865344 0.403801 0.010183 0.017024
1 1.104810 0.388526 0.017205 0.016325
1 1.111657 0.359841 0.007725 0.011660
1 0.976299 0.330457 0.023525 0.012593
1 0.958919 0.289412 0.014045 0.006530
1 1.139396 0.296992 0.054775 0.034748
1 0.768785 0.236590 0.021419 0.015159
1 0.820576 0.219333 0.010534 0.009562
1 1.186447 0.220266 0.050562 0.036147
1 1.254213 0.208139 0.039326 0.034282
1 0.806355 0.193330 0.019312 0.016791
1 1.199614 0.188083 0.017205 0.009095
1 1.170119 0.187850 0.024930 0.012360
1 0.828827 0.187617 0.026334 0.023554
1 1.153617 0.181437 0.019312 0.018657
1 0.225597 0.172458 0.019312 0.007229
1 0.528441 0.173158 0.041433 0.023088
1 1.140625 0.167327 0.029143 0.012360
1 0.514572 0.123251 0.053020 0.024487
1 0.623596 0.112407 0.016854 0.013993
1 0.506847 0.096549 0.032654 0.013526
1 1.025808 0.080924 0.010183 0.006530
1 0.546699 0.037663 0.030899 0.018424
2 0.515449 0.482276 0.009129 0.005131
2 0.858322 0.151353 0.003160 0.002332
2 0.845857 0.140858 0.018961 0.006063
2 0.816011 0.137943 0.006320 0.003032
2 0.841117 0.133512 0.020014 0.007696
3 0.359726 0.316348 0.186447 0.129431
