2 0.422 0.945 0.023 0.049
2 0.309 0.924 0.029 0.030
2 0.330 0.849 0.016 0.015
2 0.304 0.848 0.067 0.106
2 0.390 0.790 0.059 0.091
2 0.296 0.730 0.020 0.036
2 0.410 0.730 0.040 0.039
2 0.290 0.634 0.028 0.043
2 0.049 0.642 0.025 0.058
2 0.348 0.548 0.063 0.096
2 0.054 0.548 0.108 0.121
2 0.361 0.472 0.019 0.033
2 0.182 0.439 0.049 0.039
2 0.069 0.415 0.039 0.051
2 0.400 0.297 0.060 0.050
2 0.412 0.252 0.049 0.041
2 0.128 0.241 0.029 0.019
2 0.486 0.242 0.053 0.063
2 0.093 0.094 0.083 0.110
1 0.005 1.000 0.004 0.001
1 0.086 0.999 0.006 0.001
1 0.068 0.999 0.012 0.001
1 0.390 0.997 0.014 0.006
1 0.243 0.994 0.013 0.011
1 0.403 0.990 0.010 0.008
1 0.325 0.992 0.008 0.011
1 0.350 0.992 0.020 0.016
1 0.094 0.983 0.005 0.006
1 0.299 0.989 0.032 0.022
1 0.059 0.976 0.016 0.020
1 0.153 0.972 0.008 0.019
1 0.199 0.962 0.006 0.007
1 0.107 0.961 0.008 0.008
1 0.052 0.961 0.006 0.010
1 0.218 0.977 0.034 0.046
1 0.273 0.963 0.027 0.027
1 0.250 0.965 0.019 0.033
1 0.062 0.946 0.006 0.009
1 0.362 0.959 0.022 0.041
1 0.450 0.942 0.012 0.009
1 0.388 0.943 0.008 0.011
1 0.244 0.944 0.011 0.014
1 0.050 0.938 0.011 0.013
1 0.268 0.936 0.009 0.011
1 0.393 0.930 0.004 0.006
1 0.458 0.929 0.009 0.006
1 0.093 0.943 0.020 0.046
1 0.018 0.919 0.006 0.008
1 0.071 0.928 0.025 0.032
1 0.056 0.910 0.005 0.008
1 0.177 0.952 0.035 0.096
1 0.089 0.908 0.008 0.008
1 0.268 0.911 0.018 0.018
1 0.117 0.926 0.034 0.055
1 0.096 0.902 0.007 0.010
1 0.052 0.888 0.007 0.011
1 0.015 0.884 0.007 0.012
1 0.084 0.881 0.006 0.008
1 0.068 0.888 0.009 0.031
1 0.224 0.911 0.052 0.080
1 0.158 0.903 0.041 0.084
1 0.012 0.860 0.007 0.017
1 0.153 0.855 0.008 0.008
1 0.193 0.846 0.007 0.011
1 0.036 0.841 0.004 0.004
1 0.212 0.874 0.054 0.079
1 0.207 0.840 0.013 0.017
1 0.164 0.846 0.015 0.028
1 0.028 0.832 0.006 0.011
1 0.177 0.828 0.014 0.013
1 0.413 0.866 0.063 0.100
1 0.205 0.822 0.010 0.015
1 0.217 0.820 0.010 0.013
1 0.162 0.817 0.005 0.006
1 0.043 0.819 0.014 0.011
1 0.000 0.805 0.001 0.007
1 0.081 0.835 0.032 0.075
1 0.038 0.788 0.007 0.008
1 0.009 0.790 0.018 0.032
1 0.124 0.834 0.063 0.127
1 0.043 0.770 0.011 0.017
1 0.098 0.769 0.013 0.020
1 0.188 0.764 0.014 0.017
1 0.185 0.785 0.062 0.065
1 0.251 0.738 0.014 0.018
1 0.207 0.747 0.022 0.035
1 0.030 0.736 0.011 0.018
1 0.071 0.771 0.042 0.090
1 0.535 0.729 0.007 0.008
1 0.144 0.740 0.027 0.039
1 0.190 0.734 0.014 0.038
1 0.285 0.723 0.013 0.022
1 0.117 0.725 0.012 0.034
1 0.063 0.705 0.023 0.025
1 0.174 0.704 0.012 0.025
1 0.201 0.693 0.012 0.016
1 0.012 0.694 0.015 0.019
1 0.470 0.789 0.080 0.222
1 0.087 0.685 0.006 0.015
1 0.213 0.673 0.010 0.008
1 0.155 0.670 0.009 0.018
1 0.489 0.663 0.016 0.020
1 0.152 0.656 0.008 0.012
1 0.005 0.653 0.004 0.007
1 0.191 0.662 0.028 0.041
1 0.118 0.639 0.020 0.016
1 0.378 0.631 0.010 0.012
1 0.208 0.623 0.020 0.022
1 0.192 0.625 0.011 0.029
1 0.476 0.636 0.070 0.074
1 0.479 0.597 0.021 0.032
1 0.220 0.588 0.048 0.051
1 0.533 0.562 0.006 0.010
1 0.498 0.564 0.014 0.015
1 0.277 0.575 0.017 0.038
1 0.208 0.552 0.008 0.011
1 0.533 0.551 0.005 0.010
1 0.249 0.558 0.025 0.025
1 0.460 0.557 0.029 0.028
1 0.227 0.538 0.009 0.022
1 0.492 0.529 0.027 0.031
1 0.301 0.521 0.017 0.020
1 0.460 0.521 0.015 0.024
1 0.307 0.499 0.009 0.008
1 0.500 0.502 0.016 0.018
1 0.394 0.497 0.007 0.011
1 0.480 0.494 0.007 0.013
1 0.434 0.559 0.058 0.143
1 0.462 0.483 0.002 0.004
1 0.304 0.486 0.007 0.011
1 0.332 0.482 0.014 0.008
1 0.451 0.477 0.006 0.008
1 0.481 0.469 0.010 0.012
1 0.456 0.464 0.007 0.006
1 0.335 0.466 0.012 0.013
1 0.525 0.472 0.013 0.027
1 0.289 0.459 0.005 0.008
1 0.475 0.458 0.007 0.008
1 0.442 0.445 0.024 0.020
1 0.406 0.456 0.040 0.048
1 0.503 0.441 0.016 0.022
1 0.464 0.417 0.021 0.009
1 0.424 0.415 0.026 0.020
1 0.307 0.408 0.009 0.007
1 0.208 0.408 0.009 0.012
1 0.289 0.403 0.005 0.008
1 0.484 0.400 0.011 0.017
1 0.503 0.400 0.017 0.024
1 0.444 0.385 0.013 0.026
1 0.274 0.381 0.011 0.017
1 0.206 0.365 0.007 0.008
1 0.481 0.368 0.014 0.025
1 0.418 0.365 0.027 0.032
1 0.433 0.352 0.013 0.014
1 0.364 0.401 0.091 0.119
1 0.456 0.341 0.011 0.011
1 0.418 0.337 0.014 0.016
1 0.181 0.306 0.007 0.010
1 0.167 0.295 0.013 0.012
1 0.288 0.286 0.025 0.015
1 0.176 0.277 0.007 0.011
1 0.262 0.333 0.176 0.133
1 0.138 0.224 0.007 0.006
1 0.110 0.224 0.008 0.010
1 0.027 0.214 0.018 0.023
1 0.158 0.212 0.010 0.022
1 0.037 0.199 0.010 0.012
1 0.116 0.210 0.043 0.037
1 0.078 0.210 0.045 0.047
1 0.015 0.191 0.008 0.013
1 0.088 0.193 0.017 0.023
1 0.043 0.185 0.009 0.012
1 0.149 0.181 0.007 0.011
1 0.205 0.185 0.024 0.023
1 0.069 0.177 0.014 0.015
1 0.120 0.180 0.026 0.024
1 0.015 0.165 0.007 0.009
1 0.077 0.160 0.007 0.006
1 0.153 0.160 0.014 0.013
1 0.051 0.160 0.018 0.021
1 0.406 0.153 0.014 0.013
1 0.010 0.146 0.007 0.011
1 0.440 0.134 0.009 0.006
1 0.206 0.132 0.009 0.011
1 0.268 0.182 0.097 0.123
1 0.002 0.125 0.005 0.011
1 0.360 0.167 0.067 0.109
1 0.161 0.104 0.008 0.009
1 0.280 0.104 0.016 0.033
1 0.131 0.097 0.014 0.023
1 0.250 0.092 0.028 0.036
1 0.212 0.100 0.056 0.065
1 0.227 0.074 0.015 0.020
1 0.240 0.048 0.016 0.020
1 0.042 0.044 0.018 0.027
1 0.258 0.030 0.008 0.010
1 0.216 0.027 0.026 0.034
1 0.240 0.016 0.012 0.013
1 0.036 0.010 0.014 0.014
1 0.188 0.020 0.019 0.039
1 0.160 0.017 0.021 0.033
1 0.083 0.012 0.046 0.023
0 0.026 0.953 0.010 0.015
0 0.036 0.894 0.009 0.015
0 0.377 0.886 0.008 0.012
0 0.346 0.869 0.007 0.008
0 0.408 0.847 0.013 0.018
0 0.334 0.781 0.012 0.014
0 0.341 0.715 0.008 0.010
0 0.151 0.692 0.010 0.014
0 0.526 0.682 0.006 0.011
0 0.017 0.631 0.019 0.027
0 0.135 0.598 0.010 0.014
0 0.129 0.539 0.007 0.011
0 0.112 0.503 0.004 0.006
0 0.143 0.490 0.012 0.015
0 0.169 0.369 0.008 0.013
0 0.170 0.313 0.005 0.008
0 0.155 0.296 0.005 0.007
0 0.150 0.289 0.004 0.007
0 0.131 0.291 0.008 0.012
0 0.054 0.252 0.008 0.012
0 0.192 0.231 0.006 0.008
3 0.041 0.390 0.045 0.071
