0 0.241397 0.471082 0.005267 0.003265
0 1.037746 0.371035 0.006671 0.003265
0 0.403441 0.352379 0.009129 0.004198
1 0.203476 0.521339 0.010885 0.006763
1 0.267907 0.552472 0.082865 0.087687
1 0.188378 0.484142 0.015098 0.015392
1 0.201896 0.461987 0.017556 0.013526
1 0.425035 0.437383 0.012289 0.008629
1 0.356566 0.407416 0.053020 0.031250
1 0.386587 0.249184 0.029494 0.017024
1 1.124298 0.191348 0.013343 0.007229
1 1.146067 0.182136 0.010534 0.005597
1 1.114642 0.180737 0.007374 0.011660
2 0.305126 0.380014 0.004916 0.003032
2 1.334972 0.353428 0.003511 0.002099
2 1.311447 0.327425 0.003511 0.002332
2 0.419417 0.297225 0.002458 0.002099
2 1.322156 0.293727 0.003862 0.002565
2 1.210147 0.289062 0.005267 0.003965
2 1.055126 0.276586 0.007022 0.004198
2 1.016152 0.274953 0.004916 0.003265
2 0.108322 0.274021 0.005267 0.004198
2 0.511060 0.259678 0.004565 0.001632
2 0.524579 0.248951 0.002809 0.002099
2 0.518083 0.248834 0.003160 0.002332
2 0.461552 0.244403 0.009480 0.004198
2 0.371313 0.242771 0.002458 0.001866
2 0.542662 0.236707 0.003160 0.001866
2 0.385007 0.234958 0.003160 0.002099
2 1.340239 0.232276 0.002809 0.002332
2 0.415379 0.231110 0.004213 0.003731
2 1.002458 0.210938 0.006320 0.005364
2 0.440660 0.206040 0.003511 0.002565
2 0.483848 0.200326 0.002107 0.002799
2 1.083041 0.190765 0.003160 0.003731
2 0.384831 0.190182 0.005618 0.003965
2 0.356039 0.156017 0.011236 0.005131
2 0.354108 0.143773 0.005267 0.003965
2 0.413799 0.139459 0.003160 0.001399
2 0.395716 0.139109 0.002107 0.002099
2 0.453301 0.134445 0.002809 0.002565
2 0.528090 0.132696 0.004213 0.001866
2 0.421875 0.133396 0.003160 0.003265
2 0.447683 0.129781 0.004213 0.001632
2 0.434515 0.125816 0.001756 0.002099
2 0.451018 0.124417 0.003862 0.003032
2 0.528265 0.122318 0.003160 0.002099
2 0.343574 0.122201 0.002458 0.004198
2 0.421348 0.122668 0.003511 0.006530
2 0.509480 0.115438 0.004213 0.003731
2 0.426966 0.112873 0.004213 0.002332
2 0.481742 0.110191 0.003511 0.003965
2 0.382374 0.108442 0.003511 0.004664
2 0.364115 0.108092 0.002809 0.003965
2 0.374649 0.105760 0.004213 0.003032
2 0.454354 0.092934 0.002107 0.003498
2 0.419944 0.089552 0.003511 0.004198
2 0.400808 0.086870 0.003862 0.003965
3 0.699614 0.179921 0.175913 0.109375
