2 0.407 0.624 0.006 0.004
2 0.652 0.592 0.005 0.003
2 0.676 0.540 0.012 0.006
2 0.693 0.540 0.017 0.007
2 0.685 0.534 0.006 0.005
2 0.694 0.532 0.006 0.005
2 1.061 0.522 0.002 0.002
2 1.118 0.519 0.006 0.002
2 0.851 0.461 0.007 0.004
2 0.703 0.447 0.007 0.006
2 0.668 0.437 0.015 0.005
2 0.658 0.431 0.013 0.009
2 0.697 0.427 0.021 0.010
2 0.128 0.421 0.008 0.004
2 0.676 0.421 0.012 0.009
2 0.643 0.420 0.019 0.008
2 0.694 0.417 0.007 0.005
2 0.660 0.418 0.013 0.010
2 0.747 0.413 0.006 0.002
2 1.000 0.413 0.006 0.003
2 0.979 0.410 0.006 0.002
2 0.990 0.409 0.004 0.003
2 0.621 0.407 0.006 0.004
2 1.004 0.403 0.008 0.004
2 0.639 0.404 0.016 0.009
2 0.994 0.400 0.005 0.002
2 1.005 0.399 0.001 0.002
2 0.656 0.402 0.015 0.009
2 0.697 0.399 0.004 0.003
2 0.966 0.400 0.018 0.010
2 0.622 0.396 0.003 0.003
2 0.638 0.395 0.022 0.009
2 0.950 0.392 0.011 0.005
2 0.658 0.392 0.015 0.008
2 0.714 0.402 0.100 0.030
2 0.592 0.390 0.020 0.005
2 0.985 0.387 0.005 0.002
2 0.944 0.387 0.006 0.004
2 0.769 0.385 0.004 0.002
2 0.691 0.390 0.048 0.015
2 0.955 0.382 0.004 0.003
2 0.675 0.382 0.005 0.003
2 0.821 0.379 0.003 0.002
2 0.937 0.379 0.004 0.002
2 0.216 0.379 0.004 0.004
2 0.882 0.378 0.007 0.002
2 0.919 0.378 0.004 0.003
2 0.780 0.393 0.062 0.035
2 0.931 0.376 0.003 0.002
2 0.964 0.377 0.007 0.005
2 0.876 0.372 0.004 0.002
2 0.871 0.374 0.007 0.007
2 0.759 0.375 0.024 0.014
2 0.743 0.366 0.007 0.003
2 0.871 0.365 0.007 0.003
2 0.927 0.369 0.012 0.012
2 0.889 0.367 0.022 0.011
2 0.809 0.360 0.007 0.003
2 0.704 0.359 0.003 0.002
2 0.912 0.362 0.019 0.011
2 0.695 0.357 0.004 0.002
2 0.928 0.360 0.015 0.007
2 0.836 0.356 0.009 0.008
2 0.738 0.352 0.008 0.006
2 0.978 0.348 0.005 0.003
2 0.882 0.351 0.015 0.010
2 0.734 0.347 0.006 0.003
2 0.750 0.347 0.005 0.004
2 0.924 0.346 0.004 0.002
2 0.901 0.347 0.015 0.007
2 0.774 0.356 0.032 0.027
2 0.861 0.351 0.025 0.018
2 0.757 0.342 0.004 0.002
2 0.734 0.342 0.008 0.003
2 0.787 0.342 0.006 0.004
2 1.022 0.342 0.006 0.003
2 0.982 0.341 0.003 0.002
2 0.773 0.340 0.005 0.003
2 0.836 0.340 0.011 0.004
2 1.032 0.338 0.009 0.006
2 0.751 0.335 0.005 0.003
2 0.756 0.334 0.006 0.004
2 0.810 0.338 0.020 0.012
2 1.047 0.336 0.014 0.011
2 0.744 0.331 0.003 0.002
2 0.936 0.335 0.019 0.013
2 1.056 0.329 0.008 0.003
2 0.998 0.329 0.006 0.004
2 0.660 0.330 0.011 0.006
2 1.016 0.332 0.015 0.010
2 0.661 0.361 0.176 0.069
2 0.824 0.326 0.004 0.002
2 0.963 0.339 0.055 0.029
2 0.673 0.326 0.003 0.002
2 0.683 0.325 0.004 0.002
2 0.798 0.324 0.012 0.007
2 0.695 0.323 0.009 0.004
2 0.675 0.322 0.006 0.003
2 0.868 0.323 0.006 0.006
2 0.903 0.319 0.005 0.002
2 0.834 0.319 0.006 0.003
2 0.792 0.319 0.005 0.003
2 0.914 0.330 0.031 0.025
2 0.711 0.319 0.008 0.005
2 0.958 0.320 0.020 0.009
2 0.941 0.321 0.014 0.011
2 0.799 0.314 0.004 0.003
2 0.693 0.314 0.004 0.003
2 1.026 0.319 0.017 0.014
2 1.091 0.313 0.009 0.003
2 1.045 0.313 0.006 0.003
2 0.936 0.313 0.008 0.005
2 0.791 0.312 0.008 0.004
2 0.955 0.311 0.007 0.003
2 1.049 0.309 0.003 0.002
2 1.098 0.308 0.007 0.002
2 0.823 0.313 0.015 0.015
2 0.701 0.309 0.008 0.010
2 0.766 0.305 0.004 0.003
2 0.806 0.308 0.019 0.011
2 0.795 0.302 0.004 0.003
2 0.731 0.303 0.006 0.005
2 0.886 0.323 0.026 0.045
2 0.820 0.302 0.006 0.003
2 0.955 0.303 0.014 0.006
2 0.686 0.305 0.017 0.010
2 0.841 0.308 0.026 0.018
2 0.825 0.299 0.005 0.003
2 0.738 0.298 0.004 0.002
2 0.792 0.295 0.005 0.003
2 0.695 0.294 0.003 0.002
2 0.730 0.294 0.007 0.003
2 0.764 0.294 0.005 0.004
2 0.816 0.293 0.005 0.003
2 0.804 0.295 0.007 0.010
2 0.922 0.302 0.039 0.027
2 0.724 0.308 0.053 0.042
2 0.872 0.300 0.031 0.028
2 0.680 0.288 0.011 0.007
2 0.762 0.285 0.005 0.006
2 0.868 0.284 0.006 0.003
2 0.898 0.281 0.005 0.003
2 0.780 0.279 0.003 0.001
2 0.709 0.279 0.004 0.002
2 0.577 0.279 0.004 0.003
2 0.912 0.290 0.040 0.026
2 0.909 0.279 0.009 0.006
2 0.876 0.281 0.011 0.009
2 0.774 0.276 0.004 0.003
2 0.886 0.275 0.011 0.004
2 0.735 0.277 0.021 0.009
2 1.064 0.287 0.047 0.033
2 0.907 0.273 0.008 0.005
2 0.916 0.272 0.007 0.004
2 0.875 0.271 0.004 0.002
2 0.785 0.272 0.011 0.003
2 0.715 0.270 0.005 0.002
2 0.688 0.269 0.006 0.003
2 0.814 0.277 0.024 0.025
2 0.689 0.263 0.006 0.004
2 0.781 0.262 0.005 0.003
2 0.678 0.266 0.010 0.011
2 0.585 0.269 0.025 0.018
2 0.751 0.263 0.031 0.011
2 0.728 0.263 0.017 0.013
2 0.538 0.259 0.008 0.007
2 0.846 0.277 0.048 0.042
2 0.785 0.256 0.008 0.006
2 0.827 0.255 0.010 0.007
2 0.497 0.255 0.006 0.005
2 0.698 0.257 0.010 0.012
2 0.894 0.254 0.011 0.006
2 0.892 0.261 0.047 0.022
2 0.718 0.252 0.014 0.012
2 0.695 0.247 0.020 0.007
2 0.715 0.245 0.008 0.003
2 0.559 0.244 0.005 0.003
2 0.942 0.245 0.011 0.006
2 0.909 0.248 0.017 0.012
2 0.571 0.245 0.007 0.007
2 0.775 0.245 0.008 0.006
2 0.806 0.256 0.031 0.030
2 1.156 0.242 0.005 0.003
2 0.861 0.246 0.020 0.013
2 0.706 0.240 0.005 0.004
2 0.896 0.244 0.011 0.013
2 0.691 0.239 0.005 0.003
2 0.967 0.240 0.010 0.007
2 0.615 0.238 0.011 0.005
2 0.841 0.241 0.009 0.011
2 0.594 0.238 0.008 0.005
2 0.800 0.234 0.017 0.008
2 0.884 0.234 0.009 0.008
2 0.610 0.231 0.005 0.004
2 0.904 0.230 0.009 0.005
2 0.762 0.231 0.011 0.006
2 0.740 0.229 0.004 0.002
2 1.107 0.262 0.060 0.074
2 0.819 0.227 0.005 0.005
2 0.597 0.229 0.007 0.010
2 0.586 0.226 0.006 0.004
2 0.913 0.224 0.008 0.003
2 0.450 0.224 0.013 0.007
2 0.870 0.222 0.007 0.006
2 1.121 0.220 0.012 0.007
2 0.867 0.218 0.006 0.004
2 0.756 0.217 0.003 0.002
2 0.578 0.215 0.003 0.002
2 0.897 0.220 0.021 0.014
2 0.509 0.214 0.003 0.002
2 0.484 0.224 0.029 0.024
2 0.481 0.212 0.005 0.002
2 0.841 0.212 0.015 0.005
2 0.558 0.210 0.005 0.003
2 1.037 0.210 0.008 0.004
2 0.544 0.209 0.008 0.006
2 0.565 0.207 0.010 0.007
2 0.910 0.207 0.015 0.007
2 0.471 0.206 0.008 0.005
2 0.897 0.208 0.008 0.010
2 0.502 0.205 0.008 0.007
2 0.557 0.202 0.006 0.004
2 0.460 0.203 0.007 0.006
2 1.111 0.211 0.053 0.024
2 0.517 0.196 0.010 0.004
2 1.113 0.198 0.016 0.011
2 0.526 0.201 0.015 0.017
2 0.440 0.199 0.028 0.013
2 0.918 0.195 0.036 0.017
2 0.455 0.188 0.006 0.004
2 0.525 0.187 0.005 0.003
2 1.154 0.187 0.004 0.003
2 1.128 0.187 0.010 0.005
2 0.961 0.191 0.013 0.013
2 0.909 0.183 0.006 0.004
2 1.154 0.183 0.004 0.003
2 0.940 0.185 0.019 0.008
2 1.099 0.185 0.022 0.009
2 0.924 0.179 0.007 0.007
2 0.602 0.177 0.007 0.003
2 0.451 0.175 0.006 0.004
2 0.492 0.187 0.061 0.030
2 1.123 0.176 0.020 0.010
2 0.979 0.173 0.013 0.007
2 1.099 0.173 0.011 0.008
2 0.556 0.173 0.018 0.009
2 0.462 0.168 0.005 0.003
2 0.611 0.167 0.006 0.004
2 0.984 0.166 0.007 0.003
2 1.129 0.167 0.012 0.006
2 1.049 0.165 0.005 0.003
2 1.114 0.164 0.005 0.004
2 1.079 0.186 0.044 0.047
2 0.475 0.167 0.012 0.011
2 1.101 0.161 0.002 0.001
2 0.982 0.161 0.006 0.003
2 1.003 0.160 0.011 0.003
2 0.626 0.160 0.005 0.004
2 1.092 0.158 0.004 0.003
2 0.603 0.158 0.006 0.005
2 0.531 0.156 0.006 0.003
2 0.442 0.156 0.005 0.003
2 1.115 0.156 0.008 0.004
2 1.096 0.154 0.005 0.002
2 1.005 0.155 0.009 0.004
2 1.148 0.157 0.010 0.009
2 0.520 0.154 0.005 0.003
2 0.970 0.153 0.004 0.003
2 1.111 0.152 0.005 0.003
2 0.610 0.152 0.018 0.009
2 1.086 0.148 0.018 0.007
2 1.059 0.151 0.030 0.016
2 0.445 0.145 0.011 0.005
2 1.131 0.146 0.012 0.007
2 0.431 0.142 0.007 0.003
2 0.596 0.144 0.012 0.009
2 1.102 0.139 0.016 0.003
2 0.402 0.137 0.005 0.003
2 1.072 0.138 0.019 0.007
2 0.984 0.135 0.007 0.002
2 0.585 0.136 0.010 0.004
2 0.909 0.135 0.007 0.004
2 0.524 0.137 0.015 0.008
2 0.970 0.134 0.004 0.003
2 0.438 0.135 0.005 0.005
2 0.598 0.135 0.008 0.006
2 1.117 0.133 0.008 0.006
2 1.132 0.133 0.013 0.008
2 0.536 0.131 0.006 0.004
2 0.469 0.129 0.006 0.004
2 0.485 0.127 0.006 0.004
2 1.087 0.128 0.010 0.009
2 0.959 0.126 0.008 0.006
2 0.403 0.125 0.008 0.005
2 0.459 0.124 0.008 0.004
2 0.383 0.123 0.004 0.003
2 0.442 0.124 0.004 0.004
2 0.908 0.121 0.005 0.003
2 0.570 0.126 0.015 0.015
2 1.115 0.122 0.011 0.008
2 1.068 0.121 0.020 0.011
2 1.079 0.117 0.009 0.005
2 0.552 0.118 0.024 0.006
2 0.486 0.117 0.006 0.005
2 1.027 0.133 0.069 0.039
2 0.411 0.116 0.007 0.005
2 0.539 0.114 0.006 0.004
2 1.096 0.113 0.008 0.004
2 0.466 0.113 0.011 0.003
2 1.067 0.112 0.011 0.005
2 0.478 0.110 0.004 0.003
2 0.436 0.110 0.005 0.003
2 0.559 0.108 0.007 0.005
2 0.415 0.108 0.007 0.005
2 0.566 0.106 0.005 0.003
2 0.482 0.104 0.006 0.002
2 0.422 0.103 0.006 0.004
2 0.889 0.102 0.005 0.003
2 0.521 0.100 0.008 0.002
2 0.492 0.102 0.008 0.009
2 0.581 0.104 0.018 0.015
2 0.879 0.098 0.010 0.004
2 0.442 0.095 0.005 0.003
2 0.458 0.094 0.005 0.004
2 0.970 0.095 0.019 0.005
2 0.498 0.095 0.009 0.006
2 0.886 0.092 0.006 0.003
2 0.432 0.092 0.011 0.004
2 0.950 0.110 0.132 0.044
2 0.484 0.090 0.016 0.007
2 0.478 0.084 0.007 0.005
2 0.595 0.081 0.004 0.002
2 0.456 0.083 0.019 0.006
2 0.600 0.078 0.004 0.003
2 0.449 0.077 0.012 0.004
2 0.462 0.077 0.006 0.004
2 0.857 0.074 0.006 0.002
2 0.489 0.075 0.017 0.004
2 0.836 0.074 0.006 0.003
2 0.471 0.075 0.005 0.004
2 0.695 0.069 0.006 0.003
2 0.621 0.071 0.018 0.007
2 0.773 0.071 0.014 0.008
2 0.872 0.070 0.007 0.007
2 0.478 0.067 0.006 0.003
2 0.781 0.066 0.008 0.004
2 0.840 0.070 0.032 0.012
2 0.727 0.066 0.008 0.006
2 0.811 0.070 0.034 0.016
2 0.764 0.063 0.006 0.004
2 0.819 0.064 0.013 0.008
2 0.737 0.063 0.011 0.006
2 0.785 0.061 0.007 0.004
2 0.486 0.060 0.006 0.003
2 0.865 0.060 0.005 0.004
2 0.509 0.065 0.034 0.014
2 0.907 0.061 0.018 0.008
2 0.805 0.059 0.011 0.005
2 0.843 0.060 0.019 0.008
2 0.764 0.055 0.005 0.003
2 0.811 0.053 0.005 0.002
2 0.868 0.053 0.011 0.004
2 0.791 0.053 0.014 0.007
2 0.528 0.054 0.020 0.009
2 1.058 0.051 0.011 0.004
2 0.577 0.051 0.013 0.005
2 0.735 0.051 0.015 0.006
2 0.497 0.050 0.005 0.004
2 0.760 0.048 0.005 0.003
2 0.514 0.049 0.009 0.006
2 0.269 0.061 0.034 0.030
2 1.084 0.044 0.007 0.002
2 0.908 0.044 0.007 0.003
2 0.629 0.047 0.019 0.010
2 0.955 0.060 0.073 0.041
2 0.753 0.041 0.007 0.003
2 0.498 0.042 0.010 0.006
2 0.564 0.041 0.012 0.004
2 1.024 0.056 0.051 0.036
2 0.606 0.040 0.030 0.014
2 0.874 0.034 0.006 0.003
2 0.571 0.035 0.016 0.008
2 0.964 0.035 0.012 0.011
2 0.851 0.032 0.010 0.008
2 0.568 0.028 0.008 0.004
2 0.941 0.031 0.021 0.012
2 0.558 0.026 0.005 0.004
2 0.617 0.027 0.015 0.008
2 0.913 0.033 0.042 0.022
2 0.924 0.025 0.012 0.007
2 0.560 0.016 0.008 0.004
2 0.532 0.027 0.043 0.028
2 0.933 0.016 0.012 0.007
2 0.550 0.014 0.006 0.004
2 0.614 0.014 0.011 0.006
2 0.528 0.013 0.007 0.005
2 0.785 0.015 0.014 0.009
2 0.680 0.037 0.098 0.057
2 0.947 0.010 0.006 0.003
2 0.585 0.019 0.041 0.024
2 0.596 0.007 0.008 0.003
2 0.916 0.009 0.019 0.011
2 0.650 0.023 0.052 0.038
2 0.934 0.005 0.009 0.004
2 0.568 0.004 0.007 0.004
2 0.780 0.003 0.011 0.005
2 0.642 0.003 0.011 0.004
2 0.895 0.007 0.014 0.013
2 0.873 0.006 0.016 0.011
2 0.815 0.004 0.035 0.008
2 0.621 0.007 0.025 0.013
1 0.883 0.633 0.030 0.013
1 0.883 0.602 0.034 0.025
1 0.785 0.533 0.021 0.010
1 0.901 0.541 0.054 0.027
1 0.801 0.519 0.044 0.022
1 0.735 0.514 0.017 0.019
1 0.549 0.487 0.033 0.013
1 0.874 0.487 0.029 0.017
1 0.704 0.479 0.020 0.019
1 1.061 0.471 0.020 0.016
1 0.741 0.466 0.015 0.013
1 0.607 0.484 0.081 0.051
1 0.923 0.462 0.053 0.031
1 0.358 0.441 0.016 0.013
1 0.867 0.443 0.037 0.018
1 1.073 0.447 0.027 0.028
1 0.989 0.429 0.018 0.006
1 1.159 0.443 0.049 0.035
1 1.040 0.443 0.050 0.037
1 1.177 0.409 0.026 0.022
1 1.069 0.402 0.022 0.011
1 0.912 0.394 0.023 0.017
1 0.490 0.405 0.127 0.089
1 1.071 0.314 0.018 0.016
1 0.985 0.307 0.022 0.010
1 1.001 0.282 0.012 0.005
1 0.982 0.282 0.050 0.035
1 0.551 0.267 0.023 0.010
1 1.046 0.262 0.044 0.030
1 0.976 0.242 0.015 0.012
1 1.061 0.243 0.030 0.013
1 0.675 0.241 0.020 0.010
1 0.627 0.232 0.015 0.008
1 0.667 0.219 0.021 0.012
1 0.971 0.211 0.021 0.014
1 0.790 0.213 0.019 0.019
1 0.607 0.201 0.024 0.013
1 0.684 0.186 0.022 0.018
1 0.543 0.174 0.009 0.008
1 1.015 0.182 0.048 0.032
1 0.773 0.182 0.122 0.040
1 1.024 0.157 0.014 0.011
1 0.890 0.146 0.037 0.013
1 0.676 0.158 0.109 0.041
1 0.804 0.138 0.029 0.017
1 0.643 0.122 0.018 0.014
1 0.272 0.121 0.029 0.016
1 0.295 0.116 0.015 0.007
1 0.612 0.114 0.028 0.014
1 1.054 0.099 0.045 0.017
1 1.063 0.084 0.037 0.014
1 0.849 0.080 0.022 0.006
1 1.118 0.080 0.040 0.021
1 0.823 0.031 0.062 0.037
0 0.770 0.605 0.011 0.007
0 0.773 0.587 0.008 0.006
0 0.700 0.581 0.011 0.007
0 0.757 0.572 0.010 0.007
0 0.935 0.534 0.005 0.003
0 0.668 0.509 0.008 0.005
0 0.807 0.500 0.006 0.004
0 1.109 0.483 0.009 0.006
0 0.976 0.483 0.009 0.006
0 1.078 0.479 0.009 0.006
0 0.749 0.478 0.006 0.004
0 1.090 0.463 0.008 0.005
0 0.959 0.457 0.011 0.007
0 1.124 0.451 0.004 0.002
0 0.222 0.452 0.007 0.005
0 0.674 0.448 0.007 0.005
0 1.198 0.439 0.008 0.005
0 0.746 0.438 0.006 0.004
0 0.963 0.437 0.010 0.007
0 1.004 0.372 0.009 0.007
0 0.462 0.350 0.007 0.005
0 0.149 0.319 0.011 0.008
0 0.772 0.316 0.008 0.005
0 0.249 0.308 0.006 0.004
0 0.201 0.304 0.004 0.003
0 0.780 0.297 0.007 0.005
0 1.037 0.294 0.006 0.004
0 1.013 0.289 0.005 0.003
0 1.060 0.281 0.010 0.006
0 0.614 0.276 0.006 0.004
0 0.642 0.267 0.004 0.003
0 1.004 0.259 0.009 0.005
0 0.224 0.256 0.008 0.005
0 1.009 0.237 0.006 0.003
0 0.666 0.233 0.006 0.003
0 0.866 0.230 0.007 0.005
0 1.149 0.227 0.004 0.003
0 0.650 0.222 0.007 0.004
0 0.731 0.214 0.006 0.005
0 0.766 0.210 0.014 0.009
0 0.587 0.199 0.006 0.004
0 0.854 0.198 0.007 0.005
0 0.628 0.197 0.006 0.004
0 0.850 0.179 0.006 0.004
0 0.837 0.167 0.003 0.002
0 0.861 0.163 0.009 0.005
0 0.729 0.132 0.005 0.004
0 0.880 0.122 0.006 0.004
0 0.660 0.120 0.009 0.005
0 0.339 0.109 0.004 0.003
0 0.267 0.106 0.005 0.003
0 0.881 0.104 0.004 0.003
0 0.608 0.104 0.004 0.003
0 0.614 0.101 0.003 0.002
0 0.460 0.100 0.008 0.005
0 0.869 0.098 0.004 0.002
0 0.296 0.098 0.005 0.003
0 0.866 0.096 0.003 0.002
0 0.851 0.097 0.006 0.004
0 0.247 0.093 0.007 0.004
0 0.794 0.084 0.006 0.004
0 0.897 0.077 0.004 0.003
0 0.540 0.073 0.005 0.003
0 0.693 0.074 0.007 0.005
0 0.672 0.072 0.008 0.006
0 0.470 0.044 0.011 0.008
0 0.456 0.016 0.006 0.005
4 0.386 0.318 0.160 0.123
3 0.463 0.413 0.032 0.027
3 0.905 0.389 0.015 0.012
3 0.784 0.130 0.034 0.024
3 0.356 0.072 0.038 0.018
