2 1.132 0.571 0.014 0.007
2 1.029 0.568 0.009 0.004
2 1.124 0.564 0.012 0.008
2 0.504 0.533 0.007 0.003
2 0.325 0.532 0.005 0.003
2 0.249 0.513 0.015 0.009
2 0.773 0.508 0.007 0.005
2 0.587 0.501 0.005 0.003
2 0.782 0.497 0.003 0.002
2 0.265 0.499 0.008 0.006
2 0.718 0.497 0.004 0.003
2 0.626 0.497 0.005 0.003
2 0.573 0.498 0.010 0.006
2 0.849 0.496 0.004 0.003
2 0.820 0.498 0.013 0.007
2 0.803 0.495 0.005 0.003
2 0.586 0.496 0.006 0.005
2 0.635 0.493 0.006 0.003
2 0.811 0.491 0.002 0.001
2 0.861 0.493 0.009 0.006
2 0.824 0.492 0.005 0.005
2 0.868 0.491 0.008 0.004
2 0.585 0.487 0.007 0.007
2 0.794 0.483 0.014 0.006
2 0.703 0.482 0.003 0.004
2 0.605 0.482 0.013 0.005
2 0.711 0.480 0.004 0.003
2 0.805 0.479 0.004 0.003
2 0.624 0.481 0.018 0.010
2 0.735 0.478 0.006 0.006
2 0.607 0.478 0.005 0.005
2 0.535 0.476 0.004 0.003
2 0.594 0.477 0.013 0.006
2 0.558 0.476 0.005 0.003
2 0.724 0.476 0.014 0.012
2 0.797 0.470 0.010 0.008
2 0.777 0.467 0.004 0.002
2 0.624 0.470 0.009 0.008
2 0.724 0.467 0.008 0.005
2 0.608 0.466 0.015 0.004
2 0.772 0.465 0.004 0.006
2 0.865 0.472 0.031 0.021
2 0.782 0.461 0.008 0.006
2 0.753 0.459 0.013 0.006
2 0.731 0.457 0.020 0.012
2 0.930 0.453 0.005 0.005
2 0.899 0.450 0.008 0.004
2 0.751 0.449 0.004 0.003
2 0.792 0.453 0.009 0.011
2 0.758 0.449 0.005 0.003
2 0.923 0.448 0.007 0.004
2 0.875 0.452 0.017 0.014
2 0.853 0.447 0.011 0.005
2 0.489 0.449 0.018 0.012
2 0.745 0.443 0.005 0.002
2 0.756 0.444 0.004 0.003
2 0.874 0.442 0.005 0.005
2 0.889 0.442 0.009 0.007
2 0.503 0.442 0.014 0.009
2 0.725 0.443 0.011 0.012
2 0.705 0.440 0.013 0.008
2 0.716 0.437 0.004 0.003
2 0.919 0.439 0.011 0.007
2 0.865 0.435 0.004 0.003
2 0.682 0.435 0.005 0.003
2 0.588 0.436 0.015 0.007
2 0.137 0.440 0.018 0.018
2 1.045 0.434 0.008 0.007
2 0.882 0.432 0.011 0.006
2 0.854 0.430 0.005 0.003
2 0.905 0.432 0.019 0.008
2 0.716 0.430 0.009 0.004
2 0.889 0.429 0.004 0.003
2 0.693 0.430 0.007 0.005
2 0.515 0.432 0.017 0.011
2 0.685 0.429 0.006 0.005
2 0.674 0.427 0.008 0.004
2 0.704 0.430 0.013 0.011
2 1.010 0.426 0.006 0.005
2 0.733 0.423 0.004 0.003
2 0.166 0.426 0.015 0.009
2 0.895 0.421 0.005 0.003
2 0.130 0.423 0.010 0.011
2 0.512 0.415 0.005 0.003
2 0.502 0.416 0.007 0.007
2 0.752 0.411 0.004 0.003
2 1.003 0.410 0.006 0.003
2 0.922 0.408 0.008 0.003
2 0.713 0.410 0.014 0.015
2 0.728 0.402 0.005 0.003
2 0.466 0.400 0.006 0.005
2 0.969 0.400 0.007 0.005
2 0.129 0.401 0.009 0.006
2 0.921 0.398 0.005 0.003
2 0.952 0.398 0.011 0.006
2 0.789 0.396 0.006 0.004
2 0.706 0.399 0.011 0.009
2 0.448 0.397 0.014 0.007
2 0.871 0.396 0.006 0.004
2 0.549 0.393 0.008 0.004
2 0.526 0.393 0.006 0.005
2 0.461 0.393 0.011 0.007
2 0.417 0.393 0.010 0.008
2 0.446 0.390 0.004 0.005
2 1.082 0.390 0.007 0.005
2 0.405 0.388 0.004 0.004
2 0.447 0.386 0.002 0.002
2 1.011 0.391 0.020 0.014
2 0.398 0.385 0.005 0.004
2 1.080 0.385 0.006 0.004
2 0.998 0.387 0.013 0.010
2 0.548 0.384 0.006 0.006
2 0.423 0.382 0.008 0.005
2 0.695 0.383 0.008 0.007
2 0.882 0.386 0.013 0.015
2 0.685 0.399 0.041 0.041
2 0.483 0.380 0.007 0.005
2 0.410 0.380 0.007 0.004
2 0.996 0.379 0.005 0.004
2 0.453 0.378 0.006 0.003
2 0.907 0.407 0.054 0.063
2 0.371 0.377 0.006 0.003
2 0.363 0.377 0.003 0.004
2 0.651 0.383 0.024 0.018
2 0.517 0.376 0.007 0.005
2 0.922 0.374 0.005 0.004
2 0.116 0.374 0.008 0.005
2 0.689 0.374 0.012 0.005
2 0.934 0.373 0.005 0.005
2 0.953 0.377 0.024 0.014
2 0.477 0.372 0.004 0.003
2 0.883 0.373 0.012 0.008
2 0.444 0.371 0.009 0.005
2 0.482 0.370 0.003 0.004
2 0.930 0.371 0.009 0.008
2 0.414 0.369 0.005 0.003
2 0.923 0.368 0.005 0.003
2 1.092 0.368 0.005 0.003
2 1.137 0.368 0.006 0.004
2 0.874 0.367 0.012 0.005
2 0.148 0.366 0.006 0.006
2 1.044 0.365 0.009 0.004
2 1.113 0.368 0.008 0.010
2 0.967 0.367 0.019 0.010
2 0.968 0.362 0.004 0.003
2 0.414 0.361 0.005 0.003
2 0.976 0.361 0.006 0.004
2 1.011 0.360 0.005 0.003
2 0.401 0.362 0.010 0.010
2 0.927 0.359 0.006 0.006
2 0.485 0.356 0.004 0.003
2 0.427 0.356 0.005 0.004
2 1.101 0.359 0.014 0.010
2 0.563 0.363 0.025 0.022
2 0.407 0.351 0.004 0.002
2 0.117 0.351 0.007 0.005
2 0.914 0.351 0.007 0.007
2 0.874 0.347 0.013 0.007
2 0.424 0.346 0.006 0.005
2 0.999 0.343 0.005 0.007
2 0.960 0.342 0.007 0.006
2 0.985 0.341 0.015 0.007
2 0.889 0.351 0.031 0.028
2 1.085 0.337 0.008 0.005
2 0.851 0.349 0.041 0.033
2 1.057 0.335 0.006 0.006
2 0.372 0.348 0.041 0.034
2 0.997 0.331 0.006 0.006
2 0.912 0.336 0.013 0.022
2 1.062 0.328 0.014 0.006
2 0.555 0.328 0.008 0.006
2 0.425 0.323 0.006 0.004
2 1.113 0.324 0.008 0.007
2 0.459 0.323 0.008 0.005
2 1.078 0.329 0.024 0.019
2 0.358 0.320 0.004 0.002
2 0.883 0.319 0.014 0.009
2 0.365 0.319 0.009 0.010
2 1.085 0.316 0.013 0.006
2 0.984 0.322 0.029 0.017
2 1.022 0.305 0.010 0.007
2 0.922 0.306 0.020 0.009
2 1.104 0.304 0.006 0.006
2 0.344 0.309 0.033 0.024
2 1.123 0.299 0.013 0.006
2 0.341 0.303 0.014 0.015
2 1.039 0.313 0.065 0.035
2 1.088 0.291 0.005 0.003
2 1.099 0.289 0.005 0.003
2 0.324 0.291 0.013 0.008
2 0.312 0.286 0.007 0.005
2 0.346 0.288 0.015 0.009
2 0.342 0.280 0.006 0.004
2 0.929 0.281 0.012 0.006
2 0.313 0.278 0.005 0.004
2 1.126 0.281 0.014 0.010
2 0.896 0.270 0.008 0.006
2 0.360 0.264 0.004 0.004
2 0.337 0.270 0.019 0.017
2 1.129 0.260 0.004 0.003
2 1.099 0.255 0.007 0.005
2 1.113 0.253 0.018 0.006
2 0.331 0.253 0.011 0.008
2 0.610 0.249 0.005 0.004
2 1.112 0.247 0.005 0.003
2 0.344 0.254 0.014 0.018
2 1.067 0.243 0.009 0.005
2 0.590 0.240 0.004 0.003
2 1.115 0.242 0.015 0.007
2 1.024 0.238 0.006 0.003
2 1.094 0.236 0.007 0.005
2 0.341 0.238 0.026 0.013
2 1.132 0.241 0.016 0.019
2 1.077 0.229 0.006 0.003
2 0.603 0.230 0.018 0.012
2 1.143 0.227 0.012 0.007
2 0.562 0.227 0.008 0.007
2 0.578 0.224 0.011 0.007
2 0.640 0.222 0.004 0.004
2 0.397 0.221 0.005 0.003
2 1.051 0.223 0.009 0.009
2 0.548 0.219 0.006 0.002
2 0.560 0.219 0.008 0.006
2 1.128 0.215 0.004 0.002
2 0.911 0.219 0.015 0.011
2 0.549 0.214 0.003 0.003
2 0.544 0.214 0.002 0.002
2 0.534 0.215 0.008 0.005
2 0.370 0.231 0.035 0.037
2 0.506 0.213 0.008 0.003
2 0.396 0.211 0.005 0.004
2 0.618 0.215 0.013 0.013
2 0.598 0.213 0.015 0.010
2 0.506 0.207 0.004 0.003
2 0.638 0.208 0.012 0.010
2 0.553 0.204 0.005 0.003
2 0.519 0.204 0.014 0.007
2 0.460 0.199 0.006 0.003
2 0.481 0.197 0.005 0.002
2 0.427 0.197 0.005 0.003
2 0.515 0.197 0.006 0.004
2 0.471 0.197 0.004 0.003
2 0.440 0.197 0.004 0.004
2 0.892 0.201 0.013 0.013
2 0.546 0.196 0.005 0.004
2 1.102 0.195 0.006 0.003
2 1.064 0.206 0.034 0.027
2 1.049 0.197 0.009 0.007
2 0.526 0.194 0.004 0.002
2 0.632 0.194 0.005 0.003
2 1.163 0.194 0.007 0.007
2 0.710 0.278 0.285 0.174
2 0.686 0.196 0.014 0.011
2 0.426 0.191 0.008 0.007
2 0.436 0.189 0.004 0.003
2 0.463 0.192 0.009 0.009
2 0.445 0.191 0.007 0.007
2 0.473 0.191 0.013 0.009
2 0.400 0.196 0.041 0.018
2 0.612 0.188 0.006 0.004
2 0.566 0.192 0.015 0.012
2 1.211 0.186 0.005 0.003
2 1.056 0.187 0.010 0.005
2 1.071 0.187 0.008 0.006
2 0.758 0.184 0.013 0.006
2 1.039 0.185 0.011 0.008
2 0.459 0.182 0.004 0.003
2 0.541 0.184 0.033 0.008
2 0.837 0.181 0.005 0.004
2 0.963 0.181 0.004 0.003
2 1.015 0.182 0.010 0.008
2 0.471 0.180 0.008 0.006
2 1.085 0.181 0.015 0.011
2 1.029 0.178 0.013 0.007
2 1.137 0.178 0.010 0.007
2 0.488 0.179 0.015 0.010
2 1.116 0.178 0.029 0.009
2 0.422 0.175 0.010 0.003
2 0.675 0.175 0.010 0.004
2 0.433 0.179 0.035 0.012
2 0.589 0.174 0.004 0.004
2 0.713 0.176 0.012 0.009
2 0.849 0.173 0.007 0.006
2 0.544 0.174 0.037 0.008
2 1.067 0.176 0.024 0.011
2 0.606 0.177 0.015 0.014
2 0.841 0.171 0.006 0.005
2 0.616 0.169 0.005 0.003
2 0.806 0.169 0.006 0.004
2 0.927 0.167 0.004 0.002
2 0.859 0.168 0.012 0.007
2 1.043 0.168 0.008 0.008
2 1.092 0.166 0.008 0.005
2 0.496 0.166 0.005 0.005
2 0.798 0.183 0.061 0.043
2 0.568 0.164 0.011 0.003
2 0.924 0.163 0.005 0.003
2 0.892 0.162 0.005 0.004
2 0.589 0.165 0.021 0.010
2 0.970 0.163 0.010 0.007
2 0.846 0.162 0.010 0.007
2 0.621 0.160 0.005 0.003
2 1.131 0.162 0.015 0.008
2 0.936 0.162 0.006 0.008
2 0.458 0.166 0.018 0.019
2 0.763 0.159 0.011 0.005
2 0.591 0.158 0.005 0.003
2 0.636 0.161 0.021 0.012
2 0.913 0.156 0.006 0.004
2 1.094 0.157 0.011 0.007
2 1.181 0.155 0.005 0.004
2 0.948 0.154 0.004 0.003
2 0.481 0.158 0.015 0.012
2 0.558 0.153 0.006 0.003
2 0.370 0.156 0.012 0.010
2 0.462 0.153 0.008 0.005
2 0.572 0.155 0.030 0.011
2 0.527 0.161 0.040 0.026
2 0.491 0.148 0.005 0.003
2 1.176 0.147 0.015 0.004
2 0.875 0.156 0.024 0.026
2 0.622 0.144 0.006 0.004
2 0.474 0.144 0.008 0.007
2 0.577 0.141 0.007 0.004
2 0.759 0.140 0.007 0.003
2 0.868 0.141 0.013 0.006
2 0.433 0.142 0.010 0.007
2 1.102 0.143 0.010 0.014
2 1.150 0.146 0.032 0.021
2 0.405 0.151 0.044 0.037
2 0.869 0.134 0.004 0.003
2 0.713 0.153 0.068 0.042
2 0.767 0.132 0.005 0.003
2 1.172 0.133 0.005 0.004
2 0.910 0.141 0.045 0.029
2 1.126 0.132 0.020 0.014
2 1.105 0.127 0.006 0.005
2 0.725 0.128 0.017 0.008
2 1.071 0.123 0.006 0.004
2 0.717 0.122 0.007 0.005
2 0.578 0.118 0.005 0.003
2 1.082 0.119 0.014 0.008
2 0.497 0.115 0.029 0.012
2 1.158 0.112 0.005 0.007
2 1.106 0.114 0.015 0.014
2 0.599 0.109 0.008 0.005
2 0.827 0.109 0.006 0.005
2 1.126 0.110 0.020 0.012
2 1.077 0.107 0.013 0.008
2 1.115 0.105 0.006 0.005
2 0.868 0.102 0.005 0.003
2 0.555 0.102 0.004 0.004
2 0.471 0.103 0.007 0.005
2 0.532 0.102 0.011 0.007
2 1.099 0.103 0.018 0.010
2 0.830 0.098 0.008 0.004
2 1.062 0.099 0.008 0.007
2 0.782 0.099 0.007 0.006
2 1.075 0.099 0.010 0.007
2 0.857 0.098 0.006 0.007
2 0.510 0.101 0.017 0.013
2 0.438 0.099 0.022 0.011
2 0.848 0.094 0.005 0.004
2 0.870 0.093 0.005 0.003
2 0.479 0.093 0.013 0.008
2 0.504 0.092 0.006 0.006
2 0.643 0.096 0.021 0.019
2 1.112 0.089 0.007 0.004
2 1.098 0.091 0.012 0.013
2 0.520 0.087 0.005 0.004
2 1.114 0.085 0.004 0.003
2 0.716 0.093 0.037 0.025
2 0.512 0.082 0.008 0.003
2 1.086 0.080 0.006 0.004
2 0.269 0.078 0.006 0.004
2 1.104 0.077 0.005 0.003
2 0.538 0.077 0.010 0.005
2 0.490 0.080 0.016 0.010
2 0.692 0.087 0.021 0.027
2 0.753 0.080 0.028 0.014
2 0.561 0.078 0.018 0.009
2 0.681 0.074 0.006 0.005
2 0.842 0.072 0.006 0.004
2 0.697 0.067 0.007 0.005
2 0.776 0.069 0.017 0.013
2 0.503 0.065 0.014 0.007
2 1.067 0.060 0.010 0.010
2 0.672 0.061 0.013 0.014
2 0.690 0.056 0.007 0.006
2 0.660 0.055 0.008 0.007
2 0.518 0.061 0.025 0.021
2 0.733 0.061 0.034 0.022
2 0.760 0.054 0.013 0.010
2 0.541 0.060 0.022 0.026
2 0.811 0.049 0.006 0.005
2 0.645 0.050 0.018 0.012
2 0.571 0.054 0.059 0.024
2 0.618 0.048 0.017 0.012
2 0.601 0.044 0.009 0.007
2 0.521 0.042 0.023 0.009
2 0.717 0.039 0.006 0.004
2 0.500 0.038 0.007 0.005
2 0.727 0.036 0.005 0.003
2 0.581 0.036 0.005 0.003
2 0.533 0.036 0.007 0.004
2 0.562 0.035 0.015 0.010
2 0.716 0.032 0.006 0.004
2 0.608 0.033 0.013 0.007
2 0.637 0.033 0.023 0.008
2 0.733 0.029 0.009 0.006
2 0.594 0.031 0.009 0.012
2 0.657 0.028 0.005 0.006
2 0.621 0.028 0.007 0.013
2 0.579 0.024 0.008 0.006
2 0.685 0.030 0.042 0.025
2 0.653 0.016 0.012 0.007
2 0.714 0.014 0.006 0.004
2 0.498 0.015 0.006 0.008
1 0.568 0.620 0.018 0.006
1 1.098 0.615 0.022 0.005
1 0.533 0.614 0.024 0.011
1 0.929 0.598 0.020 0.014
1 0.950 0.591 0.012 0.009
1 0.608 0.585 0.030 0.010
1 0.516 0.581 0.022 0.012
1 0.967 0.574 0.011 0.007
1 1.051 0.581 0.061 0.037
1 1.128 0.567 0.011 0.010
1 1.101 0.559 0.021 0.012
1 0.851 0.532 0.053 0.017
1 0.766 0.481 0.012 0.006
1 0.201 0.448 0.015 0.017
1 0.338 0.424 0.023 0.022
1 0.819 0.380 0.028 0.019
1 0.413 0.292 0.030 0.024
1 1.077 0.273 0.029 0.020
1 0.955 0.270 0.060 0.022
1 0.909 0.262 0.017 0.009
1 0.950 0.250 0.033 0.015
1 0.996 0.248 0.015 0.015
1 0.844 0.214 0.012 0.014
1 0.347 0.216 0.025 0.018
1 0.965 0.196 0.029 0.016
1 1.134 0.195 0.017 0.015
1 1.155 0.186 0.013 0.008
1 1.186 0.171 0.015 0.013
1 0.971 0.114 0.024 0.011
1 0.762 0.116 0.064 0.026
1 0.877 0.079 0.028 0.013
1 0.758 0.023 0.018 0.015
0 0.790 0.616 0.007 0.003
0 0.692 0.615 0.005 0.003
0 0.404 0.606 0.006 0.004
0 1.136 0.588 0.014 0.007
0 0.807 0.571 0.006 0.004
0 0.804 0.564 0.004 0.003
0 0.771 0.564 0.007 0.005
0 0.490 0.560 0.013 0.006
0 0.673 0.545 0.008 0.006
0 0.873 0.542 0.008 0.006
0 0.856 0.537 0.010 0.006
0 0.845 0.520 0.005 0.004
0 0.753 0.511 0.010 0.004
0 0.461 0.509 0.006 0.006
0 0.767 0.505 0.007 0.003
0 0.721 0.483 0.005 0.003
0 0.637 0.480 0.006 0.004
0 0.755 0.474 0.005 0.003
0 0.900 0.468 0.005 0.006
0 0.913 0.462 0.008 0.005
0 0.818 0.464 0.016 0.010
0 0.532 0.458 0.011 0.006
0 0.821 0.455 0.005 0.003
0 1.191 0.456 0.008 0.007
0 0.769 0.450 0.006 0.004
0 0.896 0.446 0.004 0.003
0 0.778 0.444 0.009 0.005
0 0.900 0.441 0.006 0.004
0 0.790 0.438 0.005 0.003
0 0.787 0.436 0.005 0.003
0 0.770 0.429 0.003 0.003
0 1.034 0.425 0.005 0.003
0 0.747 0.427 0.012 0.007
0 1.091 0.417 0.006 0.003
0 0.765 0.408 0.005 0.003
0 0.614 0.391 0.006 0.003
0 0.150 0.389 0.008 0.007
0 0.929 0.378 0.004 0.003
0 0.747 0.375 0.011 0.008
0 0.383 0.372 0.008 0.005
0 0.500 0.369 0.007 0.003
0 1.019 0.357 0.007 0.005
0 0.979 0.352 0.006 0.004
0 0.440 0.347 0.006 0.004
0 1.107 0.345 0.005 0.004
0 1.149 0.319 0.009 0.006
0 0.439 0.307 0.007 0.004
0 0.434 0.302 0.006 0.004
0 0.952 0.300 0.007 0.005
0 0.430 0.292 0.006 0.003
0 0.429 0.280 0.005 0.004
0 1.034 0.278 0.009 0.006
0 1.106 0.277 0.006 0.005
0 1.047 0.275 0.007 0.006
0 0.423 0.274 0.004 0.003
0 0.462 0.270 0.004 0.003
0 0.417 0.271 0.006 0.005
0 1.024 0.270 0.005 0.004
0 1.057 0.262 0.008 0.006
0 0.473 0.242 0.004 0.003
0 0.874 0.243 0.010 0.007
0 0.947 0.234 0.005 0.003
0 1.177 0.227 0.009 0.004
0 0.897 0.226 0.006 0.003
0 0.873 0.220 0.007 0.005
0 0.995 0.221 0.013 0.008
0 0.887 0.219 0.008 0.008
0 0.993 0.214 0.006 0.004
0 1.136 0.209 0.008 0.007
0 1.082 0.205 0.009 0.007
0 1.117 0.195 0.008 0.007
0 0.355 0.194 0.008 0.005
0 0.944 0.191 0.015 0.010
0 0.841 0.156 0.010 0.006
0 0.482 0.141 0.010 0.006
0 0.781 0.138 0.007 0.005
0 0.954 0.133 0.013 0.008
0 0.801 0.130 0.009 0.006
0 0.568 0.115 0.005 0.003
0 0.800 0.106 0.009 0.006
0 0.676 0.101 0.005 0.004
0 0.902 0.087 0.011 0.007
0 0.784 0.082 0.006 0.004
0 0.612 0.083 0.007 0.006
0 0.589 0.079 0.007 0.003
0 0.901 0.076 0.006 0.004
0 0.920 0.074 0.006 0.005
0 0.621 0.067 0.005 0.004
0 1.001 0.025 0.007 0.005
4 0.199 0.223 0.177 0.136
