2 0.431 0.821 0.038 0.061
2 0.269 0.814 0.079 0.067
2 0.207 0.790 0.022 0.028
2 0.261 0.754 0.043 0.044
2 0.323 0.746 0.020 0.045
2 0.121 0.643 0.016 0.041
2 0.282 0.590 0.039 0.048
2 0.506 0.586 0.022 0.045
2 0.534 0.560 0.017 0.025
2 0.576 0.516 0.021 0.038
2 0.290 0.344 0.032 0.032
2 0.028 0.350 0.055 0.079
2 0.166 0.238 0.037 0.039
2 0.010 0.069 0.019 0.046
1 0.405 0.999 0.004 0.002
1 0.324 0.994 0.007 0.012
1 0.210 0.990 0.014 0.020
1 0.411 0.988 0.019 0.018
1 0.478 0.977 0.011 0.021
1 0.436 0.981 0.025 0.039
1 0.173 0.961 0.019 0.027
1 0.442 0.952 0.017 0.017
1 0.307 0.969 0.039 0.051
1 0.357 0.919 0.014 0.020
1 0.225 0.922 0.027 0.028
1 0.466 0.916 0.008 0.017
1 0.491 0.900 0.018 0.017
1 0.380 0.942 0.087 0.107
1 0.445 0.875 0.006 0.011
1 0.460 0.870 0.007 0.011
1 0.234 0.845 0.016 0.018
1 0.495 0.847 0.018 0.032
1 0.191 0.812 0.011 0.019
1 0.499 0.784 0.006 0.008
1 0.459 0.768 0.009 0.015
1 0.478 0.762 0.024 0.018
1 0.477 0.745 0.007 0.009
1 0.417 0.732 0.012 0.014
1 0.481 0.729 0.020 0.020
1 0.360 0.717 0.007 0.009
1 0.454 0.711 0.009 0.015
1 0.504 0.725 0.021 0.056
1 0.430 0.688 0.008 0.010
1 0.519 0.682 0.016 0.020
1 0.396 0.671 0.013 0.027
1 0.499 0.649 0.006 0.007
1 0.210 0.658 0.021 0.033
1 0.184 0.604 0.018 0.040
1 0.464 0.586 0.007 0.008
1 0.414 0.621 0.045 0.081
1 0.393 0.592 0.013 0.022
1 0.545 0.585 0.009 0.020
1 0.067 0.787 0.133 0.426
1 0.608 0.561 0.007 0.010
1 0.403 0.563 0.013 0.014
1 0.422 0.562 0.011 0.019
1 0.008 0.553 0.015 0.017
1 0.381 0.556 0.015 0.025
1 0.112 0.546 0.007 0.012
1 0.279 0.544 0.005 0.010
1 0.348 0.548 0.013 0.025
1 0.441 0.544 0.020 0.034
1 0.367 0.536 0.017 0.020
1 0.511 0.535 0.014 0.020
1 0.482 0.536 0.039 0.027
1 0.128 0.522 0.010 0.017
1 0.417 0.530 0.031 0.034
1 0.117 0.516 0.008 0.015
1 0.070 0.509 0.008 0.013
1 0.231 0.501 0.006 0.007
1 0.141 0.506 0.015 0.022
1 0.385 0.506 0.011 0.024
1 0.451 0.501 0.011 0.014
1 0.060 0.552 0.081 0.129
1 0.227 0.491 0.007 0.010
1 0.185 0.489 0.007 0.011
1 0.288 0.491 0.014 0.021
1 0.123 0.489 0.013 0.021
1 0.503 0.488 0.020 0.023
1 0.243 0.487 0.007 0.025
1 0.014 0.478 0.015 0.014
1 0.213 0.471 0.007 0.011
1 0.453 0.474 0.014 0.021
1 0.569 0.466 0.006 0.011
1 0.259 0.464 0.006 0.011
1 0.562 0.442 0.021 0.012
1 0.163 0.469 0.032 0.079
1 0.008 0.421 0.009 0.010
1 0.153 0.423 0.017 0.017
1 0.464 0.430 0.013 0.043
1 0.527 0.440 0.042 0.063
1 0.154 0.404 0.006 0.010
1 0.018 0.398 0.007 0.008
1 0.557 0.399 0.007 0.012
1 0.209 0.426 0.060 0.088
1 0.495 0.396 0.026 0.043
1 0.468 0.382 0.007 0.014
1 0.423 0.371 0.007 0.011
1 0.438 0.358 0.018 0.024
1 0.538 0.336 0.007 0.022
1 0.469 0.343 0.021 0.041
1 0.099 0.329 0.008 0.014
1 0.496 0.332 0.026 0.037
1 0.431 0.323 0.017 0.025
1 0.482 0.315 0.008 0.015
1 0.153 0.307 0.007 0.008
1 0.460 0.310 0.024 0.032
1 0.102 0.296 0.011 0.013
1 0.411 0.299 0.010 0.021
1 0.038 0.297 0.009 0.018
1 0.428 0.297 0.014 0.020
1 0.139 0.296 0.008 0.022
1 0.126 0.282 0.007 0.011
1 0.156 0.279 0.006 0.010
1 0.477 0.267 0.009 0.011
1 0.458 0.275 0.016 0.038
1 0.480 0.256 0.006 0.008
1 0.442 0.242 0.008 0.013
1 0.467 0.231 0.006 0.008
1 0.010 0.244 0.019 0.040
1 0.118 0.216 0.007 0.011
1 0.031 0.207 0.022 0.040
1 0.417 0.182 0.014 0.029
1 0.010 0.162 0.017 0.029
1 0.078 0.146 0.008 0.015
0 0.526 0.960 0.012 0.018
0 0.265 0.904 0.009 0.014
0 0.374 0.837 0.012 0.018
0 0.469 0.834 0.008 0.014
0 0.390 0.829 0.009 0.018
0 0.360 0.812 0.007 0.013
0 0.404 0.788 0.011 0.018
0 0.161 0.731 0.013 0.020
0 0.258 0.705 0.007 0.009
0 0.564 0.683 0.012 0.013
0 0.192 0.681 0.008 0.009
0 0.159 0.663 0.009 0.016
0 0.322 0.666 0.017 0.025
0 0.179 0.661 0.010 0.024
0 0.319 0.645 0.008 0.011
0 0.509 0.630 0.011 0.020
0 0.438 0.618 0.012 0.020
0 0.484 0.588 0.011 0.020
0 0.254 0.576 0.020 0.029
0 0.118 0.469 0.013 0.018
0 0.038 0.415 0.009 0.015
0 0.267 0.400 0.017 0.025
0 0.064 0.392 0.013 0.017
0 0.062 0.321 0.012 0.018
0 0.198 0.263 0.014 0.020
0 0.041 0.248 0.008 0.011
0 0.197 0.230 0.008 0.013
0 0.222 0.223 0.008 0.014
0 0.329 0.076 0.010 0.016
