2 0.509 0.999 0.013 0.003
2 0.738 0.988 0.010 0.018
2 0.564 0.973 0.007 0.011
2 0.610 0.973 0.010 0.014
2 0.476 0.965 0.005 0.007
2 0.485 0.961 0.012 0.029
2 0.457 0.932 0.044 0.072
2 0.453 0.913 0.019 0.046
2 0.430 0.875 0.017 0.025
2 0.414 0.862 0.009 0.015
2 0.459 0.866 0.020 0.027
2 0.455 0.844 0.007 0.013
2 0.415 0.838 0.006 0.011
2 0.479 0.795 0.005 0.011
2 0.448 0.812 0.025 0.050
2 0.440 0.763 0.015 0.025
2 0.811 0.751 0.006 0.013
2 0.456 0.764 0.018 0.055
2 0.784 0.724 0.006 0.009
2 0.454 0.717 0.035 0.039
2 0.801 0.692 0.024 0.037
2 0.746 0.683 0.010 0.022
2 0.767 0.675 0.014 0.021
2 0.851 0.669 0.005 0.011
2 0.527 0.665 0.006 0.008
2 0.728 0.659 0.008 0.007
2 0.744 0.658 0.011 0.018
2 0.729 0.644 0.004 0.008
2 0.722 0.644 0.003 0.006
2 0.710 0.647 0.010 0.014
2 0.492 0.694 0.047 0.110
2 0.672 0.641 0.010 0.010
2 0.527 0.635 0.007 0.013
2 0.821 0.648 0.018 0.040
2 0.794 0.642 0.021 0.029
2 0.673 0.625 0.005 0.008
2 0.848 0.627 0.016 0.029
2 0.735 0.613 0.007 0.010
2 0.690 0.614 0.018 0.022
2 0.877 0.798 0.246 0.404
2 0.611 0.598 0.007 0.008
2 0.638 0.593 0.006 0.006
2 0.567 0.594 0.007 0.011
2 0.684 0.594 0.007 0.012
2 0.626 0.592 0.005 0.008
2 0.585 0.594 0.006 0.013
2 0.725 0.589 0.007 0.012
2 0.699 0.583 0.005 0.006
2 0.839 0.584 0.007 0.011
2 0.911 0.591 0.018 0.034
2 0.565 0.576 0.011 0.020
2 0.579 0.570 0.005 0.011
2 0.615 0.578 0.013 0.027
2 0.591 0.574 0.010 0.020
2 0.628 0.575 0.017 0.026
2 0.532 0.589 0.055 0.055
2 0.813 0.566 0.007 0.012
2 0.751 0.577 0.021 0.036
2 0.999 0.550 0.001 0.009
2 0.610 0.548 0.006 0.008
2 0.719 0.554 0.044 0.025
2 0.626 0.541 0.011 0.018
2 0.648 0.538 0.021 0.029
2 0.560 0.526 0.013 0.010
2 0.896 0.526 0.013 0.012
2 0.576 0.538 0.046 0.036
2 0.783 0.525 0.006 0.011
2 0.948 0.530 0.015 0.028
2 0.722 0.525 0.049 0.023
2 0.805 0.533 0.020 0.042
2 0.819 0.509 0.007 0.011
2 0.659 0.499 0.007 0.014
2 0.755 0.493 0.015 0.010
2 0.783 0.496 0.028 0.029
2 0.824 0.482 0.007 0.009
2 0.608 0.501 0.024 0.058
2 0.785 0.476 0.007 0.011
2 0.845 0.486 0.028 0.037
2 0.639 0.476 0.021 0.037
2 0.742 0.460 0.008 0.008
2 0.491 0.469 0.016 0.030
2 0.613 0.461 0.011 0.016
2 0.760 0.466 0.040 0.032
2 0.700 0.484 0.054 0.077
2 0.653 0.447 0.007 0.011
2 0.826 0.434 0.008 0.013
2 0.629 0.434 0.010 0.022
2 0.767 0.426 0.009 0.013
2 0.575 0.426 0.013 0.022
2 0.538 0.456 0.058 0.111
2 0.948 0.460 0.090 0.127
2 0.963 0.386 0.023 0.025
2 0.953 0.366 0.009 0.016
2 0.768 0.356 0.007 0.010
2 0.660 0.346 0.039 0.037
2 0.796 0.330 0.011 0.015
2 0.738 0.307 0.005 0.011
2 0.625 0.309 0.009 0.015
2 0.707 0.307 0.015 0.020
2 0.678 0.303 0.023 0.039
2 0.582 0.300 0.029 0.034
2 0.636 0.280 0.017 0.025
2 0.670 0.276 0.008 0.018
2 0.854 0.290 0.028 0.056
2 0.691 0.262 0.007 0.011
2 0.952 0.281 0.049 0.076
2 0.680 0.246 0.011 0.010
2 0.357 0.236 0.008 0.012
2 0.714 0.232 0.013 0.014
2 0.650 0.241 0.021 0.032
2 0.920 0.262 0.028 0.081
2 0.991 0.242 0.018 0.043
2 0.746 0.233 0.023 0.027
2 0.905 0.222 0.008 0.015
2 0.926 0.202 0.010 0.015
2 0.669 0.197 0.019 0.022
2 0.892 0.184 0.017 0.041
2 0.916 0.167 0.010 0.017
2 0.876 0.166 0.011 0.020
2 0.688 0.185 0.033 0.062
2 0.974 0.185 0.046 0.067
2 0.719 0.181 0.030 0.077
2 0.856 0.151 0.024 0.036
2 0.758 0.163 0.078 0.072
2 0.821 0.144 0.023 0.037
2 0.798 0.131 0.013 0.021
2 0.691 0.127 0.030 0.026
2 0.952 0.119 0.007 0.011
2 0.665 0.115 0.009 0.016
2 0.965 0.110 0.006 0.009
2 0.772 0.107 0.006 0.009
2 0.708 0.107 0.010 0.013
2 0.746 0.106 0.020 0.029
2 0.952 0.096 0.008 0.012
2 0.808 0.099 0.017 0.020
2 0.846 0.100 0.030 0.024
2 0.973 0.087 0.012 0.019
2 0.789 0.094 0.012 0.036
2 0.873 0.084 0.007 0.018
2 0.824 0.086 0.009 0.038
2 0.769 0.071 0.011 0.019
2 0.910 0.090 0.056 0.074
2 0.867 0.047 0.016 0.022
2 0.949 0.042 0.007 0.013
2 0.661 0.044 0.008 0.024
1 0.548 0.881 0.040 0.072
1 0.460 0.650 0.034 0.053
1 0.985 0.344 0.030 0.058
1 0.997 0.081 0.005 0.021
0 0.584 0.923 0.010 0.013
0 0.576 0.909 0.007 0.012
0 0.571 0.879 0.008 0.011
0 0.570 0.843 0.006 0.012
0 0.562 0.824 0.005 0.009
0 0.613 0.814 0.005 0.009
0 0.553 0.817 0.008 0.015
0 0.628 0.728 0.005 0.011
0 0.472 0.583 0.011 0.015
0 0.640 0.425 0.014 0.019
0 0.755 0.345 0.007 0.008
0 0.898 0.304 0.007 0.013
0 0.813 0.251 0.009 0.017
0 0.782 0.238 0.009 0.011
0 0.825 0.203 0.007 0.011
4 0.264 0.671 0.236 0.411
