2 0.396 0.821 0.026 0.030
2 0.922 0.656 0.016 0.013
2 0.931 0.634 0.025 0.024
2 1.000 0.500 0.001 0.004
2 0.671 0.109 0.033 0.058
1 0.994 0.992 0.006 0.008
1 0.983 0.985 0.004 0.007
1 0.965 0.983 0.007 0.011
1 1.000 0.973 0.000 0.002
1 0.967 0.962 0.008 0.007
1 1.000 0.945 0.000 0.002
1 0.985 0.955 0.016 0.022
1 0.702 0.931 0.014 0.018
1 0.281 0.894 0.010 0.013
1 0.854 0.872 0.003 0.004
1 0.858 0.868 0.005 0.005
1 0.672 0.871 0.028 0.028
1 0.829 0.849 0.007 0.011
1 0.841 0.847 0.019 0.029
1 0.857 0.818 0.005 0.007
1 0.830 0.809 0.021 0.023
1 0.853 0.783 0.010 0.011
1 0.819 0.768 0.007 0.009
1 0.793 0.756 0.008 0.006
1 0.696 0.749 0.011 0.020
1 0.677 0.732 0.018 0.018
1 0.794 0.715 0.007 0.011
1 0.832 0.682 0.007 0.007
1 0.717 0.684 0.017 0.019
1 0.854 0.683 0.030 0.021
1 0.700 0.696 0.032 0.051
1 0.722 0.669 0.008 0.008
1 0.959 0.668 0.009 0.018
1 0.824 0.650 0.013 0.022
1 0.993 0.637 0.014 0.014
1 0.752 0.633 0.020 0.034
1 0.717 0.611 0.026 0.025
1 0.983 0.580 0.011 0.009
0 0.698 0.481 0.009 0.013
