0 0.786964 0.821629 0.007696 0.011938
1 0.321362 0.787921 0.028918 0.038624
1 0.269939 0.695927 0.022155 0.040028
1 0.243937 0.668188 0.014459 0.024579
1 0.208139 0.657303 0.007229 0.016854
1 0.228545 0.628336 0.009328 0.010183
1 0.635611 0.410990 0.011427 0.011587
1 0.197994 0.410288 0.013060 0.015098
1 0.465252 0.317065 0.012593 0.011938
1 0.612290 0.291081 0.011427 0.014747
1 0.599697 0.083567 0.011427 0.021770
1 0.335354 0.054424 0.016325 0.028792
2 0.495569 0.824263 0.012127 0.017205
2 0.349114 0.825667 0.015858 0.034761
2 0.472481 0.810042 0.016791 0.018258
2 0.555504 0.799333 0.007929 0.024228
2 0.532766 0.791784 0.007229 0.013343
2 0.516908 0.797577 0.011427 0.039677
2 0.475630 0.780723 0.007229 0.012992
2 0.440532 0.773701 0.018657 0.027739
2 0.552589 0.757022 0.012360 0.015449
2 0.449160 0.752107 0.010261 0.014045
2 0.489506 0.770892 0.025653 0.060042
2 0.465019 0.754916 0.020056 0.028090
2 0.537780 0.732971 0.007463 0.015098
2 0.556437 0.727704 0.017724 0.012289
2 0.451609 0.730337 0.018890 0.023876
2 0.518307 0.721735 0.012826 0.023525
2 0.567980 0.704354 0.019823 0.025281
2 0.508512 0.697507 0.006763 0.015801
2 0.231110 0.694347 0.006996 0.013694
2 0.510028 0.725772 0.038246 0.092697
2 0.500350 0.672753 0.020289 0.023174
2 0.273787 0.654319 0.013526 0.022823
2 0.506180 0.652914 0.012360 0.022823
2 0.545126 0.637465 0.009095 0.013694
2 0.492537 0.477353 0.007929 0.010885
2 0.644123 0.466468 0.007463 0.011587
2 0.658465 0.456987 0.008629 0.010183
2 0.644590 0.454705 0.009328 0.009129
2 0.336054 0.435393 0.013993 0.014045
2 0.662080 0.430302 0.022854 0.015098
2 0.420709 0.423631 0.009328 0.014396
2 0.414879 0.404319 0.010261 0.011587
2 0.658932 0.406250 0.018424 0.035815
2 0.338503 0.365871 0.009095 0.009129
2 0.519007 0.348841 0.009562 0.010885
2 0.427006 0.341643 0.014925 0.010534
2 0.349930 0.347788 0.016091 0.025632
2 0.512826 0.333919 0.011660 0.011938
2 0.502799 0.318820 0.020056 0.008427
2 0.376049 0.316713 0.010028 0.016854
2 0.358559 0.305302 0.012826 0.012289
3 0.756646 0.492802 0.115438 0.192767
