2 0.903 0.540 0.011 0.012
2 0.934 0.342 0.030 0.022
1 0.399 0.642 0.012 0.019
1 0.706 0.613 0.007 0.009
1 0.613 0.569 0.011 0.016
1 0.619 0.551 0.015 0.015
1 0.910 0.530 0.007 0.008
1 0.906 0.430 0.005 0.007
1 0.798 0.255 0.007 0.010
1 0.991 0.137 0.013 0.025
1 0.476 0.049 0.007 0.009
1 0.999 0.029 0.001 0.008
1 0.973 0.014 0.014 0.018
1 0.994 0.011 0.012 0.014
1 0.986 0.001 0.009 0.002
0 0.888 0.611 0.009 0.014
0 0.770 0.256 0.008 0.010
0 0.852 0.230 0.008 0.013
0 0.547 0.130 0.013 0.019
4 0.343 0.038 0.180 0.075
