2 0.077 0.987 0.004 0.006
2 0.062 0.980 0.007 0.006
2 0.073 0.980 0.008 0.008
2 0.021 0.980 0.004 0.008
2 0.061 0.961 0.012 0.012
2 0.076 0.956 0.004 0.007
2 0.069 0.954 0.004 0.008
2 0.062 0.951 0.006 0.008
2 0.050 0.937 0.007 0.008
2 0.045 0.927 0.006 0.009
2 0.028 0.929 0.005 0.018
2 0.039 0.907 0.004 0.007
2 0.062 0.886 0.012 0.009
2 0.068 0.874 0.004 0.008
2 0.579 0.647 0.015 0.027
2 0.534 0.501 0.008 0.015
2 0.498 0.496 0.006 0.011
2 0.512 0.497 0.010 0.016
2 0.593 0.413 0.017 0.040
2 0.675 0.367 0.007 0.013
2 0.547 0.334 0.005 0.010
2 0.648 0.332 0.008 0.016
2 0.634 0.328 0.005 0.009
2 0.485 0.328 0.012 0.019
2 0.591 0.320 0.013 0.011
2 0.638 0.311 0.014 0.015
2 0.687 0.304 0.003 0.005
2 0.404 0.301 0.016 0.010
2 0.689 0.292 0.003 0.005
2 0.588 0.288 0.012 0.015
2 0.523 0.276 0.010 0.012
2 0.392 0.248 0.015 0.021
2 0.549 0.235 0.007 0.011
2 0.414 0.159 0.007 0.010
2 0.422 0.124 0.008 0.008
1 0.147 0.818 0.021 0.015
1 0.214 0.855 0.049 0.090
1 0.277 0.847 0.047 0.105
1 0.120 0.597 0.103 0.201
1 0.215 0.507 0.069 0.070
0 0.407 0.657 0.008 0.014
0 0.603 0.375 0.003 0.006
0 0.625 0.361 0.005 0.008
0 0.603 0.346 0.009 0.015
4 0.276 0.088 0.256 0.176
3 0.196 0.954 0.051 0.093
3 0.155 0.895 0.096 0.163
