2 0.385 0.583 0.031 0.032
1 0.224 1.000 0.003 0.001
1 0.282 0.999 0.003 0.001
1 0.356 0.997 0.008 0.006
1 0.372 0.997 0.007 0.006
1 0.336 0.995 0.005 0.006
1 0.195 0.995 0.006 0.008
1 0.211 0.986 0.014 0.013
1 0.344 0.980 0.007 0.008
1 0.153 0.975 0.003 0.004
1 0.196 0.971 0.006 0.008
1 0.293 0.969 0.006 0.007
1 0.313 0.950 0.007 0.013
1 0.285 0.952 0.017 0.019
1 0.171 0.957 0.033 0.033
1 0.242 0.965 0.063 0.060
1 0.294 0.935 0.006 0.006
1 0.345 0.931 0.004 0.004
1 0.264 0.927 0.007 0.008
1 0.258 0.917 0.014 0.006
1 0.173 0.920 0.011 0.023
1 0.271 0.909 0.007 0.015
1 0.208 0.909 0.024 0.032
1 0.322 0.897 0.015 0.021
1 0.251 0.906 0.022 0.039
1 0.274 0.879 0.005 0.006
1 0.357 0.887 0.012 0.025
1 0.253 0.870 0.003 0.006
1 0.361 0.867 0.002 0.004
1 0.194 0.856 0.008 0.013
1 0.360 0.852 0.004 0.007
1 0.251 0.856 0.012 0.019
1 0.312 0.848 0.007 0.018
1 0.197 0.842 0.004 0.006
1 0.231 0.853 0.020 0.042
1 0.212 0.826 0.005 0.008
1 0.247 0.831 0.014 0.022
1 0.227 0.824 0.006 0.015
1 0.375 0.810 0.003 0.006
1 0.279 0.804 0.004 0.007
1 0.267 0.804 0.005 0.008
1 0.234 0.803 0.007 0.008
1 0.247 0.799 0.010 0.013
1 0.272 0.794 0.004 0.005
1 0.212 0.795 0.004 0.007
1 0.220 0.791 0.005 0.007
1 0.378 0.791 0.008 0.008
1 0.278 0.790 0.005 0.011
1 0.273 0.787 0.006 0.007
1 0.389 0.785 0.007 0.014
1 0.214 0.780 0.005 0.008
1 0.209 0.770 0.006 0.009
1 0.016 0.769 0.003 0.008
1 0.261 0.759 0.006 0.008
1 0.201 0.759 0.007 0.011
1 0.008 0.754 0.003 0.006
1 0.197 0.744 0.006 0.012
1 0.428 0.741 0.007 0.014
1 0.237 0.721 0.006 0.008
1 0.319 0.719 0.007 0.008
1 0.424 0.721 0.008 0.014
1 0.002 0.698 0.005 0.008
1 0.379 0.693 0.009 0.014
1 0.021 0.689 0.012 0.014
1 0.007 0.685 0.005 0.007
1 0.048 0.668 0.025 0.024
1 0.089 0.652 0.017 0.015
1 0.011 0.642 0.004 0.006
1 0.003 0.647 0.006 0.020
1 0.045 0.642 0.021 0.024
1 0.103 0.637 0.013 0.025
1 0.088 0.630 0.009 0.012
1 0.112 0.620 0.005 0.008
1 0.093 0.621 0.007 0.010
1 0.332 0.617 0.017 0.022
1 0.028 0.604 0.011 0.033
1 0.005 0.595 0.011 0.017
1 0.000 0.578 0.000 0.001
1 0.101 0.578 0.005 0.006
1 0.101 0.568 0.005 0.008
1 0.075 0.547 0.022 0.030
1 0.144 0.508 0.012 0.013
1 0.056 0.480 0.012 0.020
1 0.043 0.318 0.009 0.011
1 0.066 0.311 0.014 0.016
1 0.005 0.306 0.011 0.020
1 0.024 0.268 0.006 0.010
1 0.003 0.267 0.006 0.020
1 0.053 0.255 0.005 0.007
1 0.083 0.244 0.021 0.029
1 0.112 0.217 0.024 0.054
0 0.351 0.710 0.008 0.012
0 0.314 0.710 0.007 0.012
0 0.275 0.662 0.006 0.010
0 0.081 0.406 0.006 0.009
3 0.328 0.509 0.048 0.067
3 0.368 0.192 0.065 0.069
