0 0.452425 0.606566 0.006996 0.012289
0 0.081973 0.570927 0.008162 0.011938
0 0.298041 0.566362 0.007929 0.011938
0 0.231343 0.185920 0.011660 0.016503
0 0.713503 0.172051 0.008162 0.013343
1 0.423274 0.975070 0.021922 0.016152
1 0.375000 0.942591 0.013060 0.020014
1 0.586870 0.932233 0.016091 0.012640
1 0.226329 0.923455 0.008629 0.009831
1 0.540695 0.882900 0.010494 0.014396
1 0.209188 0.877107 0.006530 0.012640
1 0.354944 0.794242 0.008862 0.011938
1 0.149370 0.738588 0.006297 0.016503
1 0.302355 0.728757 0.010961 0.014396
1 0.245569 0.667837 0.013993 0.012640
1 0.178638 0.683989 0.033582 0.060393
1 0.306903 0.668890 0.042910 0.032303
1 0.103661 0.647647 0.021688 0.042486
1 0.085354 0.630969 0.019123 0.044944
1 0.177006 0.575316 0.006530 0.015098
1 0.250000 0.545295 0.006530 0.015449
1 0.118587 0.517556 0.021222 0.025281
1 0.105993 0.500702 0.008629 0.013343
1 0.091535 0.484551 0.013759 0.028090
1 0.193797 0.194347 0.023321 0.033357
1 0.603078 0.057409 0.055970 0.043890
1 0.577542 0.028617 0.008629 0.010885
2 0.445896 0.841643 0.007929 0.021067
2 0.284165 0.728757 0.012360 0.015801
2 0.280084 0.721735 0.019590 0.025632
2 0.293960 0.704881 0.009562 0.011587
2 0.413829 0.685218 0.016091 0.012289
2 0.226679 0.577072 0.009795 0.021419
2 0.220033 0.566362 0.010961 0.011236
2 0.206623 0.565836 0.007463 0.015098
2 0.382696 0.545646 0.016325 0.008427
2 0.408815 0.542837 0.008862 0.010534
2 0.398321 0.543013 0.008396 0.013694
2 0.418144 0.541081 0.008862 0.015449
2 0.404618 0.532830 0.012593 0.009480
2 0.428405 0.516152 0.039179 0.028792
2 0.233092 0.517205 0.022155 0.045646
2 0.227729 0.483673 0.010494 0.008778
2 0.219566 0.471559 0.005830 0.016152
2 0.538713 0.393961 0.013060 0.009831
2 0.514692 0.374473 0.006996 0.015801
2 0.501283 0.361833 0.013759 0.012289
2 0.524254 0.356215 0.011194 0.016503
2 0.536730 0.338308 0.017491 0.026334
2 0.455107 0.252809 0.010028 0.008427
2 0.427122 0.253862 0.017957 0.014747
2 0.414762 0.233497 0.009095 0.011236
2 0.449394 0.220154 0.011660 0.016152
2 0.478778 0.208041 0.010261 0.011587
2 0.454524 0.071103 0.012593 0.010885
2 0.464552 0.048104 0.016791 0.009831
3 0.759678 0.495084 0.116371 0.179775
