1 0.467234 0.670822 0.015159 0.010885
1 0.632113 0.563378 0.011894 0.022121
1 0.681087 0.505267 0.008162 0.016152
1 0.653568 0.505794 0.007229 0.017205
1 0.487757 0.462254 0.012826 0.023525
1 0.541161 0.260358 0.005364 0.018610
1 0.586171 0.230162 0.015159 0.027739
2 0.697528 0.708919 0.015392 0.017556
2 0.718167 0.690660 0.008162 0.014045
2 0.683302 0.676966 0.012127 0.018258
2 0.721199 0.664853 0.008162 0.013694
2 0.610774 0.627809 0.009795 0.014045
2 0.689132 0.617626 0.007929 0.010534
2 0.740905 0.610428 0.013060 0.018610
2 0.512243 0.571805 0.010961 0.014396
2 0.495569 0.568469 0.006530 0.012640
2 0.687966 0.570049 0.028451 0.065660
2 0.667910 0.547577 0.011660 0.022823
2 0.668960 0.531074 0.009095 0.010183
2 0.654501 0.536692 0.017957 0.029846
2 0.614972 0.522647 0.007463 0.011587
2 0.645989 0.520892 0.013060 0.025632
2 0.500350 0.509305 0.012360 0.015098
2 0.712337 0.507022 0.011894 0.019663
2 0.721315 0.496313 0.009795 0.020014
2 0.491604 0.493329 0.009795 0.015449
2 0.438899 0.491222 0.008862 0.012640
2 0.709072 0.487184 0.015625 0.028441
2 0.631297 0.487886 0.027985 0.057233
2 0.681553 0.456812 0.014692 0.033708
2 0.658699 0.444347 0.011427 0.011587
2 0.698111 0.432233 0.030084 0.037219
2 0.667327 0.418013 0.025420 0.031250
2 0.639342 0.426088 0.019823 0.048104
2 0.609958 0.425386 0.034282 0.048806
2 0.757113 0.376931 0.016091 0.017205
2 0.737757 0.369733 0.009095 0.012640
2 0.468983 0.283006 0.009795 0.021067
2 0.505480 0.275808 0.006297 0.018610
2 0.497668 0.244909 0.019590 0.027739
2 0.462453 0.238237 0.026119 0.037570
2 0.488923 0.222612 0.010494 0.011236
2 0.472015 0.207163 0.013993 0.021770
2 0.486824 0.200667 0.012826 0.015801
2 0.478312 0.181355 0.011194 0.010885
2 0.464202 0.176791 0.009562 0.012289
2 0.383512 0.181706 0.014226 0.046699
2 0.464902 0.160639 0.008162 0.012289
2 0.473181 0.154846 0.010728 0.011236
3 0.168610 0.443645 0.110075 0.187851
