2 0.838 0.654 0.005 0.002
2 0.838 0.641 0.003 0.002
2 0.834 0.639 0.005 0.003
2 0.877 0.623 0.006 0.005
2 0.772 0.620 0.007 0.004
2 0.806 0.620 0.017 0.010
2 0.820 0.617 0.009 0.009
2 0.801 0.614 0.007 0.003
2 0.807 0.613 0.004 0.002
2 0.845 0.612 0.003 0.002
2 0.810 0.611 0.002 0.001
2 0.814 0.612 0.004 0.003
2 0.794 0.611 0.008 0.003
2 0.821 0.610 0.004 0.003
2 0.772 0.609 0.010 0.009
2 0.855 0.605 0.004 0.002
2 1.052 0.606 0.008 0.005
2 0.792 0.604 0.006 0.003
2 0.876 0.601 0.002 0.002
2 1.022 0.601 0.008 0.004
2 0.897 0.600 0.006 0.004
2 0.785 0.599 0.006 0.008
2 1.026 0.597 0.015 0.004
2 0.794 0.594 0.003 0.002
2 0.888 0.594 0.006 0.003
2 1.000 0.591 0.005 0.003
2 0.893 0.590 0.004 0.003
2 1.012 0.590 0.005 0.003
2 0.854 0.589 0.007 0.002
2 0.892 0.583 0.008 0.009
2 0.881 0.581 0.010 0.007
2 0.804 0.582 0.017 0.010
2 1.013 0.576 0.005 0.003
2 0.749 0.573 0.020 0.009
2 0.776 0.578 0.015 0.018
2 0.544 0.567 0.008 0.004
2 0.886 0.569 0.015 0.015
2 0.989 0.563 0.008 0.004
2 0.907 0.569 0.018 0.020
2 0.748 0.558 0.002 0.001
2 0.686 0.558 0.004 0.002
2 0.815 0.556 0.004 0.002
2 0.879 0.557 0.012 0.007
2 0.860 0.553 0.005 0.003
2 0.891 0.552 0.004 0.003
2 0.850 0.552 0.004 0.002
2 0.814 0.552 0.003 0.002
2 0.980 0.554 0.020 0.007
2 1.091 0.551 0.005 0.003
2 0.841 0.548 0.002 0.001
2 1.063 0.548 0.007 0.003
2 0.828 0.549 0.007 0.005
2 1.101 0.547 0.002 0.002
2 0.820 0.548 0.007 0.005
2 1.002 0.547 0.009 0.003
2 0.801 0.551 0.011 0.011
2 0.930 0.547 0.004 0.004
2 0.807 0.546 0.006 0.003
2 0.785 0.545 0.002 0.002
2 0.761 0.545 0.004 0.003
2 0.781 0.557 0.031 0.028
2 0.861 0.543 0.003 0.003
2 0.383 0.544 0.009 0.007
2 1.022 0.541 0.010 0.004
2 0.866 0.541 0.006 0.004
2 1.063 0.540 0.006 0.003
2 1.114 0.540 0.006 0.004
2 0.886 0.544 0.013 0.011
2 0.857 0.538 0.004 0.003
2 0.801 0.538 0.016 0.008
2 0.867 0.533 0.004 0.002
2 0.899 0.534 0.005 0.006
2 0.998 0.532 0.007 0.003
2 0.751 0.533 0.013 0.006
2 0.830 0.536 0.043 0.015
2 1.080 0.531 0.008 0.004
2 1.111 0.528 0.004 0.003
2 0.950 0.531 0.018 0.011
2 0.827 0.526 0.011 0.005
2 1.093 0.522 0.005 0.003
2 0.892 0.521 0.004 0.003
2 0.961 0.520 0.030 0.012
2 0.988 0.515 0.007 0.003
2 0.875 0.510 0.003 0.002
2 0.858 0.509 0.003 0.002
2 0.953 0.509 0.013 0.004
2 0.849 0.507 0.004 0.003
2 0.855 0.505 0.003 0.002
2 0.870 0.501 0.004 0.002
2 0.863 0.502 0.006 0.004
2 0.886 0.501 0.004 0.003
2 1.112 0.475 0.007 0.007
2 0.716 0.466 0.003 0.003
2 1.081 0.471 0.020 0.015
2 0.996 0.468 0.010 0.009
2 1.054 0.467 0.018 0.007
2 1.110 0.464 0.002 0.002
2 0.741 0.464 0.004 0.003
2 1.088 0.464 0.004 0.004
2 0.738 0.461 0.002 0.002
2 1.016 0.465 0.023 0.011
2 0.769 0.462 0.003 0.003
2 1.111 0.460 0.003 0.002
2 0.729 0.460 0.004 0.003
2 0.851 0.457 0.007 0.004
2 0.721 0.456 0.008 0.005
2 1.006 0.456 0.011 0.006
2 1.077 0.457 0.009 0.009
2 0.797 0.453 0.004 0.003
2 1.040 0.457 0.016 0.014
2 0.752 0.449 0.003 0.002
2 1.086 0.450 0.010 0.007
2 1.060 0.449 0.010 0.006
2 1.005 0.448 0.006 0.003
2 1.078 0.446 0.005 0.003
2 0.973 0.448 0.009 0.007
2 1.029 0.452 0.019 0.016
2 0.754 0.445 0.006 0.003
2 1.070 0.445 0.007 0.005
2 1.051 0.445 0.013 0.005
2 0.994 0.444 0.013 0.005
2 1.086 0.441 0.007 0.002
2 0.854 0.441 0.008 0.007
2 0.868 0.436 0.004 0.003
2 0.943 0.442 0.020 0.015
2 0.903 0.435 0.004 0.002
2 0.835 0.434 0.002 0.002
2 1.023 0.437 0.015 0.008
2 1.054 0.437 0.019 0.010
2 0.810 0.434 0.004 0.003
2 0.878 0.435 0.019 0.007
2 0.827 0.435 0.008 0.009
2 0.987 0.433 0.010 0.007
2 1.009 0.431 0.005 0.003
2 0.972 0.433 0.010 0.007
2 0.823 0.428 0.002 0.002
2 1.034 0.429 0.011 0.005
2 0.880 0.429 0.005 0.005
2 0.830 0.425 0.003 0.002
2 1.102 0.425 0.004 0.003
2 0.823 0.424 0.001 0.002
2 0.972 0.422 0.009 0.003
2 0.789 0.437 0.043 0.034
2 0.897 0.428 0.020 0.019
2 1.085 0.416 0.003 0.004
2 0.975 0.411 0.007 0.006
2 0.930 0.426 0.068 0.037
2 1.086 0.407 0.004 0.004
2 1.081 0.406 0.004 0.003
2 0.799 0.399 0.003 0.001
2 0.780 0.399 0.004 0.003
2 0.790 0.397 0.002 0.002
2 1.143 0.397 0.003 0.002
2 0.996 0.405 0.027 0.018
2 1.020 0.412 0.081 0.034
2 0.962 0.395 0.005 0.003
2 0.702 0.394 0.003 0.003
2 0.801 0.392 0.003 0.002
2 1.108 0.391 0.004 0.003
2 0.788 0.390 0.003 0.002
2 1.100 0.393 0.015 0.007
2 0.772 0.391 0.005 0.003
2 1.123 0.392 0.015 0.008
2 0.818 0.391 0.004 0.005
2 0.830 0.389 0.004 0.003
2 0.697 0.389 0.004 0.003
2 0.801 0.389 0.002 0.002
2 1.028 0.387 0.004 0.003
2 0.778 0.387 0.004 0.003
2 1.080 0.388 0.009 0.007
2 0.670 0.384 0.004 0.004
2 0.685 0.386 0.010 0.007
2 1.140 0.384 0.011 0.007
2 0.886 0.381 0.004 0.003
2 0.709 0.382 0.020 0.009
2 1.070 0.378 0.004 0.002
2 1.058 0.385 0.014 0.019
2 1.086 0.376 0.006 0.004
2 0.782 0.376 0.010 0.007
2 0.798 0.374 0.005 0.003
2 0.767 0.372 0.004 0.002
2 1.064 0.372 0.007 0.003
2 1.076 0.372 0.007 0.004
2 0.780 0.371 0.005 0.003
2 0.761 0.369 0.004 0.003
2 0.906 0.368 0.004 0.003
2 0.686 0.366 0.002 0.001
2 0.880 0.367 0.004 0.003
2 0.753 0.366 0.003 0.002
2 0.698 0.366 0.008 0.004
2 1.091 0.363 0.009 0.003
2 0.781 0.363 0.007 0.004
2 0.664 0.363 0.004 0.003
2 0.755 0.360 0.009 0.006
2 0.676 0.358 0.004 0.002
2 0.782 0.357 0.002 0.002
2 0.758 0.356 0.003 0.002
2 0.675 0.354 0.004 0.004
2 0.763 0.353 0.004 0.003
2 0.671 0.353 0.003 0.003
2 0.776 0.353 0.006 0.004
2 0.768 0.346 0.004 0.002
2 0.653 0.343 0.003 0.003
2 0.690 0.344 0.008 0.005
2 0.728 0.358 0.042 0.038
2 0.722 0.341 0.006 0.003
2 0.758 0.341 0.009 0.005
2 0.765 0.337 0.013 0.004
2 0.792 0.334 0.004 0.002
2 1.050 0.334 0.007 0.005
2 0.992 0.333 0.007 0.005
2 0.779 0.332 0.004 0.004
2 1.046 0.331 0.002 0.002
2 0.770 0.331 0.009 0.004
2 1.045 0.328 0.002 0.002
2 0.616 0.330 0.010 0.007
2 1.005 0.329 0.014 0.006
2 1.043 0.326 0.002 0.001
2 1.040 0.326 0.004 0.002
2 0.780 0.326 0.010 0.006
2 1.035 0.323 0.005 0.003
2 0.825 0.323 0.006 0.004
2 1.021 0.318 0.003 0.002
2 0.659 0.318 0.005 0.003
2 0.768 0.319 0.017 0.009
2 1.028 0.317 0.007 0.005
2 0.797 0.323 0.022 0.018
2 0.715 0.316 0.006 0.006
2 0.833 0.316 0.005 0.008
2 0.616 0.313 0.007 0.005
2 1.053 0.317 0.009 0.012
2 1.061 0.316 0.010 0.011
2 0.741 0.318 0.023 0.015
2 0.791 0.310 0.003 0.003
2 0.762 0.310 0.006 0.004
2 0.712 0.309 0.002 0.001
2 0.848 0.309 0.004 0.003
2 0.671 0.320 0.017 0.026
2 0.594 0.307 0.004 0.003
2 0.589 0.306 0.003 0.002
2 0.927 0.306 0.005 0.003
2 0.716 0.306 0.005 0.003
2 0.600 0.307 0.006 0.004
2 0.739 0.306 0.005 0.003
2 1.065 0.305 0.006 0.003
2 0.789 0.305 0.005 0.003
2 0.858 0.305 0.004 0.004
2 0.825 0.304 0.002 0.003
2 0.723 0.304 0.003 0.002
2 0.737 0.303 0.002 0.002
2 0.830 0.304 0.005 0.004
2 1.028 0.302 0.002 0.002
2 0.608 0.306 0.009 0.010
2 1.016 0.304 0.009 0.007
2 0.841 0.304 0.008 0.008
2 0.709 0.301 0.004 0.003
2 0.594 0.300 0.006 0.004
2 0.910 0.300 0.007 0.005
2 0.814 0.302 0.009 0.010
2 0.742 0.300 0.006 0.005
2 0.990 0.297 0.005 0.002
2 0.734 0.298 0.004 0.003
2 0.966 0.309 0.044 0.025
2 0.851 0.300 0.017 0.009
2 0.731 0.296 0.002 0.002
2 0.882 0.296 0.004 0.002
2 0.574 0.296 0.006 0.003
2 0.923 0.299 0.021 0.012
2 0.942 0.296 0.021 0.009
2 0.739 0.293 0.002 0.002
2 0.792 0.293 0.006 0.003
2 0.902 0.294 0.025 0.006
2 1.037 0.292 0.007 0.003
2 0.847 0.292 0.009 0.004
2 0.700 0.295 0.015 0.010
2 0.588 0.293 0.009 0.007
2 0.647 0.292 0.008 0.005
2 0.988 0.290 0.002 0.002
2 1.049 0.298 0.034 0.019
2 0.981 0.289 0.005 0.003
2 0.904 0.288 0.013 0.003
2 0.829 0.294 0.019 0.013
2 0.550 0.289 0.006 0.003
2 0.972 0.295 0.026 0.015
2 0.988 0.287 0.004 0.003
2 0.770 0.286 0.004 0.003
2 0.759 0.287 0.007 0.003
2 0.803 0.292 0.017 0.015
2 0.917 0.286 0.007 0.004
2 1.038 0.285 0.004 0.002
2 0.783 0.283 0.004 0.002
2 1.059 0.283 0.007 0.003
2 0.826 0.283 0.004 0.002
2 0.791 0.284 0.006 0.004
2 0.973 0.282 0.003 0.002
2 0.834 0.282 0.004 0.003
2 1.043 0.282 0.004 0.003
2 0.803 0.282 0.008 0.004
2 0.774 0.281 0.004 0.002
2 0.848 0.280 0.005 0.003
2 0.740 0.283 0.019 0.011
2 0.973 0.278 0.005 0.003
2 0.766 0.278 0.007 0.003
2 0.748 0.276 0.001 0.001
2 1.004 0.290 0.025 0.030
2 0.938 0.282 0.025 0.017
2 0.824 0.275 0.006 0.004
2 0.970 0.274 0.005 0.002
2 0.962 0.278 0.012 0.011
2 0.913 0.273 0.006 0.003
2 0.794 0.276 0.009 0.009
2 0.887 0.278 0.041 0.015
2 0.983 0.276 0.015 0.012
2 0.745 0.271 0.003 0.002
2 0.834 0.272 0.011 0.005
2 0.897 0.270 0.005 0.001
2 0.784 0.273 0.007 0.008
2 0.778 0.270 0.003 0.002
2 0.742 0.269 0.002 0.002
2 0.718 0.276 0.029 0.014
2 0.955 0.269 0.003 0.003
2 0.796 0.269 0.003 0.002
2 0.825 0.269 0.005 0.003
2 0.973 0.268 0.004 0.003
2 0.769 0.268 0.005 0.005
2 1.016 0.267 0.008 0.004
2 0.948 0.267 0.004 0.003
2 0.808 0.268 0.011 0.007
2 0.718 0.265 0.004 0.003
2 0.747 0.264 0.004 0.002
2 0.970 0.265 0.004 0.005
2 0.984 0.266 0.010 0.007
2 0.857 0.272 0.021 0.019
2 0.947 0.262 0.005 0.003
2 0.919 0.262 0.003 0.003
2 0.782 0.261 0.003 0.001
2 0.776 0.261 0.005 0.003
2 0.754 0.261 0.004 0.003
2 0.710 0.262 0.005 0.005
2 0.766 0.260 0.003 0.003
2 0.984 0.259 0.002 0.001
2 0.861 0.259 0.004 0.002
2 0.717 0.259 0.004 0.002
2 0.562 0.259 0.006 0.003
2 0.954 0.259 0.003 0.004
2 0.601 0.259 0.005 0.005
2 0.837 0.257 0.006 0.004
2 0.731 0.260 0.017 0.012
2 0.937 0.257 0.008 0.005
2 0.811 0.260 0.013 0.012
2 0.825 0.260 0.008 0.013
2 1.152 0.255 0.006 0.005
2 0.968 0.254 0.004 0.003
2 0.795 0.257 0.017 0.011
2 0.984 0.253 0.005 0.005
2 0.724 0.252 0.004 0.002
2 0.965 0.252 0.003 0.002
2 0.853 0.252 0.004 0.003
2 1.006 0.250 0.002 0.001
2 0.706 0.254 0.011 0.009
2 0.940 0.250 0.008 0.004
2 0.861 0.250 0.009 0.004
2 0.956 0.253 0.018 0.010
2 0.785 0.249 0.004 0.003
2 0.750 0.248 0.005 0.004
2 0.733 0.247 0.007 0.005
2 0.725 0.246 0.005 0.003
2 0.956 0.245 0.004 0.003
2 0.926 0.251 0.017 0.015
2 0.976 0.242 0.002 0.002
2 0.558 0.243 0.005 0.003
2 0.958 0.238 0.003 0.002
2 0.776 0.246 0.022 0.019
2 0.869 0.239 0.010 0.007
2 0.761 0.239 0.024 0.014
2 0.816 0.233 0.005 0.006
2 0.904 0.247 0.052 0.037
2 0.757 0.231 0.005 0.006
2 0.723 0.236 0.014 0.016
2 0.774 0.233 0.009 0.010
2 0.947 0.229 0.007 0.005
2 0.730 0.227 0.004 0.003
2 0.855 0.227 0.004 0.003
2 0.811 0.226 0.004 0.003
2 0.873 0.229 0.015 0.010
2 0.843 0.232 0.017 0.016
2 0.835 0.228 0.005 0.009
2 0.709 0.228 0.022 0.012
2 0.758 0.224 0.011 0.007
2 0.817 0.221 0.006 0.003
2 0.804 0.222 0.006 0.004
2 0.920 0.220 0.002 0.002
2 0.784 0.226 0.012 0.014
2 0.770 0.223 0.011 0.007
2 0.804 0.216 0.004 0.002
2 0.918 0.217 0.004 0.004
2 0.748 0.218 0.005 0.007
2 0.895 0.220 0.017 0.012
2 0.854 0.218 0.014 0.007
2 0.769 0.217 0.013 0.008
2 0.731 0.220 0.021 0.014
2 0.925 0.214 0.004 0.003
2 1.030 0.213 0.005 0.003
2 0.743 0.214 0.004 0.006
2 0.917 0.210 0.003 0.002
2 0.811 0.211 0.004 0.003
2 0.752 0.211 0.006 0.007
2 0.876 0.216 0.022 0.017
2 0.593 0.212 0.014 0.011
2 1.019 0.208 0.006 0.003
2 0.574 0.213 0.008 0.014
2 0.779 0.209 0.010 0.008
2 0.826 0.208 0.008 0.007
2 0.526 0.209 0.014 0.010
2 0.666 0.204 0.004 0.003
2 0.540 0.200 0.006 0.003
2 0.565 0.199 0.005 0.003
2 0.814 0.198 0.009 0.007
2 0.586 0.195 0.004 0.003
2 0.681 0.194 0.004 0.004
2 0.864 0.191 0.012 0.006
2 0.534 0.191 0.007 0.004
2 0.842 0.200 0.026 0.025
2 0.914 0.189 0.004 0.004
2 0.933 0.189 0.013 0.007
2 0.823 0.190 0.010 0.010
2 0.896 0.188 0.018 0.008
2 0.565 0.185 0.006 0.007
2 0.688 0.182 0.004 0.003
2 0.654 0.181 0.005 0.003
2 0.956 0.183 0.018 0.010
2 0.924 0.182 0.015 0.008
2 0.699 0.178 0.005 0.003
2 0.877 0.178 0.031 0.013
2 0.832 0.173 0.010 0.004
2 0.627 0.171 0.003 0.003
2 0.686 0.179 0.019 0.023
2 0.904 0.169 0.008 0.005
2 0.545 0.170 0.010 0.008
2 0.585 0.172 0.020 0.014
2 0.555 0.168 0.006 0.005
2 0.634 0.167 0.006 0.005
2 0.651 0.167 0.007 0.007
2 0.664 0.163 0.004 0.002
2 0.925 0.164 0.006 0.006
2 0.679 0.163 0.007 0.004
2 0.686 0.162 0.004 0.004
2 0.574 0.162 0.014 0.007
2 0.691 0.161 0.004 0.004
2 0.855 0.164 0.027 0.012
2 0.710 0.159 0.006 0.005
2 0.700 0.157 0.005 0.004
2 0.621 0.158 0.021 0.011
2 0.695 0.154 0.004 0.004
2 0.910 0.153 0.007 0.005
2 0.677 0.151 0.005 0.003
2 0.860 0.151 0.007 0.007
2 0.711 0.147 0.004 0.003
2 0.897 0.144 0.006 0.004
2 0.869 0.144 0.006 0.005
2 0.697 0.144 0.012 0.008
2 0.878 0.140 0.007 0.004
2 0.645 0.134 0.011 0.004
2 0.678 0.132 0.008 0.007
2 0.705 0.129 0.007 0.005
2 0.660 0.130 0.013 0.007
2 0.692 0.121 0.004 0.003
2 0.704 0.119 0.005 0.004
2 1.118 0.118 0.005 0.004
2 1.109 0.115 0.007 0.004
2 0.627 0.082 0.011 0.007
2 0.281 0.060 0.007 0.004
1 1.123 0.592 0.018 0.008
1 1.070 0.570 0.039 0.025
1 1.036 0.560 0.021 0.012
1 1.051 0.553 0.010 0.005
1 1.112 0.494 0.025 0.020
1 0.868 0.359 0.015 0.006
1 0.877 0.354 0.013 0.006
1 0.993 0.355 0.029 0.018
1 0.969 0.338 0.009 0.003
1 0.554 0.337 0.008 0.005
1 1.115 0.319 0.021 0.016
1 1.164 0.318 0.046 0.028
1 1.042 0.272 0.009 0.008
1 1.204 0.272 0.028 0.017
1 0.554 0.267 0.021 0.010
1 0.630 0.257 0.028 0.016
1 1.195 0.244 0.028 0.020
1 1.081 0.217 0.011 0.008
1 0.904 0.177 0.005 0.005
1 1.110 0.177 0.026 0.024
1 0.239 0.109 0.013 0.008
1 1.025 0.072 0.009 0.008
1 0.994 0.057 0.031 0.023
1 0.695 0.030 0.018 0.011
0 0.830 0.625 0.011 0.004
0 0.835 0.609 0.006 0.004
0 1.099 0.600 0.005 0.004
0 0.925 0.599 0.007 0.005
0 0.949 0.551 0.005 0.003
0 1.096 0.550 0.002 0.002
0 0.382 0.544 0.005 0.003
0 1.124 0.541 0.008 0.004
0 0.991 0.525 0.004 0.003
0 0.376 0.525 0.009 0.006
0 0.488 0.522 0.006 0.004
0 1.069 0.511 0.007 0.004
0 0.486 0.505 0.007 0.006
0 0.505 0.500 0.010 0.005
0 1.080 0.490 0.003 0.003
0 0.503 0.489 0.006 0.004
0 0.468 0.488 0.007 0.004
0 0.465 0.479 0.008 0.004
0 0.536 0.440 0.005 0.003
0 0.998 0.428 0.002 0.002
0 0.528 0.422 0.002 0.001
0 0.950 0.411 0.008 0.007
0 0.907 0.404 0.004 0.003
0 0.862 0.398 0.006 0.005
0 0.600 0.394 0.007 0.004
0 1.014 0.375 0.007 0.003
0 1.003 0.377 0.009 0.007
0 0.968 0.375 0.006 0.004
0 0.468 0.368 0.004 0.003
0 0.558 0.364 0.005 0.006
0 1.029 0.356 0.006 0.004
0 0.469 0.356 0.005 0.004
0 1.033 0.351 0.005 0.003
0 0.894 0.342 0.007 0.003
0 0.965 0.342 0.004 0.003
0 0.571 0.325 0.004 0.003
0 0.517 0.323 0.006 0.002
0 0.941 0.308 0.006 0.003
0 0.698 0.308 0.006 0.004
0 0.636 0.291 0.009 0.006
0 0.541 0.282 0.009 0.005
0 0.598 0.280 0.008 0.004
0 0.541 0.273 0.012 0.005
0 0.725 0.262 0.005 0.004
0 1.024 0.236 0.006 0.004
0 1.118 0.234 0.008 0.004
0 0.824 0.233 0.008 0.006
0 0.601 0.231 0.006 0.002
0 1.062 0.228 0.005 0.003
0 1.113 0.220 0.009 0.006
0 0.942 0.212 0.005 0.003
0 1.139 0.193 0.009 0.007
0 1.150 0.190 0.007 0.005
0 0.324 0.184 0.011 0.006
0 0.898 0.181 0.006 0.004
0 0.644 0.171 0.009 0.007
0 0.878 0.165 0.004 0.002
0 0.876 0.153 0.007 0.004
0 1.045 0.152 0.007 0.006
0 0.317 0.135 0.007 0.006
0 0.791 0.116 0.005 0.004
0 0.818 0.111 0.010 0.006
0 0.483 0.104 0.005 0.004
0 0.738 0.082 0.008 0.005
0 0.251 0.080 0.007 0.006
0 0.981 0.076 0.011 0.008
0 1.011 0.072 0.005 0.002
0 0.690 0.070 0.008 0.006
0 0.652 0.031 0.005 0.006
0 0.632 0.018 0.011 0.007
4 0.300 0.359 0.169 0.123
