2 0.147 0.677 0.006 0.009
2 0.131 0.664 0.006 0.008
2 0.470 0.630 0.009 0.007
2 0.473 0.613 0.006 0.005
2 0.535 0.564 0.007 0.008
2 0.541 0.547 0.008 0.009
2 0.528 0.527 0.008 0.012
2 0.514 0.478 0.006 0.015
2 0.504 0.446 0.005 0.006
2 0.502 0.425 0.006 0.006
2 0.482 0.420 0.007 0.011
2 0.487 0.410 0.007 0.011
2 0.470 0.360 0.006 0.008
2 0.455 0.358 0.004 0.006
2 0.552 0.314 0.004 0.007
2 0.547 0.265 0.008 0.014
2 0.529 0.259 0.006 0.005
2 0.568 0.042 0.002 0.005
1 0.325 0.809 0.038 0.062
1 0.390 0.743 0.008 0.019
1 0.140 0.579 0.019 0.040
1 0.227 0.323 0.013 0.017
1 0.700 0.219 0.017 0.027
0 0.384 0.743 0.004 0.006
0 0.596 0.578 0.006 0.009
0 0.601 0.570 0.005 0.007
0 0.644 0.433 0.004 0.005
4 0.286 0.468 0.122 0.176
