2 0.221 0.898 0.002 0.004
2 0.496 0.561 0.024 0.032
2 0.551 0.535 0.009 0.013
2 0.001 0.486 0.002 0.016
2 0.520 0.475 0.006 0.009
2 0.463 0.383 0.005 0.013
2 0.501 0.377 0.006 0.008
2 0.500 0.364 0.003 0.006
2 0.523 0.367 0.011 0.030
2 0.505 0.306 0.007 0.013
2 0.475 0.262 0.014 0.012
2 0.516 0.065 0.019 0.027
2 0.501 0.007 0.017 0.014
1 0.266 0.867 0.018 0.026
1 0.078 0.770 0.034 0.036
1 0.236 0.752 0.068 0.082
1 0.037 0.639 0.050 0.051
1 0.308 0.597 0.032 0.047
1 0.215 0.594 0.040 0.061
1 0.458 0.384 0.011 0.047
1 0.051 0.122 0.059 0.061
1 0.613 0.117 0.193 0.234
0 0.188 0.551 0.006 0.008
0 0.037 0.554 0.011 0.017
0 0.025 0.001 0.006 0.001
4 0.348 0.057 0.217 0.114
