2 0.045 0.807 0.014 0.012
2 0.021 0.794 0.014 0.012
2 0.192 0.604 0.022 0.016
2 0.312 0.537 0.028 0.024
2 0.424 0.500 0.034 0.054
2 0.226 0.476 0.029 0.046
2 0.561 0.404 0.008 0.024
2 0.500 0.374 0.084 0.067
2 0.459 0.357 0.035 0.035
2 0.536 0.311 0.014 0.029
2 0.493 0.289 0.074 0.060
2 0.415 0.249 0.023 0.043
2 0.588 0.105 0.039 0.062
2 0.555 0.054 0.029 0.065
2 0.140 0.024 0.020 0.048
2 0.123 0.039 0.020 0.077
1 0.161 0.742 0.003 0.006
1 0.267 0.638 0.018 0.034
1 0.179 0.493 0.017 0.015
1 0.175 0.475 0.007 0.007
1 0.133 0.445 0.014 0.025
1 0.200 0.434 0.006 0.011
1 0.141 0.416 0.005 0.017
1 0.188 0.388 0.006 0.011
1 0.059 0.377 0.007 0.011
1 0.173 0.377 0.011 0.022
1 0.142 0.374 0.007 0.018
1 0.180 0.361 0.019 0.026
1 0.149 0.350 0.007 0.014
1 0.119 0.371 0.033 0.060
1 0.094 0.330 0.005 0.010
1 0.104 0.329 0.007 0.015
1 0.140 0.325 0.014 0.012
1 0.408 0.317 0.006 0.010
1 0.393 0.317 0.006 0.011
1 0.157 0.311 0.007 0.011
1 0.536 0.310 0.004 0.010
1 0.098 0.313 0.011 0.019
1 0.187 0.312 0.021 0.047
1 0.263 0.293 0.059 0.062
1 0.143 0.269 0.015 0.020
1 0.250 0.258 0.009 0.012
1 0.129 0.246 0.007 0.017
1 0.272 0.243 0.032 0.029
1 0.328 0.238 0.011 0.020
1 0.348 0.232 0.005 0.013
1 0.235 0.229 0.006 0.012
1 0.222 0.229 0.005 0.011
1 0.350 0.219 0.005 0.011
1 0.250 0.224 0.016 0.022
1 0.333 0.217 0.015 0.024
1 0.286 0.214 0.008 0.024
1 0.350 0.202 0.011 0.015
1 0.009 0.209 0.017 0.035
1 0.312 0.240 0.049 0.128
1 0.555 0.176 0.005 0.007
1 0.291 0.171 0.007 0.013
1 0.269 0.182 0.028 0.036
1 0.350 0.169 0.014 0.027
1 0.326 0.158 0.006 0.008
1 0.391 0.144 0.005 0.008
1 0.296 0.143 0.007 0.009
1 0.448 0.112 0.006 0.010
1 0.277 0.107 0.009 0.013
1 0.372 0.099 0.004 0.008
1 0.376 0.077 0.008 0.012
1 0.344 0.082 0.020 0.029
1 0.405 0.070 0.005 0.007
1 0.363 0.069 0.007 0.009
1 0.289 0.062 0.007 0.013
1 0.391 0.062 0.009 0.022
1 0.447 0.072 0.025 0.048
1 0.276 0.059 0.012 0.022
1 0.241 0.045 0.007 0.014
1 0.404 0.043 0.010 0.015
1 0.392 0.041 0.007 0.013
1 0.275 0.039 0.006 0.008
1 0.366 0.030 0.008 0.017
1 0.406 0.013 0.007 0.011
1 0.441 0.004 0.004 0.007
1 0.435 0.002 0.004 0.005
1 0.410 0.003 0.005 0.006
1 0.240 0.010 0.055 0.020
0 0.006 0.796 0.006 0.008
0 0.039 0.790 0.005 0.007
0 0.023 0.767 0.011 0.017
0 0.128 0.723 0.008 0.011
0 0.269 0.547 0.009 0.015
0 0.483 0.490 0.012 0.019
0 0.376 0.335 0.006 0.008
0 0.216 0.292 0.007 0.012
0 0.372 0.191 0.005 0.007
0 0.464 0.101 0.009 0.013
0 0.280 0.086 0.008 0.013
0 0.649 0.005 0.010 0.011
0 0.568 0.005 0.009 0.010
3 0.616 0.249 0.042 0.097
