0 1.037746 0.489039 0.012992 0.007929
0 0.704881 0.459072 0.006671 0.005364
0 0.707163 0.422691 0.004916 0.003032
0 0.780197 0.422575 0.005618 0.003731
0 1.228055 0.392840 0.015098 0.003965
0 0.391152 0.326842 0.005618 0.003965
0 0.621664 0.323694 0.010183 0.004664
0 1.210674 0.321828 0.007725 0.004664
0 0.340941 0.312966 0.003511 0.002332
0 0.277563 0.312383 0.004565 0.003032
0 0.208041 0.304221 0.005267 0.003965
0 0.387992 0.290695 0.005618 0.003498
0 0.342872 0.277402 0.005267 0.004431
0 0.424333 0.266441 0.006671 0.003965
0 0.441713 0.255830 0.010534 0.006530
0 1.268785 0.254548 0.008778 0.005364
0 0.178546 0.246502 0.005969 0.005597
0 0.591468 0.231460 0.009480 0.007229
0 0.180302 0.229128 0.005969 0.005364
0 0.208216 0.227379 0.005618 0.003731
0 0.664326 0.224813 0.007725 0.003731
0 0.268610 0.200210 0.004916 0.004897
0 0.561798 0.178288 0.003511 0.002565
0 0.208919 0.177938 0.009129 0.005597
0 0.717346 0.171175 0.009831 0.004664
0 1.024754 0.165928 0.008076 0.005364
0 0.364993 0.162547 0.009480 0.005131
0 1.105162 0.164179 0.009480 0.009328
0 0.642381 0.157533 0.005267 0.002565
0 0.678546 0.156250 0.007374 0.005131
0 1.025808 0.154268 0.008778 0.006763
0 0.362184 0.143424 0.005267 0.005131
0 0.591117 0.136660 0.005267 0.003731
0 0.630091 0.136894 0.012992 0.006063
0 0.630267 0.127682 0.010534 0.007229
0 0.485955 0.114156 0.007725 0.004431
0 0.619382 0.107509 0.011938 0.004664
0 1.064782 0.098181 0.009480 0.007463
0 0.582338 0.044776 0.005267 0.004198
1 0.971559 0.583139 0.007022 0.006763
1 0.760358 0.520173 0.040379 0.037080
1 1.149930 0.518540 0.099017 0.042677
1 1.102353 0.466535 0.039677 0.055737
1 0.864466 0.463503 0.078652 0.056203
1 0.721910 0.414179 0.023174 0.015858
1 1.183287 0.443447 0.115871 0.090252
1 0.727353 0.395756 0.065660 0.009328
1 0.649228 0.456856 0.554073 0.135728
1 0.859024 0.388643 0.086728 0.023554
1 0.947858 0.369986 0.036868 0.033815
1 1.115871 0.361824 0.053371 0.021688
1 0.837781 0.354827 0.039326 0.020756
1 0.596910 0.502099 0.979635 0.320429
1 0.438553 0.359958 0.147472 0.060868
1 0.574263 0.328242 0.064958 0.008162
1 0.213308 0.329874 0.029846 0.017024
1 0.400281 0.315998 0.015449 0.009328
1 0.671699 0.330340 0.079354 0.046409
1 0.354635 0.303172 0.014045 0.009795
1 0.327072 0.303521 0.028441 0.020289
1 0.852353 0.298974 0.093750 0.014459
1 0.534410 0.291161 0.024579 0.014226
1 0.161341 0.305504 0.055829 0.071828
1 0.143083 0.266791 0.009480 0.006996
1 0.122015 0.256763 0.021419 0.019590
1 1.216117 0.258745 0.064958 0.031483
1 0.712781 0.239739 0.015449 0.016791
1 0.768258 0.229827 0.008427 0.003965
1 0.284235 0.222715 0.022823 0.017257
1 0.311271 0.216768 0.003862 0.005830
1 0.327598 0.209655 0.004213 0.003731
1 0.714185 0.193680 0.047051 0.009562
1 0.796875 0.200093 0.053722 0.023321
1 0.797577 0.188433 0.010183 0.005597
1 0.918715 0.210471 0.071980 0.055737
1 0.370787 0.191698 0.051264 0.020522
1 0.221559 0.179338 0.015449 0.006530
1 0.775632 0.145173 0.048455 0.029151
1 0.702598 0.139576 0.062500 0.021222
1 0.678897 0.123717 0.020716 0.016091
1 1.147823 0.122785 0.036517 0.019356
1 0.785639 0.121502 0.045997 0.019590
1 0.727177 0.111124 0.054073 0.020289
1 0.652037 0.101912 0.030197 0.020056
1 0.574438 0.085005 0.014045 0.012826
1 0.595857 0.070312 0.054073 0.016558
1 0.632725 0.070429 0.023174 0.020522
1 0.672753 0.063200 0.041433 0.017724
1 0.393610 0.008629 0.034410 0.015858
1 0.977704 0.027169 0.083216 0.053405
1 0.848490 0.020522 0.063553 0.040578
1 0.739115 0.008745 0.070225 0.017024
2 0.650983 0.562383 0.007725 0.006763
2 0.684691 0.550606 0.007022 0.005131
2 0.875527 0.516674 0.010885 0.006763
2 0.422051 0.482276 0.011236 0.006996
2 0.553546 0.474930 0.005969 0.002565
2 0.386412 0.475630 0.010885 0.007229
2 0.469101 0.476912 0.011236 0.013060
2 0.430478 0.473647 0.016152 0.011194
2 0.536517 0.469916 0.004213 0.004198
2 0.522999 0.468867 0.005267 0.004431
2 0.396243 0.465951 0.005969 0.004664
2 0.678546 0.458256 0.005969 0.003731
2 0.559515 0.456623 0.008076 0.005597
2 0.548104 0.458489 0.007725 0.011194
2 0.668188 0.451493 0.009129 0.003731
2 0.463659 0.451376 0.008778 0.007229
2 0.553020 0.444380 0.007725 0.007229
2 0.527563 0.446362 0.018610 0.011194
2 0.543188 0.436451 0.009129 0.010028
2 0.688027 0.424790 0.009480 0.003498
2 0.313729 0.420476 0.005969 0.005597
2 0.333216 0.419076 0.013343 0.013993
2 0.757725 0.411964 0.017556 0.004897
2 0.386236 0.414529 0.010534 0.016558
2 0.790204 0.406250 0.007374 0.002799
2 0.329529 0.404151 0.018610 0.010261
2 0.363588 0.396805 0.017907 0.009095
2 0.346735 0.392840 0.009480 0.007229
2 0.286166 0.386660 0.009129 0.006530
2 0.378511 0.381880 0.008427 0.006763
2 0.691011 0.380597 0.006320 0.005131
2 0.324263 0.371968 0.005267 0.005131
2 0.334621 0.371035 0.007022 0.006530
2 0.628511 0.359958 0.003511 0.004431
2 0.639221 0.359492 0.010183 0.010961
2 0.603757 0.353312 0.003862 0.003265
2 0.386060 0.350280 0.003862 0.002799
2 0.350772 0.345849 0.005618 0.003265
2 0.334445 0.343867 0.015801 0.010961
2 0.374824 0.343517 0.025632 0.012127
2 0.344628 0.334888 0.002458 0.002799
2 0.364993 0.334305 0.004565 0.003498
2 0.409059 0.332206 0.004213 0.003498
2 0.373244 0.330340 0.004916 0.004431
2 0.279143 0.331390 0.009831 0.008862
2 0.438904 0.328358 0.009831 0.006063
2 0.321103 0.326609 0.005969 0.003965
2 0.332514 0.329408 0.009831 0.013759
2 0.262114 0.325560 0.006671 0.009328
2 0.339537 0.321945 0.004213 0.003498
2 0.308462 0.329991 0.027739 0.020522
2 0.363940 0.321945 0.008778 0.007696
2 0.349368 0.319613 0.007022 0.003498
2 0.388869 0.317281 0.005267 0.003032
2 0.307409 0.315532 0.003862 0.004198
2 0.286517 0.315882 0.005618 0.004897
2 0.581812 0.316931 0.018961 0.007463
2 0.276685 0.315415 0.007725 0.004897
2 0.593926 0.310984 0.010885 0.004431
2 0.268785 0.310285 0.004565 0.004431
2 0.371313 0.309701 0.005267 0.004198
2 0.358848 0.311567 0.016152 0.009795
2 0.377985 0.304104 0.005267 0.003265
2 0.154319 0.306670 0.017907 0.009328
2 0.523525 0.301189 0.008427 0.003965
2 0.630969 0.302822 0.008427 0.010028
2 0.389396 0.300373 0.014045 0.010728
2 0.409410 0.298041 0.009129 0.006996
2 0.188027 0.294193 0.003862 0.002565
2 0.399930 0.294310 0.005618 0.003731
2 0.428722 0.309818 0.044944 0.035215
2 0.306004 0.296642 0.012992 0.008862
2 0.339712 0.294776 0.010885 0.006063
2 0.650808 0.292561 0.003862 0.002565
2 0.555302 0.294776 0.011587 0.007463
2 0.661341 0.292327 0.008076 0.005830
2 0.219277 0.288246 0.005267 0.003731
2 0.674157 0.286264 0.002107 0.002099
2 0.256671 0.288246 0.006320 0.006063
2 0.355337 0.287430 0.006320 0.005830
2 0.683989 0.285331 0.002809 0.002565
2 0.661868 0.285564 0.005618 0.003965
2 0.288975 0.285215 0.005618 0.004198
2 0.221559 0.283932 0.004213 0.004431
2 0.314431 0.286147 0.008076 0.010261
2 0.655372 0.280900 0.003160 0.002099
2 0.482268 0.284165 0.011587 0.009095
2 0.524403 0.282299 0.009480 0.007229
2 0.324614 0.282766 0.008778 0.008629
2 0.635007 0.285448 0.023525 0.017724
2 0.241924 0.279501 0.009831 0.006297
2 0.273174 0.279734 0.016152 0.011427
2 0.420295 0.281367 0.059691 0.025420
2 0.294066 0.270639 0.005267 0.003965
2 0.216292 0.269473 0.002107 0.002099
2 0.461201 0.269356 0.005969 0.004198
2 0.280899 0.269123 0.004213 0.003731
2 0.477001 0.271572 0.012992 0.010961
2 0.834270 0.266558 0.016152 0.013993
2 0.764396 0.261894 0.010534 0.005597
2 0.240169 0.265042 0.014045 0.012360
2 0.776685 0.261194 0.009831 0.012127
2 0.270541 0.257579 0.013694 0.008162
2 0.201545 0.256646 0.007725 0.009095
2 0.550386 0.254198 0.007374 0.006530
2 0.494031 0.251049 0.005618 0.003032
2 0.925737 0.252682 0.012992 0.006763
2 0.512465 0.251632 0.008778 0.006063
2 0.469979 0.251166 0.017205 0.010261
2 0.459270 0.248251 0.004916 0.004431
2 0.643961 0.250233 0.009831 0.010728
2 0.789326 0.247085 0.009129 0.006297
2 0.269136 0.244753 0.003862 0.002565
2 0.259305 0.245103 0.007374 0.004664
2 0.222261 0.252332 0.025281 0.019590
2 0.283181 0.246502 0.014396 0.008862
2 0.737008 0.240555 0.004213 0.003498
2 0.768961 0.241604 0.007725 0.007463
2 0.904670 0.241255 0.010885 0.008162
2 0.231039 0.238689 0.004916 0.003498
2 0.804424 0.241021 0.011938 0.008629
2 0.511938 0.241255 0.012640 0.010961
2 0.890449 0.238806 0.006320 0.006996
2 0.165730 0.237523 0.006320 0.005364
2 0.283883 0.236940 0.008076 0.006530
2 0.257022 0.234258 0.006320 0.005364
2 0.269487 0.235308 0.015801 0.008862
2 0.429951 0.243470 0.036868 0.027052
2 0.744558 0.230877 0.008778 0.002799
2 0.521770 0.230410 0.005618 0.003265
2 0.503862 0.231693 0.007725 0.006297
2 0.217697 0.231110 0.005618 0.005597
2 0.236833 0.232976 0.009480 0.011194
2 0.411868 0.231460 0.012640 0.008629
2 0.196454 0.229478 0.005267 0.004664
2 0.754213 0.228428 0.005618 0.003965
2 0.611833 0.231227 0.009480 0.010494
2 0.535463 0.229944 0.011236 0.010261
2 0.262640 0.226329 0.004213 0.005830
2 0.409410 0.218633 0.004916 0.003965
2 0.754389 0.219799 0.012992 0.007696
2 0.419242 0.216884 0.004213 0.003731
2 0.672226 0.217467 0.016503 0.005364
2 0.479108 0.215368 0.005969 0.005830
2 0.214537 0.213853 0.004213 0.004198
2 0.197858 0.212920 0.008076 0.004198
2 0.246840 0.211054 0.007022 0.003731
2 0.446980 0.219100 0.024579 0.020756
2 0.852528 0.211054 0.005618 0.006530
2 0.616397 0.211404 0.010885 0.007229
2 0.492275 0.207439 0.007725 0.004431
2 0.204529 0.206390 0.008076 0.005131
2 0.970681 0.205807 0.010183 0.007229
2 0.288097 0.203941 0.005267 0.004897
2 0.742451 0.204291 0.019312 0.007463
2 0.505618 0.206157 0.011236 0.011660
2 0.418715 0.206390 0.015801 0.012593
2 0.236131 0.205457 0.015801 0.010728
2 0.422051 0.199627 0.004213 0.003731
2 0.277914 0.199510 0.006671 0.003498
2 0.432584 0.203475 0.013343 0.012360
2 0.247015 0.193330 0.008076 0.004198
2 0.441362 0.195546 0.010534 0.009562
2 0.166257 0.192747 0.006671 0.004897
2 0.427142 0.190998 0.015801 0.008396
2 0.954881 0.189715 0.010183 0.008162
2 0.629740 0.186334 0.007374 0.007929
2 0.942942 0.177472 0.012992 0.007463
2 0.969452 0.173974 0.007022 0.006063
2 0.549508 0.173857 0.009129 0.006297
2 0.277037 0.173974 0.014045 0.007463
2 0.326018 0.171292 0.006671 0.003498
2 0.516152 0.171175 0.004916 0.005131
2 0.486657 0.169776 0.004916 0.002799
2 0.526159 0.170826 0.004565 0.006763
2 0.649930 0.168843 0.006320 0.006996
2 0.298279 0.172108 0.027739 0.013526
2 0.183111 0.166628 0.005267 0.005364
2 0.584972 0.177589 0.031601 0.031483
2 0.622893 0.163246 0.008427 0.005131
2 0.295646 0.162430 0.004916 0.003498
2 0.345330 0.164529 0.015801 0.009095
2 0.498596 0.164762 0.014747 0.011894
2 0.322507 0.159748 0.011587 0.006996
2 0.355513 0.154618 0.005267 0.003731
2 0.529494 0.154618 0.005618 0.005131
2 0.951018 0.154734 0.015098 0.011894
2 0.295119 0.151119 0.005969 0.006996
2 0.515976 0.148088 0.001756 0.001866
2 0.504389 0.153568 0.019312 0.014226
2 0.608673 0.143540 0.005267 0.003498
2 0.625702 0.149487 0.015449 0.016325
2 0.580934 0.144356 0.017205 0.014459
2 0.519663 0.137943 0.004916 0.003965
2 0.662570 0.140742 0.009129 0.010028
2 0.359902 0.137710 0.007725 0.006763
2 0.556180 0.150653 0.045646 0.036381
2 0.651861 0.137127 0.006671 0.011194
2 0.601475 0.134212 0.007022 0.006763
2 0.450667 0.135145 0.010885 0.010028
2 0.488940 0.127332 0.004565 0.003731
2 0.520716 0.125583 0.004213 0.003498
2 0.512289 0.126632 0.006320 0.005597
2 0.497015 0.121618 0.013694 0.013293
2 0.864817 0.118470 0.016152 0.011194
2 0.318469 0.114972 0.005618 0.005597
2 0.506320 0.112407 0.010534 0.006530
2 0.497367 0.109841 0.005969 0.004198
2 0.966643 0.110658 0.013343 0.007229
2 0.420295 0.109258 0.009831 0.005830
2 0.936447 0.105410 0.007725 0.005597
2 0.751404 0.098997 0.025281 0.010961
2 0.525983 0.098531 0.007022 0.010961
2 0.688202 0.097598 0.017556 0.017957
2 0.896770 0.091768 0.010534 0.006763
2 0.703827 0.088736 0.014396 0.007696
2 0.493680 0.089319 0.018258 0.018657
2 0.807409 0.082439 0.011587 0.007696
2 0.758427 0.085121 0.015449 0.014925
2 0.758076 0.056786 0.007725 0.005364
2 0.541608 0.056087 0.013694 0.008629
2 0.737008 0.055154 0.018961 0.007229
2 0.829881 0.050140 0.008778 0.004664
2 0.535463 0.041628 0.021770 0.012360
2 0.498244 0.037197 0.006320 0.004897
2 0.561447 0.041511 0.016854 0.015392
2 0.810744 0.038013 0.014045 0.010261
2 0.889045 0.033232 0.007725 0.004897
2 0.877282 0.029501 0.010885 0.005830
2 0.549684 0.030201 0.009480 0.008629
2 0.689431 0.026819 0.015801 0.011194
2 0.564256 0.025536 0.013343 0.009562
2 0.527739 0.014809 0.005618 0.005364
2 0.649052 0.014109 0.020014 0.013759
2 0.905372 0.594450 0.036166 0.023787
2 0.830056 0.409748 0.061798 0.026119
2 1.191889 0.393074 0.043188 0.025886
2 0.261236 0.151003 0.028090 0.021688
2 0.241397 0.132696 0.017907 0.012127
2 0.288448 0.120686 0.035463 0.031017
2 0.248420 0.106343 0.032654 0.031716
3 1.023350 0.337920 0.163975 0.129664
