0 1.122191 0.547924 0.006320 0.004431
0 0.602001 0.523787 0.017205 0.011660
0 0.567065 0.515508 0.013343 0.009095
0 1.114642 0.351096 0.004565 0.003032
0 1.117802 0.289412 0.005267 0.003731
0 1.191362 0.284282 0.004916 0.003265
0 1.105162 0.277635 0.008076 0.004897
0 0.896067 0.247435 0.003511 0.002799
0 0.876931 0.241838 0.005267 0.003731
0 0.992451 0.192980 0.003862 0.002565
0 1.044417 0.184118 0.005267 0.003498
0 1.030197 0.171525 0.006320 0.004431
0 0.837956 0.033815 0.010885 0.006530
1 0.434164 0.603078 0.067767 0.061567
1 0.937324 0.575326 0.029143 0.010728
1 0.803020 0.556670 0.021067 0.013993
1 0.360253 0.572178 0.054073 0.058535
1 0.530899 0.549090 0.028090 0.013759
1 0.960850 0.553988 0.049508 0.024487
1 1.127985 0.511077 0.020716 0.017024
1 0.167310 0.459771 0.047402 0.039412
1 0.152212 0.422575 0.034059 0.010728
1 1.159937 0.303638 0.015801 0.006063
1 1.050211 0.275536 0.014045 0.009562
1 0.369031 0.107160 0.033708 0.041744
2 0.477001 0.442980 0.020716 0.013293
2 0.895892 0.415345 0.005969 0.002799
2 1.167310 0.403102 0.008076 0.008162
2 0.519312 0.400303 0.007725 0.005830
2 1.045119 0.372901 0.001756 0.001399
2 1.053195 0.374067 0.008778 0.005597
2 0.872191 0.371852 0.002107 0.001632
2 0.856566 0.371502 0.003862 0.001866
2 1.025808 0.370569 0.029846 0.007929
2 1.081110 0.368004 0.006320 0.004198
2 1.063904 0.366721 0.007022 0.005364
2 1.102001 0.363106 0.001756 0.001399
2 1.109199 0.361590 0.007725 0.003498
2 1.048806 0.357626 0.002809 0.002099
2 1.108146 0.357859 0.010534 0.005364
2 1.081987 0.359492 0.036868 0.019823
2 1.026510 0.355177 0.036166 0.014459
2 1.064607 0.342234 0.050562 0.017491
2 1.095681 0.338736 0.012992 0.014692
2 1.054600 0.334771 0.025632 0.010028
2 1.123420 0.336987 0.041081 0.015392
2 1.020541 0.338036 0.039677 0.018424
2 1.008954 0.329174 0.012289 0.005830
2 1.159937 0.327076 0.004565 0.002565
2 1.006320 0.325210 0.003511 0.002565
2 1.019663 0.323694 0.002809 0.001866
2 1.094101 0.323461 0.004916 0.002332
2 0.993504 0.321479 0.003160 0.002099
2 0.977528 0.319846 0.002809 0.001632
2 1.016152 0.316931 0.002809 0.003265
2 1.110604 0.312733 0.004213 0.003265
2 1.040555 0.312733 0.003862 0.003731
2 1.180653 0.310984 0.005267 0.003032
2 1.055302 0.312034 0.007374 0.006063
2 1.009480 0.310168 0.003511 0.003731
2 1.126931 0.311917 0.026334 0.010028
2 1.139747 0.319729 0.063202 0.026119
2 0.937851 0.302006 0.003511 0.003731
2 1.143610 0.301306 0.015449 0.010261
2 0.977704 0.302938 0.018610 0.014925
2 1.127985 0.296059 0.003862 0.002565
2 1.146945 0.293144 0.003160 0.002332
2 0.963659 0.294893 0.012289 0.007696
2 1.151861 0.291978 0.005267 0.002332
2 1.136763 0.294893 0.008778 0.008162
2 0.993680 0.291628 0.006320 0.006297
2 0.753336 0.292327 0.012992 0.008629
2 1.148350 0.287197 0.012289 0.007696
2 1.132022 0.284398 0.007022 0.003965
2 1.010885 0.281133 0.002809 0.003032
2 1.125878 0.281133 0.006671 0.004431
2 1.133427 0.279734 0.008427 0.003965
2 1.138343 0.277169 0.004916 0.002099
2 0.988237 0.280084 0.024930 0.012127
2 1.147999 0.273438 0.005969 0.003032
2 1.157654 0.273787 0.006320 0.005597
2 1.014396 0.270056 0.016152 0.003265
2 1.127282 0.269123 0.003160 0.002799
2 1.035112 0.266908 0.003511 0.002099
2 1.044944 0.261777 0.003511 0.005830
2 1.018258 0.261311 0.014747 0.008162
2 1.052844 0.258745 0.005267 0.005364
2 1.145892 0.259095 0.009480 0.007463
2 1.158532 0.259911 0.008778 0.009562
2 1.031074 0.253382 0.020014 0.010028
2 1.079178 0.251399 0.021419 0.010728
2 1.137816 0.250466 0.020014 0.013060
2 1.041608 0.246385 0.010885 0.006297
2 0.940485 0.253265 0.024930 0.022388
2 1.061622 0.240438 0.002458 0.001866
2 1.061096 0.244170 0.018961 0.011194
2 1.087430 0.238573 0.003511 0.002332
2 1.077774 0.241021 0.012289 0.010028
2 0.952598 0.236007 0.004213 0.003265
2 0.987711 0.239389 0.010534 0.010961
2 1.092170 0.234492 0.003160 0.002565
2 1.082690 0.232976 0.003160 0.002799
2 1.115871 0.245569 0.040028 0.030784
2 1.110428 0.229944 0.008076 0.003731
2 1.088308 0.228778 0.003160 0.001399
2 1.026334 0.230061 0.009831 0.004897
2 1.014747 0.225396 0.002809 0.000700
2 1.097612 0.224930 0.006320 0.002565
2 1.063729 0.227962 0.025632 0.009562
2 1.038272 0.224697 0.004213 0.003498
2 1.007900 0.220849 0.005969 0.002332
2 1.110604 0.220732 0.015449 0.005830
2 1.024579 0.220266 0.016854 0.008162
2 1.104108 0.214669 0.004565 0.004897
2 1.114817 0.211521 0.002107 0.002332
2 1.033883 0.214785 0.015801 0.011194
2 1.067942 0.213853 0.020014 0.009795
2 1.088834 0.214669 0.018258 0.014692
2 1.030197 0.203475 0.016854 0.008162
2 0.889923 0.198577 0.005267 0.003032
2 1.013343 0.190182 0.002107 0.001166
2 1.004565 0.187383 0.009129 0.005830
2 1.012992 0.185285 0.003511 0.002565
2 0.978757 0.185401 0.005969 0.003265
2 0.991924 0.182020 0.003511 0.002099
2 1.021770 0.179688 0.003511 0.002565
2 0.990169 0.178405 0.005618 0.003731
2 1.000000 0.166628 0.006320 0.004431
2 0.356566 0.594916 0.035463 0.033582
2 0.840414 0.566581 0.040379 0.029618
2 0.854459 0.546758 0.030548 0.017024
2 1.017381 0.125816 0.024930 0.031017
2 1.000702 0.082323 0.028792 0.028918
2 0.885885 0.066348 0.029494 0.008629
3 0.398701 0.338736 0.169593 0.131763
