2 0.701 0.660 0.009 0.005
2 0.686 0.658 0.005 0.007
2 0.683 0.649 0.005 0.003
2 0.913 0.585 0.006 0.003
2 0.873 0.493 0.003 0.002
2 0.879 0.469 0.008 0.006
2 0.883 0.464 0.006 0.003
2 0.917 0.423 0.009 0.005
2 0.912 0.417 0.008 0.003
2 0.899 0.415 0.009 0.007
2 0.895 0.408 0.008 0.005
2 0.971 0.356 0.004 0.002
2 0.834 0.316 0.005 0.005
2 0.836 0.308 0.009 0.012
2 0.848 0.303 0.005 0.003
2 0.892 0.301 0.016 0.013
2 1.222 0.292 0.006 0.003
2 0.150 0.290 0.004 0.001
2 0.189 0.288 0.005 0.002
2 0.885 0.288 0.007 0.005
2 0.124 0.280 0.005 0.004
2 0.923 0.273 0.008 0.007
2 0.140 0.274 0.018 0.008
2 0.130 0.266 0.009 0.005
2 0.166 0.262 0.007 0.005
2 0.932 0.260 0.013 0.015
2 0.946 0.255 0.009 0.005
2 0.169 0.251 0.007 0.005
2 0.208 0.243 0.018 0.006
2 0.914 0.245 0.010 0.010
2 0.976 0.237 0.004 0.004
2 0.935 0.238 0.013 0.014
2 0.919 0.234 0.007 0.005
2 0.980 0.228 0.003 0.003
2 0.925 0.223 0.009 0.009
2 0.913 0.215 0.013 0.010
2 0.999 0.208 0.026 0.021
2 0.960 0.197 0.011 0.007
2 1.142 0.192 0.007 0.007
2 0.976 0.184 0.010 0.006
2 0.998 0.176 0.006 0.005
2 1.015 0.163 0.009 0.006
2 0.983 0.160 0.007 0.005
2 1.027 0.157 0.004 0.004
2 1.009 0.156 0.004 0.003
2 0.320 0.156 0.004 0.003
2 0.999 0.155 0.007 0.004
2 1.010 0.152 0.004 0.004
2 0.317 0.148 0.005 0.003
2 1.024 0.148 0.007 0.004
2 1.050 0.138 0.010 0.007
2 0.373 0.092 0.009 0.005
2 0.475 0.042 0.005 0.004
1 0.173 0.402 0.012 0.008
1 0.344 0.188 0.012 0.013
1 0.303 0.138 0.017 0.015
1 0.329 0.094 0.007 0.008
0 0.956 0.505 0.007 0.005
0 0.581 0.480 0.011 0.007
0 0.738 0.419 0.006 0.004
0 0.697 0.398 0.006 0.004
0 0.146 0.290 0.002 0.002
0 0.548 0.262 0.006 0.003
0 0.644 0.169 0.006 0.005
0 0.863 0.130 0.005 0.004
0 0.322 0.109 0.005 0.003
0 0.330 0.085 0.004 0.003
4 0.370 0.346 0.188 0.131
