2 0.601 0.958 0.025 0.018
2 0.370 0.722 0.040 0.050
2 0.935 0.367 0.108 0.090
2 0.444 0.178 0.009 0.019
2 0.336 0.041 0.024 0.028
2 0.420 0.008 0.013 0.016
1 0.612 0.474 0.007 0.010
1 0.617 0.465 0.005 0.006
1 0.622 0.458 0.003 0.004
1 0.627 0.456 0.005 0.008
1 0.622 0.450 0.005 0.008
1 0.623 0.441 0.005 0.008
1 0.624 0.428 0.004 0.005
1 0.326 0.373 0.007 0.008
1 0.616 0.357 0.005 0.006
1 0.617 0.349 0.004 0.004
1 0.637 0.272 0.006 0.007
1 0.676 0.271 0.007 0.008
1 0.651 0.237 0.005 0.007
1 0.655 0.204 0.005 0.006
1 0.660 0.187 0.006 0.006
1 0.569 0.100 0.005 0.005
1 0.576 0.094 0.006 0.009
1 0.573 0.086 0.004 0.006
1 0.627 0.080 0.004 0.005
1 0.583 0.079 0.003 0.004
1 0.601 0.065 0.007 0.014
0 0.937 0.723 0.009 0.012
0 0.910 0.687 0.007 0.012
0 0.759 0.666 0.004 0.007
0 0.440 0.637 0.010 0.017
0 0.598 0.627 0.005 0.008
0 0.606 0.524 0.010 0.015
0 0.429 0.458 0.010 0.015
0 0.653 0.373 0.009 0.012
0 0.618 0.368 0.008 0.012
0 0.390 0.277 0.005 0.007
0 0.394 0.267 0.007 0.011
0 0.619 0.237 0.007 0.013
0 0.499 0.106 0.005 0.009
0 0.541 0.097 0.007 0.009
0 0.498 0.086 0.007 0.009
0 0.553 0.073 0.006 0.011
0 0.308 0.070 0.007 0.010
0 0.977 0.041 0.007 0.010
0 0.507 0.008 0.005 0.007
