2 0.449 0.649 0.012 0.005
2 0.353 0.598 0.005 0.004
2 0.357 0.480 0.005 0.003
2 0.607 0.478 0.005 0.006
2 0.617 0.471 0.005 0.003
2 0.603 0.453 0.002 0.001
2 0.617 0.454 0.006 0.005
2 0.625 0.428 0.004 0.002
2 0.638 0.422 0.004 0.002
2 0.609 0.422 0.004 0.003
2 0.615 0.379 0.003 0.002
2 0.616 0.373 0.007 0.005
2 0.626 0.369 0.004 0.002
2 0.274 0.344 0.011 0.005
2 0.288 0.341 0.004 0.004
2 0.224 0.337 0.011 0.003
2 0.232 0.334 0.002 0.002
2 0.282 0.332 0.004 0.003
2 0.390 0.333 0.009 0.005
2 0.287 0.331 0.005 0.003
2 0.275 0.330 0.006 0.004
2 0.230 0.329 0.004 0.002
2 0.246 0.324 0.005 0.002
2 0.378 0.324 0.010 0.006
2 0.284 0.322 0.013 0.006
2 0.585 0.321 0.004 0.004
2 0.238 0.319 0.003 0.002
2 0.219 0.324 0.013 0.016
2 0.366 0.315 0.009 0.006
2 0.233 0.314 0.007 0.005
2 0.824 0.312 0.007 0.006
2 0.601 0.319 0.015 0.023
2 0.676 0.308 0.013 0.005
2 0.593 0.303 0.016 0.024
2 0.682 0.293 0.006 0.006
2 0.694 0.288 0.005 0.003
2 0.683 0.287 0.003 0.003
2 0.638 0.286 0.003 0.002
2 0.594 0.284 0.002 0.002
2 0.315 0.283 0.004 0.003
2 0.657 0.282 0.006 0.003
2 0.688 0.283 0.010 0.005
2 0.311 0.279 0.003 0.002
2 0.669 0.279 0.013 0.007
2 0.617 0.276 0.009 0.005
2 0.683 0.267 0.003 0.004
2 0.647 0.272 0.022 0.019
2 0.250 0.260 0.006 0.003
2 0.609 0.227 0.003 0.002
2 0.611 0.222 0.003 0.002
2 0.363 0.071 0.007 0.005
2 0.395 0.069 0.006 0.003
2 0.371 0.057 0.010 0.004
1 1.018 0.628 0.032 0.018
1 0.310 0.622 0.053 0.025
1 0.397 0.573 0.022 0.014
1 0.373 0.576 0.020 0.022
1 0.368 0.550 0.021 0.018
1 0.566 0.533 0.020 0.012
1 0.415 0.504 0.015 0.011
1 0.262 0.340 0.005 0.008
1 0.249 0.328 0.009 0.008
1 0.633 0.305 0.013 0.005
1 1.271 0.307 0.027 0.016
1 0.567 0.299 0.022 0.013
1 1.250 0.297 0.067 0.039
1 1.258 0.265 0.013 0.008
1 0.624 0.070 0.008 0.006
1 0.706 0.068 0.035 0.014
0 0.403 0.630 0.009 0.004
0 0.516 0.626 0.007 0.005
0 1.070 0.585 0.006 0.004
0 0.536 0.568 0.009 0.007
0 0.308 0.559 0.009 0.007
0 0.451 0.554 0.007 0.006
0 0.274 0.542 0.005 0.003
0 0.561 0.513 0.005 0.003
0 0.399 0.512 0.006 0.004
0 0.387 0.510 0.005 0.004
0 0.572 0.510 0.010 0.006
0 0.667 0.499 0.008 0.006
0 0.905 0.494 0.006 0.004
0 0.550 0.474 0.009 0.006
0 0.444 0.450 0.006 0.003
0 0.656 0.447 0.009 0.006
0 0.408 0.446 0.007 0.005
0 0.330 0.444 0.009 0.007
0 0.442 0.439 0.008 0.003
0 0.438 0.429 0.007 0.005
0 0.406 0.427 0.004 0.003
0 0.345 0.411 0.012 0.007
0 0.295 0.395 0.004 0.003
0 0.443 0.374 0.008 0.005
0 0.164 0.372 0.005 0.004
0 0.325 0.340 0.006 0.003
0 0.241 0.309 0.007 0.004
0 0.547 0.306 0.004 0.003
0 0.655 0.307 0.007 0.005
0 0.626 0.292 0.005 0.004
0 0.405 0.280 0.005 0.004
0 0.418 0.265 0.007 0.005
0 0.505 0.251 0.006 0.004
0 0.346 0.246 0.004 0.003
0 0.505 0.235 0.006 0.004
0 0.725 0.126 0.004 0.003
0 0.740 0.124 0.004 0.003
0 0.740 0.118 0.008 0.005
0 1.134 0.097 0.006 0.004
0 1.114 0.092 0.006 0.005
0 1.130 0.089 0.005 0.004
0 0.794 0.088 0.005 0.004
0 0.821 0.086 0.005 0.004
0 0.654 0.085 0.004 0.003
0 0.835 0.084 0.007 0.004
0 0.447 0.051 0.009 0.006
4 1.064 0.402 0.166 0.142
3 0.688 0.594 0.085 0.057
3 0.334 0.564 0.045 0.031
3 0.663 0.446 0.022 0.023
3 0.679 0.343 0.026 0.018
3 0.267 0.310 0.022 0.015
3 0.284 0.278 0.042 0.035
3 0.839 0.065 0.016 0.018
