2 0.670 0.604 0.010 0.011
2 0.432 0.602 0.006 0.008
2 0.331 0.546 0.020 0.028
2 0.780 0.510 0.007 0.010
2 0.352 0.501 0.010 0.017
2 0.954 0.496 0.005 0.008
2 0.832 0.496 0.006 0.009
2 0.761 0.499 0.014 0.018
2 0.778 0.494 0.008 0.015
2 0.843 0.486 0.007 0.008
2 0.777 0.466 0.009 0.020
2 0.934 0.451 0.004 0.013
2 0.803 0.452 0.018 0.014
2 0.945 0.446 0.006 0.009
2 0.829 0.448 0.024 0.030
2 0.976 0.440 0.007 0.017
2 0.807 0.439 0.007 0.016
2 0.711 0.433 0.005 0.009
2 0.789 0.437 0.017 0.018
2 0.741 0.432 0.007 0.011
2 0.962 0.433 0.019 0.035
2 0.829 0.416 0.013 0.024
2 0.962 0.406 0.010 0.015
2 0.807 0.402 0.020 0.013
2 0.996 0.382 0.009 0.019
2 0.972 0.376 0.026 0.036
2 0.997 0.353 0.005 0.011
2 0.649 0.353 0.024 0.035
2 0.990 0.335 0.007 0.007
2 0.668 0.331 0.019 0.027
2 0.963 0.333 0.014 0.036
2 0.937 0.325 0.017 0.023
2 0.951 0.315 0.005 0.008
2 0.906 0.310 0.007 0.008
2 0.782 0.314 0.020 0.022
2 0.181 0.324 0.023 0.053
2 0.951 0.294 0.012 0.013
2 0.920 0.294 0.009 0.015
2 0.684 0.302 0.022 0.034
2 0.910 0.291 0.007 0.014
2 0.895 0.286 0.010 0.011
2 0.936 0.295 0.017 0.033
2 0.974 0.274 0.005 0.008
2 0.220 0.283 0.020 0.026
2 0.173 0.273 0.014 0.034
2 0.681 0.249 0.007 0.010
2 0.667 0.254 0.009 0.022
2 0.998 0.236 0.004 0.009
2 0.948 0.235 0.018 0.045
2 0.968 0.210 0.006 0.010
2 0.619 0.206 0.008 0.014
2 0.171 0.206 0.013 0.019
2 0.938 0.200 0.015 0.026
2 0.594 0.197 0.019 0.021
2 0.729 0.184 0.011 0.011
2 0.698 0.183 0.007 0.016
2 0.612 0.184 0.015 0.021
2 0.554 0.182 0.013 0.023
2 0.592 0.174 0.006 0.015
2 0.538 0.168 0.005 0.013
2 0.594 0.161 0.002 0.006
2 0.528 0.161 0.006 0.013
2 0.729 0.158 0.007 0.018
2 0.562 0.151 0.011 0.014
2 0.924 0.152 0.011 0.020
2 0.910 0.203 0.055 0.124
2 0.642 0.144 0.009 0.016
2 0.545 0.143 0.009 0.013
2 0.601 0.138 0.008 0.008
2 0.493 0.136 0.008 0.011
2 0.482 0.134 0.004 0.013
2 0.865 0.153 0.031 0.055
2 0.687 0.132 0.010 0.015
2 0.153 0.127 0.011 0.016
2 0.915 0.126 0.016 0.015
2 0.634 0.119 0.006 0.008
2 0.590 0.116 0.013 0.014
2 0.640 0.113 0.004 0.012
2 0.550 0.110 0.007 0.011
2 0.196 0.104 0.008 0.019
2 0.550 0.087 0.006 0.011
2 0.532 0.090 0.014 0.030
2 0.644 0.072 0.005 0.008
2 0.567 0.073 0.007 0.012
2 0.748 0.093 0.034 0.067
2 0.541 0.055 0.005 0.007
2 0.155 0.055 0.009 0.015
2 0.563 0.041 0.008 0.014
2 0.890 0.050 0.220 0.100
2 0.494 0.049 0.055 0.098
1 0.755 0.868 0.024 0.018
1 0.708 0.848 0.032 0.034
1 0.808 0.762 0.040 0.031
1 0.686 0.750 0.030 0.036
1 0.267 0.349 0.020 0.051
1 0.449 0.278 0.031 0.066
0 0.919 0.852 0.007 0.011
0 0.537 0.824 0.008 0.013
0 0.650 0.686 0.017 0.018
0 0.894 0.640 0.011 0.017
0 0.997 0.539 0.006 0.012
0 0.612 0.533 0.007 0.018
0 0.958 0.454 0.006 0.010
0 0.847 0.446 0.008 0.011
0 1.000 0.427 0.001 0.005
0 0.707 0.379 0.014 0.018
0 0.992 0.285 0.015 0.021
0 0.815 0.176 0.007 0.011
0 0.199 0.170 0.010 0.020
0 0.993 0.129 0.014 0.023
0 0.508 0.121 0.011 0.015
0 0.664 0.110 0.009 0.011
0 0.585 0.044 0.008 0.011
