2 0.730 0.988 0.005 0.008
2 0.749 0.977 0.005 0.008
2 0.758 0.968 0.006 0.010
2 0.509 0.969 0.009 0.012
2 0.765 0.953 0.019 0.030
2 0.788 0.902 0.008 0.007
2 0.687 0.900 0.005 0.008
2 0.745 0.900 0.006 0.011
2 0.800 0.894 0.003 0.007
2 0.581 0.890 0.008 0.008
2 0.788 0.890 0.007 0.013
2 0.792 0.880 0.005 0.008
2 0.831 0.887 0.015 0.023
2 0.535 0.884 0.014 0.020
2 0.758 0.873 0.004 0.007
2 0.910 0.880 0.008 0.023
2 0.582 0.870 0.005 0.009
2 0.726 0.867 0.004 0.006
2 0.684 0.866 0.006 0.007
2 0.651 0.869 0.010 0.025
2 0.596 0.862 0.009 0.012
2 0.846 0.856 0.006 0.007
2 0.756 0.851 0.004 0.006
2 0.578 0.850 0.005 0.004
2 0.793 0.851 0.006 0.010
2 0.409 0.850 0.011 0.008
2 0.687 0.848 0.006 0.007
2 0.678 0.848 0.006 0.008
2 0.820 0.859 0.024 0.033
2 0.716 0.883 0.049 0.085
2 0.841 0.843 0.005 0.006
2 0.831 0.846 0.009 0.015
2 0.729 0.838 0.003 0.004
2 0.591 0.840 0.005 0.008
2 0.859 0.851 0.013 0.035
2 0.909 0.835 0.005 0.007
2 0.902 0.840 0.007 0.019
2 0.696 0.834 0.007 0.007
2 0.712 0.833 0.007 0.009
2 0.810 0.832 0.007 0.011
2 0.609 0.835 0.013 0.022
2 0.769 0.828 0.005 0.009
2 0.898 0.824 0.005 0.004
2 0.685 0.830 0.010 0.016
2 0.737 0.828 0.006 0.013
2 0.719 0.824 0.005 0.008
2 0.812 0.822 0.004 0.006
2 0.753 0.831 0.015 0.024
2 0.688 0.816 0.012 0.012
2 0.607 0.813 0.005 0.008
2 0.799 0.819 0.015 0.030
2 0.524 0.809 0.005 0.009
2 0.821 0.807 0.008 0.009
2 0.736 0.810 0.007 0.016
2 0.781 0.806 0.005 0.012
2 0.859 0.803 0.005 0.008
2 0.725 0.804 0.012 0.024
2 0.385 0.804 0.012 0.023
2 0.647 0.822 0.038 0.062
2 0.856 0.812 0.039 0.048
2 0.814 0.790 0.005 0.007
2 0.797 0.788 0.004 0.005
2 0.598 0.789 0.005 0.006
2 0.735 0.789 0.006 0.008
2 0.773 0.787 0.004 0.006
2 0.764 0.788 0.008 0.008
2 0.515 0.788 0.006 0.010
2 0.402 0.783 0.004 0.005
2 0.725 0.784 0.010 0.015
2 0.624 0.779 0.010 0.008
2 0.610 0.787 0.013 0.027
2 0.666 0.774 0.003 0.004
2 0.747 0.795 0.018 0.048
2 0.734 0.776 0.009 0.013
2 0.512 0.773 0.005 0.007
2 0.754 0.772 0.006 0.008
2 0.649 0.767 0.005 0.006
2 0.425 0.762 0.006 0.009
2 0.592 0.764 0.006 0.015
2 0.882 0.759 0.005 0.008
2 0.433 0.758 0.005 0.010
2 0.516 0.761 0.012 0.018
2 0.635 0.755 0.005 0.008
2 0.620 0.757 0.009 0.022
2 0.565 0.752 0.008 0.017
2 0.717 0.745 0.004 0.006
2 0.590 0.739 0.007 0.008
2 0.600 0.739 0.010 0.013
2 0.653 0.746 0.019 0.031
2 0.619 0.733 0.005 0.007
2 0.633 0.732 0.005 0.008
2 0.699 0.737 0.013 0.024
2 0.710 0.731 0.006 0.022
2 0.902 0.729 0.018 0.026
2 0.621 0.717 0.009 0.008
2 0.665 0.719 0.007 0.022
2 0.622 0.703 0.003 0.004
2 0.561 0.704 0.003 0.006
2 0.867 0.703 0.004 0.006
2 0.614 0.702 0.004 0.007
2 0.534 0.703 0.006 0.010
2 0.584 0.710 0.009 0.025
2 0.896 0.700 0.006 0.010
2 0.479 0.701 0.005 0.011
2 0.667 0.696 0.004 0.008
2 0.442 0.700 0.008 0.019
2 0.595 0.693 0.003 0.007
2 0.429 0.704 0.012 0.029
2 0.629 0.690 0.003 0.003
2 0.889 0.688 0.007 0.008
2 0.657 0.695 0.010 0.025
2 0.586 0.687 0.007 0.011
2 0.816 0.685 0.006 0.009
2 0.639 0.686 0.005 0.012
2 0.564 0.687 0.008 0.015
2 0.559 0.707 0.039 0.067
2 0.600 0.675 0.005 0.008
2 0.612 0.671 0.004 0.007
2 0.642 0.672 0.006 0.014
2 0.728 0.667 0.007 0.007
2 0.591 0.669 0.011 0.015
2 0.517 0.670 0.014 0.022
2 0.614 0.661 0.004 0.006
2 0.898 0.664 0.007 0.013
2 0.632 0.660 0.005 0.006
2 0.684 0.659 0.005 0.007
2 0.507 0.659 0.005 0.011
2 0.666 0.657 0.004 0.007
2 0.715 0.655 0.004 0.006
2 0.656 0.655 0.004 0.006
2 0.605 0.655 0.014 0.017
2 0.537 0.645 0.002 0.003
2 0.704 0.646 0.005 0.007
2 0.710 0.643 0.003 0.005
2 0.614 0.644 0.004 0.008
2 0.723 0.643 0.007 0.008
2 0.688 0.638 0.006 0.009
2 0.634 0.637 0.009 0.013
2 0.927 0.634 0.012 0.017
2 0.606 0.633 0.009 0.019
2 0.566 0.627 0.005 0.007
2 0.625 0.633 0.008 0.020
2 0.881 0.623 0.005 0.008
2 0.654 0.637 0.025 0.037
2 0.616 0.621 0.004 0.008
2 0.955 0.620 0.006 0.009
2 0.577 0.638 0.042 0.048
2 0.888 0.616 0.005 0.008
2 0.610 0.610 0.006 0.008
2 0.659 0.609 0.005 0.009
2 0.600 0.607 0.004 0.010
2 0.582 0.593 0.007 0.009
2 0.593 0.592 0.004 0.008
2 0.644 0.590 0.012 0.021
2 0.674 0.581 0.005 0.011
2 0.625 0.604 0.028 0.060
2 0.724 0.578 0.010 0.013
2 0.869 0.576 0.008 0.013
2 0.712 0.568 0.007 0.012
2 0.627 0.565 0.004 0.007
2 0.737 0.562 0.007 0.010
2 0.915 0.564 0.017 0.022
2 0.648 0.555 0.007 0.008
2 0.756 0.547 0.008 0.008
2 0.908 0.548 0.005 0.013
2 0.891 0.554 0.026 0.041
2 0.590 0.562 0.042 0.070
2 0.609 0.530 0.006 0.008
2 0.873 0.529 0.011 0.011
2 0.755 0.529 0.004 0.010
2 0.726 0.532 0.006 0.016
2 0.665 0.524 0.004 0.007
2 0.741 0.523 0.007 0.011
2 0.791 0.520 0.005 0.010
2 0.681 0.518 0.004 0.010
2 0.581 0.520 0.014 0.014
2 0.768 0.506 0.008 0.011
2 0.837 0.504 0.004 0.008
2 0.750 0.506 0.009 0.014
2 0.743 0.502 0.007 0.006
2 0.629 0.504 0.006 0.008
2 0.782 0.504 0.014 0.013
2 0.861 0.512 0.031 0.033
2 0.601 0.499 0.008 0.015
2 0.801 0.498 0.010 0.014
2 0.648 0.499 0.014 0.016
2 0.612 0.497 0.007 0.012
2 0.849 0.495 0.010 0.014
2 0.819 0.492 0.004 0.010
2 0.786 0.491 0.004 0.008
2 0.816 0.482 0.004 0.006
2 0.568 0.489 0.015 0.028
2 0.802 0.477 0.007 0.011
2 0.733 0.480 0.015 0.022
2 0.638 0.466 0.010 0.015
2 0.760 0.477 0.030 0.041
2 0.854 0.457 0.008 0.012
2 0.840 0.458 0.012 0.016
2 0.614 0.468 0.013 0.038
2 0.683 0.454 0.008 0.017
2 0.798 0.443 0.007 0.012
2 0.601 0.461 0.020 0.048
2 0.581 0.464 0.021 0.054
2 0.867 0.441 0.010 0.020
2 0.888 0.417 0.007 0.014
2 0.774 0.417 0.013 0.018
2 0.664 0.414 0.006 0.011
2 0.620 0.436 0.025 0.054
2 0.729 0.427 0.075 0.072
2 0.827 0.393 0.014 0.024
2 0.674 0.393 0.013 0.034
2 0.858 0.382 0.010 0.014
2 0.838 0.369 0.010 0.025
2 0.792 0.356 0.008 0.031
2 0.740 0.358 0.012 0.046
2 0.985 0.185 0.008 0.015
2 0.954 0.180 0.011 0.017
2 0.915 0.169 0.010 0.017
2 0.982 0.157 0.010 0.020
2 0.951 0.155 0.010 0.016
2 0.884 0.148 0.018 0.027
2 0.930 0.141 0.009 0.018
2 0.975 0.132 0.011 0.020
2 0.906 0.133 0.019 0.032
2 0.883 0.089 0.008 0.018
2 0.886 0.024 0.021 0.026
1 0.859 0.988 0.011 0.025
1 0.382 0.898 0.005 0.011
1 0.444 0.847 0.026 0.037
1 0.488 0.842 0.017 0.030
1 0.469 0.807 0.010 0.022
1 0.551 0.801 0.011 0.022
1 0.458 0.764 0.030 0.062
1 0.887 0.749 0.014 0.033
1 0.768 0.709 0.015 0.021
1 0.841 0.700 0.006 0.015
1 0.863 0.646 0.013 0.015
1 0.810 0.627 0.010 0.020
1 0.828 0.629 0.015 0.030
1 0.749 0.621 0.046 0.039
1 0.795 0.606 0.013 0.027
1 0.851 0.598 0.013 0.027
1 0.827 0.597 0.021 0.027
1 0.845 0.571 0.009 0.019
1 0.548 0.374 0.012 0.039
1 0.380 0.240 0.014 0.025
1 0.658 0.218 0.016 0.028
1 0.672 0.151 0.017 0.023
1 0.933 0.056 0.079 0.110
0 0.438 0.965 0.007 0.010
0 0.504 0.952 0.004 0.007
0 0.510 0.948 0.003 0.005
0 0.439 0.944 0.003 0.007
0 0.751 0.939 0.010 0.018
0 0.460 0.928 0.009 0.015
0 0.288 0.894 0.006 0.009
0 0.429 0.894 0.008 0.013
0 0.472 0.826 0.006 0.012
0 0.498 0.818 0.010 0.016
0 0.215 0.804 0.012 0.018
0 0.330 0.781 0.009 0.019
0 0.222 0.780 0.010 0.020
0 0.836 0.714 0.005 0.008
0 0.943 0.713 0.008 0.013
0 0.741 0.704 0.005 0.009
0 0.727 0.692 0.005 0.008
0 0.736 0.688 0.004 0.006
0 0.740 0.686 0.002 0.004
0 0.744 0.684 0.003 0.005
0 0.853 0.669 0.005 0.008
0 0.758 0.667 0.014 0.015
0 0.836 0.651 0.012 0.018
0 0.844 0.637 0.009 0.017
0 0.611 0.620 0.005 0.009
0 0.544 0.617 0.007 0.011
0 0.788 0.611 0.007 0.010
0 0.773 0.614 0.010 0.016
0 0.532 0.607 0.007 0.013
0 0.550 0.590 0.013 0.021
0 0.800 0.583 0.008 0.013
0 0.273 0.559 0.006 0.011
0 0.854 0.556 0.009 0.013
0 0.381 0.552 0.007 0.012
0 0.840 0.545 0.007 0.011
0 0.463 0.503 0.008 0.013
0 0.553 0.481 0.005 0.008
0 0.653 0.433 0.013 0.020
0 0.652 0.287 0.009 0.013
0 0.523 0.241 0.010 0.013
0 0.848 0.196 0.009 0.015
