2 0.772 0.591 0.004 0.003
2 0.803 0.590 0.004 0.002
2 0.765 0.585 0.004 0.003
2 0.775 0.585 0.007 0.007
2 0.807 0.584 0.005 0.005
2 0.821 0.583 0.002 0.003
2 0.739 0.582 0.005 0.003
2 0.794 0.581 0.003 0.003
2 0.782 0.580 0.006 0.005
2 0.838 0.575 0.006 0.005
2 0.857 0.573 0.011 0.011
2 0.828 0.572 0.008 0.009
2 0.846 0.573 0.008 0.014
2 0.820 0.573 0.008 0.012
2 0.729 0.571 0.017 0.010
2 1.110 0.568 0.006 0.004
2 0.874 0.566 0.009 0.008
2 0.807 0.552 0.003 0.001
2 0.856 0.559 0.032 0.019
2 0.881 0.552 0.011 0.007
2 0.869 0.549 0.012 0.007
2 0.654 0.544 0.006 0.003
2 0.849 0.544 0.002 0.002
2 0.837 0.545 0.004 0.005
2 0.667 0.546 0.012 0.012
2 0.838 0.540 0.002 0.002
2 0.661 0.540 0.003 0.003
2 0.690 0.537 0.003 0.004
2 0.725 0.535 0.005 0.008
2 0.830 0.528 0.005 0.004
2 0.870 0.536 0.042 0.020
2 0.675 0.534 0.011 0.017
2 0.720 0.528 0.009 0.005
2 0.705 0.526 0.006 0.003
2 0.892 0.527 0.009 0.007
2 0.856 0.523 0.003 0.002
2 0.850 0.523 0.004 0.003
2 0.875 0.523 0.005 0.003
2 0.715 0.523 0.011 0.007
2 0.701 0.521 0.010 0.006
2 0.591 0.518 0.006 0.004
2 0.749 0.516 0.004 0.007
2 0.607 0.514 0.006 0.004
2 0.898 0.520 0.016 0.017
2 0.866 0.512 0.009 0.007
2 0.723 0.508 0.008 0.006
2 0.719 0.503 0.002 0.002
2 0.949 0.504 0.006 0.005
2 0.722 0.500 0.004 0.003
2 0.720 0.498 0.009 0.003
2 0.701 0.497 0.003 0.002
2 1.101 0.496 0.005 0.003
2 0.714 0.495 0.004 0.003
2 0.888 0.492 0.004 0.003
2 0.708 0.493 0.013 0.007
2 0.551 0.493 0.006 0.008
2 0.711 0.488 0.005 0.002
2 0.721 0.490 0.008 0.007
2 0.892 0.486 0.004 0.003
2 0.529 0.487 0.006 0.004
2 0.911 0.484 0.002 0.002
2 1.126 0.484 0.006 0.003
2 0.897 0.484 0.003 0.003
2 0.908 0.481 0.002 0.003
2 0.721 0.482 0.009 0.008
2 0.935 0.477 0.003 0.003
2 0.698 0.478 0.013 0.010
2 0.675 0.475 0.005 0.004
2 0.724 0.474 0.003 0.002
2 0.895 0.474 0.003 0.002
2 0.698 0.472 0.004 0.002
2 0.179 0.473 0.012 0.009
2 0.888 0.471 0.008 0.007
2 0.928 0.469 0.005 0.003
2 0.908 0.473 0.020 0.013
2 0.972 0.469 0.013 0.007
2 0.727 0.469 0.005 0.006
2 0.997 0.466 0.005 0.003
2 0.201 0.472 0.021 0.016
2 0.990 0.466 0.006 0.004
2 0.893 0.463 0.002 0.003
2 0.724 0.462 0.002 0.002
2 0.715 0.462 0.005 0.002
2 0.705 0.464 0.029 0.012
2 0.987 0.459 0.004 0.003
2 0.718 0.459 0.004 0.003
2 0.994 0.457 0.005 0.002
2 0.956 0.457 0.014 0.008
2 0.981 0.455 0.006 0.007
2 0.782 0.453 0.005 0.003
2 0.703 0.450 0.003 0.002
2 0.975 0.452 0.006 0.006
2 0.697 0.450 0.005 0.003
2 0.905 0.450 0.005 0.005
2 0.896 0.451 0.008 0.009
2 0.728 0.445 0.011 0.003
2 0.863 0.448 0.012 0.008
2 0.781 0.444 0.002 0.003
2 1.014 0.444 0.004 0.003
2 0.800 0.444 0.011 0.003
2 0.929 0.461 0.046 0.039
2 1.001 0.440 0.005 0.003
2 0.652 0.439 0.005 0.002
2 0.779 0.439 0.004 0.002
2 0.790 0.439 0.004 0.003
2 1.006 0.440 0.005 0.006
2 0.721 0.439 0.008 0.005
2 0.787 0.437 0.002 0.002
2 0.632 0.440 0.025 0.010
2 0.996 0.434 0.005 0.003
2 0.991 0.433 0.003 0.003
2 0.765 0.437 0.014 0.014
2 0.982 0.431 0.007 0.005
2 0.797 0.427 0.004 0.003
2 0.765 0.426 0.011 0.003
2 0.910 0.431 0.030 0.015
2 0.797 0.423 0.005 0.002
2 0.782 0.422 0.004 0.004
2 0.776 0.419 0.002 0.001
2 0.654 0.425 0.024 0.015
2 0.778 0.418 0.002 0.001
2 0.991 0.422 0.018 0.010
2 0.757 0.417 0.003 0.002
2 0.873 0.422 0.018 0.012
2 0.824 0.417 0.004 0.002
2 0.129 0.418 0.006 0.007
2 0.880 0.417 0.009 0.004
2 0.771 0.416 0.007 0.004
2 0.861 0.414 0.010 0.007
2 0.488 0.411 0.011 0.008
2 1.004 0.410 0.013 0.008
2 0.981 0.406 0.008 0.006
2 0.499 0.404 0.016 0.005
2 1.028 0.402 0.004 0.002
2 0.881 0.400 0.003 0.002
2 0.858 0.401 0.019 0.008
2 0.678 0.395 0.004 0.002
2 0.859 0.396 0.004 0.004
2 0.665 0.397 0.005 0.006
2 0.880 0.392 0.003 0.003
2 0.915 0.392 0.004 0.003
2 0.784 0.391 0.006 0.003
2 0.523 0.391 0.003 0.002
2 0.855 0.391 0.006 0.005
2 0.755 0.386 0.004 0.003
2 0.759 0.385 0.003 0.002
2 0.534 0.385 0.004 0.003
2 0.522 0.386 0.005 0.005
2 0.688 0.384 0.006 0.003
2 0.973 0.385 0.005 0.006
2 0.776 0.382 0.004 0.002
2 0.526 0.382 0.003 0.002
2 0.699 0.381 0.007 0.003
2 0.987 0.381 0.004 0.003
2 0.738 0.382 0.007 0.006
2 0.765 0.381 0.010 0.005
2 0.998 0.380 0.008 0.003
2 0.774 0.377 0.003 0.001
2 0.527 0.378 0.004 0.003
2 0.756 0.377 0.003 0.002
2 0.675 0.379 0.005 0.007
2 0.698 0.376 0.004 0.003
2 0.731 0.375 0.004 0.002
2 0.688 0.374 0.005 0.003
2 0.762 0.374 0.004 0.003
2 0.696 0.412 0.080 0.080
2 1.002 0.373 0.004 0.003
2 0.520 0.373 0.006 0.003
2 0.701 0.372 0.003 0.004
2 0.529 0.371 0.006 0.004
2 0.717 0.370 0.002 0.002
2 0.710 0.370 0.007 0.004
2 0.807 0.369 0.006 0.003
2 0.726 0.369 0.006 0.003
2 0.744 0.368 0.004 0.006
2 0.544 0.368 0.012 0.008
2 0.823 0.366 0.006 0.005
2 0.705 0.365 0.004 0.002
2 0.971 0.373 0.028 0.024
2 0.981 0.361 0.003 0.002
2 0.796 0.359 0.009 0.003
2 0.992 0.359 0.007 0.003
2 0.982 0.358 0.004 0.002
2 0.524 0.359 0.019 0.013
2 0.488 0.352 0.008 0.005
2 0.962 0.347 0.002 0.003
2 0.971 0.349 0.015 0.007
2 0.957 0.343 0.003 0.001
2 0.798 0.349 0.024 0.013
2 0.977 0.342 0.002 0.001
2 0.956 0.341 0.004 0.003
2 0.559 0.346 0.031 0.014
2 0.581 0.345 0.012 0.012
2 0.772 0.344 0.017 0.011
2 1.000 0.338 0.003 0.002
2 0.972 0.332 0.004 0.003
2 0.617 0.347 0.054 0.034
2 0.948 0.328 0.005 0.004
2 0.584 0.329 0.017 0.008
2 0.992 0.330 0.016 0.014
2 0.896 0.324 0.004 0.003
2 0.544 0.324 0.006 0.005
2 0.809 0.319 0.002 0.002
2 0.618 0.319 0.005 0.004
2 0.778 0.320 0.006 0.005
2 0.805 0.318 0.002 0.002
2 0.714 0.318 0.005 0.006
2 0.718 0.312 0.002 0.002
2 0.845 0.312 0.003 0.002
2 0.788 0.312 0.005 0.003
2 0.623 0.312 0.003 0.003
2 0.796 0.311 0.004 0.002
2 0.835 0.308 0.004 0.003
2 0.821 0.307 0.003 0.003
2 0.831 0.307 0.004 0.002
2 0.730 0.306 0.004 0.003
2 0.909 0.305 0.003 0.002
2 0.816 0.305 0.004 0.003
2 0.916 0.303 0.004 0.002
2 0.750 0.303 0.003 0.002
2 0.922 0.302 0.003 0.002
2 0.820 0.302 0.004 0.002
2 0.575 0.303 0.007 0.006
2 0.869 0.298 0.004 0.002
2 0.885 0.304 0.022 0.015
2 0.778 0.302 0.014 0.016
2 0.873 0.295 0.005 0.003
2 0.774 0.292 0.005 0.003
2 0.584 0.294 0.020 0.007
2 0.563 0.290 0.009 0.006
2 0.920 0.289 0.009 0.006
2 0.731 0.291 0.038 0.018
2 0.806 0.294 0.047 0.025
2 0.552 0.285 0.011 0.007
2 0.874 0.280 0.004 0.003
2 0.763 0.286 0.023 0.022
2 1.015 0.275 0.014 0.010
2 0.782 0.278 0.012 0.016
2 0.722 0.269 0.005 0.005
2 0.751 0.269 0.011 0.010
2 0.737 0.272 0.022 0.017
2 0.710 0.264 0.004 0.002
2 1.003 0.264 0.014 0.009
2 0.735 0.260 0.004 0.002
2 0.744 0.260 0.008 0.003
2 0.747 0.256 0.004 0.005
2 0.969 0.259 0.009 0.014
2 0.853 0.253 0.005 0.004
2 0.874 0.254 0.005 0.005
2 0.707 0.256 0.011 0.010
2 0.699 0.252 0.005 0.003
2 0.582 0.261 0.040 0.025
2 0.677 0.249 0.006 0.008
2 0.673 0.243 0.003 0.002
2 0.585 0.244 0.005 0.004
2 0.853 0.244 0.005 0.003
2 0.732 0.239 0.003 0.002
2 0.637 0.239 0.021 0.008
2 0.924 0.234 0.007 0.006
2 0.668 0.232 0.008 0.006
2 0.651 0.230 0.008 0.005
2 0.603 0.226 0.007 0.005
2 0.919 0.227 0.009 0.007
2 0.677 0.225 0.004 0.006
2 0.724 0.222 0.003 0.002
2 0.826 0.223 0.004 0.004
2 0.826 0.208 0.007 0.010
2 0.798 0.210 0.019 0.020
2 0.773 0.193 0.004 0.003
2 0.762 0.193 0.008 0.005
2 0.778 0.187 0.003 0.002
2 0.782 0.179 0.011 0.011
2 0.796 0.172 0.006 0.005
2 0.689 0.163 0.006 0.004
2 0.254 0.148 0.005 0.007
2 0.622 0.146 0.006 0.004
2 0.701 0.147 0.007 0.009
2 0.623 0.139 0.007 0.005
2 0.724 0.136 0.009 0.005
2 0.723 0.128 0.004 0.002
2 0.261 0.130 0.005 0.006
2 0.716 0.124 0.006 0.004
2 0.738 0.119 0.009 0.006
2 0.729 0.116 0.004 0.003
2 0.728 0.112 0.004 0.004
2 0.737 0.111 0.005 0.003
2 0.805 0.107 0.004 0.004
2 0.718 0.092 0.014 0.007
2 0.894 0.090 0.008 0.006
2 0.391 0.040 0.004 0.003
2 0.362 0.031 0.005 0.006
2 0.375 0.033 0.016 0.010
2 0.589 0.027 0.005 0.005
2 0.395 0.027 0.009 0.007
2 0.379 0.018 0.006 0.006
2 0.366 0.017 0.005 0.006
2 0.405 0.011 0.007 0.003
1 0.282 0.563 0.016 0.006
1 0.720 0.558 0.026 0.006
1 0.766 0.552 0.013 0.010
1 0.787 0.513 0.016 0.013
1 0.418 0.503 0.027 0.018
1 0.885 0.500 0.040 0.013
1 0.662 0.480 0.009 0.005
1 0.932 0.487 0.026 0.024
1 0.586 0.477 0.029 0.018
1 0.221 0.473 0.020 0.017
1 0.956 0.437 0.008 0.005
1 0.873 0.435 0.012 0.006
1 0.946 0.425 0.008 0.007
1 0.955 0.417 0.017 0.010
1 0.942 0.407 0.020 0.016
1 0.980 0.394 0.024 0.014
1 0.950 0.383 0.020 0.020
1 0.925 0.374 0.006 0.010
1 0.818 0.372 0.007 0.009
1 0.847 0.369 0.014 0.013
1 0.924 0.364 0.015 0.006
1 1.012 0.362 0.009 0.007
1 0.952 0.359 0.008 0.003
1 0.851 0.354 0.009 0.009
1 0.900 0.358 0.033 0.045
1 0.853 0.333 0.022 0.011
1 0.708 0.330 0.018 0.012
1 0.653 0.308 0.033 0.020
1 0.843 0.304 0.010 0.012
1 0.855 0.291 0.008 0.008
1 0.970 0.293 0.021 0.015
1 0.682 0.279 0.027 0.021
1 0.810 0.270 0.017 0.010
1 1.164 0.265 0.033 0.024
1 0.908 0.252 0.018 0.011
1 1.036 0.247 0.035 0.024
1 1.002 0.230 0.006 0.003
1 0.853 0.219 0.011 0.008
1 0.883 0.216 0.008 0.009
1 0.860 0.208 0.030 0.020
1 1.011 0.168 0.034 0.026
1 1.041 0.148 0.014 0.011
1 1.095 0.150 0.019 0.018
1 0.746 0.127 0.021 0.010
1 0.690 0.113 0.012 0.007
1 0.373 0.097 0.016 0.012
1 0.253 0.098 0.018 0.029
1 0.476 0.056 0.015 0.010
1 0.381 0.005 0.016 0.009
0 0.886 0.620 0.004 0.003
0 0.996 0.617 0.010 0.007
0 0.313 0.605 0.004 0.003
0 0.707 0.604 0.003 0.002
0 1.000 0.605 0.008 0.006
0 0.724 0.594 0.007 0.005
0 0.339 0.585 0.005 0.004
0 0.745 0.584 0.005 0.004
0 0.923 0.581 0.002 0.001
0 0.917 0.577 0.006 0.004
0 0.703 0.575 0.005 0.004
0 0.966 0.574 0.006 0.004
0 0.372 0.573 0.007 0.005
0 0.771 0.571 0.006 0.003
0 0.549 0.570 0.004 0.003
0 0.305 0.571 0.010 0.007
0 0.925 0.553 0.004 0.003
0 0.755 0.548 0.009 0.005
0 0.968 0.539 0.007 0.004
0 0.788 0.535 0.005 0.003
0 0.551 0.531 0.006 0.004
0 1.021 0.523 0.005 0.004
0 0.966 0.514 0.002 0.002
0 0.624 0.515 0.006 0.005
0 0.811 0.512 0.004 0.002
0 0.978 0.509 0.002 0.002
0 0.709 0.506 0.005 0.005
0 0.852 0.505 0.007 0.004
0 1.137 0.505 0.008 0.006
0 0.461 0.470 0.006 0.004
0 1.113 0.470 0.006 0.004
0 0.833 0.468 0.004 0.002
0 0.418 0.460 0.006 0.004
0 0.802 0.432 0.004 0.003
0 0.975 0.426 0.006 0.004
0 0.913 0.407 0.005 0.003
0 0.801 0.404 0.006 0.004
0 0.812 0.405 0.007 0.005
0 0.966 0.391 0.004 0.003
0 0.816 0.358 0.004 0.003
0 0.829 0.348 0.008 0.004
0 0.739 0.348 0.005 0.003
0 0.668 0.343 0.005 0.004
0 1.011 0.342 0.004 0.003
0 0.751 0.339 0.007 0.004
0 1.010 0.336 0.004 0.003
0 0.761 0.333 0.004 0.002
0 0.667 0.331 0.004 0.003
0 1.025 0.328 0.004 0.002
0 0.509 0.323 0.006 0.004
0 0.500 0.322 0.007 0.005
0 0.676 0.312 0.005 0.003
0 0.987 0.304 0.006 0.004
0 1.086 0.293 0.009 0.006
0 0.864 0.287 0.005 0.004
0 1.192 0.263 0.008 0.005
0 0.530 0.258 0.010 0.006
0 1.057 0.239 0.006 0.004
0 1.051 0.236 0.006 0.004
0 0.977 0.225 0.005 0.004
0 0.952 0.220 0.007 0.005
0 0.889 0.210 0.005 0.003
0 0.486 0.210 0.009 0.006
0 0.744 0.204 0.003 0.002
0 1.144 0.168 0.008 0.006
0 0.720 0.165 0.003 0.002
0 0.723 0.161 0.004 0.003
0 0.871 0.155 0.006 0.004
0 0.220 0.147 0.009 0.006
0 0.731 0.131 0.007 0.005
0 0.870 0.125 0.006 0.005
0 0.757 0.119 0.005 0.003
0 0.789 0.112 0.005 0.004
0 1.075 0.112 0.012 0.008
0 0.512 0.092 0.010 0.006
0 1.032 0.082 0.008 0.005
0 0.866 0.061 0.008 0.005
0 0.462 0.042 0.006 0.003
0 0.645 0.019 0.004 0.003
0 0.655 0.018 0.009 0.007
4 0.302 0.330 0.201 0.136
