2 0.908 0.501 0.004 0.003
2 0.953 0.497 0.002 0.003
2 0.880 0.496 0.003 0.001
2 0.385 0.496 0.006 0.005
2 0.882 0.492 0.003 0.002
2 0.907 0.489 0.012 0.006
2 1.025 0.476 0.006 0.003
2 0.898 0.473 0.004 0.003
2 1.063 0.465 0.004 0.002
2 1.009 0.439 0.004 0.002
2 1.032 0.439 0.002 0.002
2 1.087 0.415 0.004 0.003
2 1.155 0.410 0.006 0.003
2 0.788 0.410 0.006 0.004
2 1.127 0.403 0.004 0.003
2 0.790 0.400 0.013 0.006
2 1.148 0.394 0.007 0.003
2 1.154 0.386 0.005 0.003
2 1.059 0.384 0.003 0.003
2 1.160 0.376 0.004 0.002
2 1.219 0.368 0.004 0.002
2 1.176 0.361 0.006 0.003
2 1.163 0.359 0.004 0.003
2 1.213 0.358 0.005 0.003
2 0.847 0.340 0.005 0.004
2 1.173 0.339 0.004 0.003
2 0.845 0.334 0.005 0.005
2 0.765 0.332 0.004 0.004
2 0.754 0.331 0.003 0.002
2 0.829 0.329 0.004 0.003
2 0.759 0.328 0.008 0.005
2 0.728 0.325 0.002 0.003
2 0.751 0.325 0.004 0.003
2 0.734 0.320 0.003 0.002
2 0.765 0.318 0.003 0.003
2 0.742 0.317 0.004 0.003
2 0.731 0.316 0.004 0.003
2 1.128 0.316 0.007 0.004
2 0.843 0.313 0.009 0.007
2 0.721 0.313 0.008 0.006
2 0.824 0.311 0.004 0.003
2 0.778 0.310 0.006 0.003
2 0.834 0.310 0.004 0.004
2 0.801 0.311 0.006 0.007
2 0.726 0.308 0.004 0.003
2 0.764 0.305 0.004 0.003
2 0.752 0.305 0.002 0.003
2 0.805 0.304 0.008 0.005
2 0.827 0.300 0.003 0.002
2 0.833 0.301 0.005 0.005
2 0.784 0.302 0.014 0.012
2 0.770 0.299 0.011 0.009
2 1.186 0.294 0.003 0.002
2 0.833 0.293 0.005 0.004
2 0.732 0.292 0.004 0.003
2 0.727 0.284 0.003 0.003
2 1.132 0.184 0.005 0.003
1 1.006 0.577 0.021 0.016
1 1.103 0.529 0.018 0.017
1 0.398 0.492 0.017 0.007
1 0.725 0.474 0.026 0.010
1 1.104 0.437 0.008 0.005
1 1.095 0.434 0.014 0.005
1 1.111 0.431 0.007 0.006
1 0.957 0.424 0.014 0.010
1 0.945 0.416 0.009 0.009
1 0.935 0.416 0.007 0.011
1 0.928 0.411 0.012 0.013
1 0.795 0.398 0.032 0.020
1 1.264 0.389 0.029 0.019
1 1.109 0.384 0.027 0.018
1 0.880 0.377 0.020 0.013
1 1.010 0.335 0.007 0.009
1 0.979 0.335 0.022 0.017
1 0.919 0.314 0.014 0.010
1 1.104 0.316 0.053 0.019
1 1.136 0.305 0.027 0.019
1 1.062 0.292 0.011 0.008
1 1.024 0.294 0.040 0.027
1 1.048 0.281 0.021 0.013
1 0.998 0.276 0.017 0.014
1 1.240 0.279 0.035 0.025
1 1.071 0.267 0.012 0.007
1 0.797 0.256 0.042 0.016
1 0.957 0.251 0.014 0.008
1 0.985 0.248 0.043 0.027
1 1.044 0.205 0.015 0.009
1 1.024 0.193 0.039 0.045
1 0.969 0.162 0.016 0.007
1 0.930 0.141 0.026 0.010
1 0.923 0.123 0.015 0.006
1 0.351 0.118 0.010 0.007
1 0.278 0.070 0.032 0.008
1 0.329 0.068 0.011 0.006
1 0.447 0.062 0.015 0.010
1 0.420 0.057 0.037 0.010
1 0.350 0.043 0.018 0.006
1 0.400 0.044 0.025 0.014
1 0.426 0.032 0.022 0.009
1 0.357 0.027 0.021 0.010
1 0.373 0.034 0.029 0.024
1 0.360 0.017 0.013 0.006
1 0.374 0.014 0.007 0.003
0 0.981 0.629 0.004 0.003
0 0.991 0.626 0.007 0.004
0 0.986 0.622 0.006 0.003
0 0.992 0.621 0.006 0.004
0 1.118 0.589 0.004 0.003
0 0.756 0.586 0.004 0.003
0 1.003 0.566 0.005 0.003
0 0.677 0.560 0.005 0.004
0 1.144 0.542 0.005 0.003
0 0.706 0.508 0.008 0.006
0 0.398 0.500 0.005 0.004
0 1.109 0.499 0.004 0.003
0 0.312 0.492 0.008 0.005
0 0.826 0.489 0.006 0.004
0 1.082 0.484 0.003 0.002
0 0.741 0.483 0.008 0.006
0 1.081 0.481 0.003 0.002
0 1.091 0.476 0.004 0.003
0 1.089 0.470 0.005 0.003
0 0.326 0.470 0.007 0.005
0 0.343 0.466 0.006 0.004
0 1.116 0.456 0.006 0.004
0 0.952 0.440 0.002 0.001
0 0.925 0.423 0.005 0.003
0 0.976 0.414 0.005 0.004
0 1.076 0.413 0.007 0.004
0 1.129 0.409 0.005 0.004
0 1.011 0.409 0.006 0.004
0 0.956 0.405 0.007 0.004
0 0.941 0.390 0.006 0.004
0 1.118 0.389 0.005 0.003
0 1.133 0.387 0.005 0.004
0 1.166 0.358 0.004 0.002
0 0.761 0.358 0.005 0.003
0 1.235 0.357 0.005 0.003
0 0.894 0.357 0.004 0.003
0 0.898 0.354 0.004 0.003
0 1.167 0.351 0.005 0.003
0 1.104 0.352 0.007 0.005
0 1.078 0.346 0.004 0.003
0 1.016 0.345 0.006 0.004
0 1.098 0.340 0.006 0.005
0 1.022 0.340 0.006 0.004
0 1.089 0.339 0.005 0.004
0 1.083 0.337 0.004 0.003
0 1.028 0.335 0.004 0.003
0 0.990 0.331 0.008 0.006
0 1.058 0.328 0.006 0.004
0 1.045 0.328 0.006 0.004
0 1.022 0.327 0.008 0.005
0 1.072 0.325 0.006 0.005
0 0.967 0.325 0.008 0.006
0 1.165 0.322 0.006 0.003
0 0.954 0.320 0.008 0.005
0 1.038 0.316 0.007 0.004
0 1.078 0.314 0.004 0.003
0 1.002 0.314 0.006 0.004
0 1.048 0.311 0.006 0.004
0 0.949 0.311 0.007 0.006
0 0.993 0.308 0.005 0.003
0 0.958 0.307 0.005 0.003
0 1.011 0.303 0.005 0.003
0 1.232 0.303 0.005 0.004
0 0.928 0.302 0.006 0.005
0 1.061 0.302 0.009 0.006
0 0.982 0.301 0.004 0.003
0 1.000 0.299 0.004 0.003
0 0.977 0.299 0.005 0.003
0 1.077 0.294 0.007 0.004
0 1.041 0.290 0.009 0.005
0 1.063 0.283 0.007 0.004
0 1.056 0.280 0.007 0.004
0 1.081 0.278 0.006 0.004
0 1.062 0.277 0.005 0.003
0 1.056 0.275 0.005 0.003
0 1.097 0.271 0.006 0.004
0 1.038 0.271 0.008 0.005
0 1.013 0.257 0.004 0.003
0 1.042 0.254 0.004 0.002
0 0.905 0.250 0.006 0.004
0 1.083 0.244 0.006 0.003
0 1.017 0.234 0.006 0.003
0 0.238 0.233 0.005 0.004
0 1.056 0.224 0.005 0.003
0 0.159 0.223 0.008 0.005
0 0.983 0.195 0.003 0.002
0 0.996 0.178 0.004 0.003
0 0.937 0.166 0.004 0.002
0 0.958 0.164 0.005 0.003
0 0.983 0.163 0.004 0.002
0 0.920 0.162 0.004 0.003
0 0.617 0.150 0.006 0.004
0 0.951 0.148 0.004 0.002
0 0.941 0.134 0.006 0.003
0 0.342 0.133 0.005 0.003
0 0.948 0.130 0.002 0.002
0 0.940 0.129 0.008 0.005
0 0.628 0.128 0.008 0.006
0 0.640 0.126 0.012 0.009
0 0.650 0.119 0.006 0.003
0 0.339 0.115 0.007 0.005
0 1.087 0.103 0.006 0.004
0 1.065 0.102 0.004 0.002
0 1.095 0.099 0.007 0.004
0 0.652 0.099 0.005 0.003
0 0.576 0.093 0.007 0.003
0 0.332 0.084 0.005 0.004
0 0.327 0.081 0.006 0.004
0 0.289 0.068 0.006 0.004
0 0.433 0.063 0.004 0.002
0 0.353 0.059 0.004 0.003
0 0.372 0.057 0.003 0.002
0 0.421 0.052 0.007 0.004
0 0.900 0.042 0.004 0.003
0 0.901 0.026 0.006 0.004
0 1.010 0.025 0.005 0.003
0 0.348 0.019 0.006 0.004
0 0.985 0.005 0.008 0.005
4 0.390 0.296 0.156 0.123
3 1.227 0.446 0.028 0.032
