2 0.108 0.642 0.006 0.007
2 1.008 0.606 0.032 0.028
2 0.176 0.441 0.012 0.005
2 0.167 0.434 0.013 0.006
2 0.188 0.424 0.014 0.006
2 0.132 0.427 0.017 0.016
2 0.166 0.412 0.008 0.005
2 0.175 0.406 0.011 0.007
1 1.046 0.639 0.083 0.050
1 0.003 0.399 0.006 0.008
1 0.035 0.397 0.034 0.010
1 0.478 0.266 0.047 0.017
1 0.454 0.123 0.049 0.020
1 0.402 0.136 0.055 0.059
1 0.300 0.112 0.099 0.063
1 0.654 0.096 0.037 0.056
0 0.897 0.663 0.014 0.003
0 0.027 0.632 0.013 0.007
0 0.039 0.603 0.015 0.011
0 0.908 0.498 0.016 0.011
0 0.972 0.491 0.011 0.007
0 0.979 0.484 0.009 0.007
0 0.252 0.422 0.013 0.008
0 0.357 0.306 0.016 0.010
0 0.175 0.299 0.011 0.007
0 0.619 0.258 0.014 0.009
0 0.183 0.226 0.008 0.006
0 0.220 0.209 0.011 0.007
0 0.242 0.041 0.018 0.012
0 0.241 0.013 0.011 0.007
0 0.217 0.010 0.014 0.008
4 0.522 0.583 0.378 0.163
3 0.486 0.236 0.048 0.037
