2 0.108 0.953 0.007 0.014
2 0.111 0.928 0.013 0.037
2 0.126 0.913 0.006 0.008
2 0.185 0.906 0.021 0.040
2 0.623 0.879 0.008 0.009
2 0.176 0.868 0.009 0.015
2 0.226 0.823 0.011 0.020
2 0.239 0.783 0.017 0.044
2 0.256 0.767 0.012 0.016
2 0.214 0.737 0.013 0.029
2 0.297 0.714 0.005 0.012
2 0.242 0.718 0.017 0.043
2 0.221 0.703 0.009 0.016
2 0.302 0.686 0.004 0.010
2 0.229 0.670 0.012 0.027
2 0.213 0.646 0.017 0.032
2 0.327 0.626 0.035 0.062
2 0.275 0.593 0.014 0.020
2 0.517 0.577 0.009 0.021
2 0.297 0.554 0.013 0.019
2 0.325 0.531 0.007 0.015
2 0.349 0.491 0.013 0.018
2 0.306 0.481 0.009 0.016
2 0.364 0.472 0.005 0.013
2 0.341 0.471 0.006 0.010
2 0.328 0.467 0.009 0.013
2 0.342 0.458 0.005 0.012
2 0.360 0.445 0.009 0.013
2 0.395 0.416 0.013 0.021
0 0.146 0.391 0.007 0.011
