0 0.537746 0.521922 0.005969 0.004664
0 0.446454 0.500816 0.010183 0.006297
0 0.238764 0.455690 0.009831 0.006996
0 0.365169 0.367071 0.011938 0.007463
0 0.277914 0.328825 0.005267 0.004198
0 0.715765 0.265042 0.008076 0.005830
0 0.677493 0.183419 0.005969 0.004431
0 0.259831 0.114622 0.009129 0.006297
1 0.488588 0.638060 0.034059 0.011660
1 0.237184 0.491021 0.015801 0.017491
1 0.302844 0.419893 0.004565 0.008162
1 0.428897 0.365788 0.007374 0.010961
1 0.752985 0.277169 0.015801 0.004431
1 0.284059 0.064599 0.016152 0.013526
2 0.373069 0.470965 0.007374 0.003965
2 0.535112 0.359492 0.009129 0.003965
2 0.514923 0.351096 0.010885 0.003965
2 0.520365 0.344333 0.004916 0.002099
2 0.396594 0.329991 0.006671 0.004198
2 0.489466 0.325326 0.004916 0.002799
2 0.499473 0.325326 0.005969 0.005131
2 0.523876 0.324627 0.009129 0.004198
2 0.479635 0.321828 0.004916 0.003265
2 0.424333 0.321595 0.002458 0.002799
2 0.496313 0.321129 0.002458 0.002332
2 0.486833 0.320662 0.004565 0.002799
2 0.650456 0.316231 0.004565 0.002332
2 0.456987 0.306437 0.007374 0.005131
2 0.660463 0.305504 0.011236 0.005131
2 0.681882 0.297691 0.024579 0.013293
2 0.376229 0.291861 0.006671 0.003032
2 0.390449 0.285098 0.006320 0.003498
2 0.400281 0.280900 0.015449 0.006763
2 0.401685 0.273321 0.018961 0.009328
2 0.369558 0.271455 0.007374 0.006996
2 0.420119 0.265975 0.002458 0.002099
2 0.409059 0.247435 0.010534 0.007463
3 1.036341 0.321245 0.173806 0.131297
