2 0.554 0.566 0.005 0.008
2 0.079 0.425 0.003 0.005
2 0.086 0.423 0.008 0.011
2 0.490 0.352 0.004 0.005
2 0.503 0.349 0.007 0.007
2 0.492 0.345 0.003 0.005
2 0.510 0.333 0.002 0.004
2 0.520 0.330 0.003 0.005
2 0.519 0.324 0.001 0.002
2 0.493 0.310 0.005 0.008
2 0.504 0.290 0.002 0.003
2 0.581 0.240 0.003 0.004
2 0.580 0.204 0.004 0.008
1 0.511 0.832 0.010 0.018
1 0.725 0.557 0.006 0.012
1 0.686 0.446 0.011 0.014
1 0.123 0.291 0.009 0.010
0 0.766 0.857 0.005 0.006
0 0.561 0.858 0.006 0.007
0 0.517 0.853 0.003 0.005
0 0.655 0.820 0.004 0.007
0 0.724 0.816 0.004 0.007
0 0.666 0.808 0.003 0.005
0 0.553 0.802 0.004 0.005
0 0.548 0.798 0.005 0.006
0 0.664 0.796 0.004 0.006
0 0.658 0.768 0.003 0.004
0 0.528 0.660 0.003 0.005
0 0.674 0.624 0.003 0.005
0 0.719 0.564 0.003 0.005
0 0.734 0.535 0.004 0.006
0 0.690 0.429 0.003 0.005
0 0.677 0.294 0.003 0.005
0 0.145 0.292 0.003 0.005
0 0.141 0.280 0.003 0.004
0 0.178 0.277 0.010 0.014
0 0.214 0.268 0.004 0.006
0 0.591 0.243 0.008 0.013
0 0.588 0.229 0.003 0.004
0 0.642 0.152 0.004 0.006
4 0.243 0.481 0.109 0.232
3 0.781 0.806 0.023 0.040
3 0.689 0.289 0.017 0.028
