2 0.354 0.894 0.004 0.010
2 0.322 0.519 0.006 0.005
2 0.401 0.138 0.009 0.015
2 0.387 0.070 0.033 0.050
1 0.237 0.837 0.004 0.006
1 0.186 0.817 0.002 0.005
1 0.169 0.795 0.002 0.003
1 0.186 0.793 0.006 0.010
1 0.196 0.790 0.010 0.010
1 0.163 0.783 0.002 0.003
1 0.196 0.783 0.002 0.004
1 0.226 0.781 0.001 0.004
1 0.207 0.775 0.007 0.014
1 0.141 0.764 0.001 0.005
1 0.222 0.764 0.010 0.015
1 0.146 0.761 0.005 0.011
1 0.207 0.756 0.003 0.005
1 0.187 0.760 0.005 0.012
1 0.652 0.756 0.006 0.010
1 0.154 0.754 0.011 0.013
1 0.208 0.748 0.002 0.003
1 0.203 0.748 0.004 0.006
1 0.178 0.749 0.010 0.017
1 0.689 0.742 0.003 0.005
1 0.671 0.735 0.002 0.005
1 0.167 0.740 0.007 0.023
1 0.156 0.730 0.002 0.003
1 0.149 0.729 0.002 0.002
1 0.159 0.723 0.002 0.005
1 0.343 0.676 0.009 0.015
1 0.793 0.645 0.004 0.004
1 0.352 0.642 0.003 0.005
1 0.162 0.637 0.002 0.002
1 0.350 0.631 0.003 0.005
1 0.354 0.630 0.003 0.008
1 0.155 0.624 0.004 0.005
1 0.359 0.624 0.003 0.009
1 0.353 0.622 0.003 0.006
1 0.363 0.619 0.003 0.007
1 0.148 0.616 0.002 0.003
1 0.219 0.622 0.007 0.017
1 0.151 0.614 0.002 0.003
1 0.446 0.615 0.005 0.004
1 0.337 0.614 0.005 0.006
1 0.171 0.615 0.008 0.014
1 0.146 0.610 0.004 0.005
1 0.146 0.605 0.002 0.002
1 0.143 0.605 0.002 0.003
1 0.158 0.611 0.010 0.017
1 0.167 0.602 0.002 0.002
1 0.179 0.602 0.004 0.007
1 0.162 0.597 0.002 0.003
1 0.150 0.598 0.002 0.004
1 0.169 0.597 0.003 0.004
1 0.437 0.601 0.008 0.013
1 0.173 0.596 0.003 0.005
1 0.142 0.597 0.003 0.009
1 0.156 0.594 0.004 0.008
1 0.165 0.589 0.001 0.002
1 0.151 0.591 0.003 0.006
1 0.447 0.585 0.002 0.002
1 0.445 0.583 0.002 0.004
1 0.172 0.585 0.005 0.009
1 0.446 0.579 0.001 0.002
1 0.442 0.578 0.001 0.002
1 0.293 0.576 0.004 0.004
1 0.604 0.576 0.005 0.008
1 0.158 0.569 0.010 0.012
1 0.610 0.532 0.005 0.010
1 0.607 0.504 0.003 0.004
1 0.678 0.482 0.003 0.004
1 0.256 0.436 0.002 0.002
1 0.133 0.419 0.001 0.003
1 0.129 0.415 0.002 0.004
1 0.126 0.413 0.002 0.004
1 0.651 0.409 0.005 0.009
1 0.639 0.409 0.004 0.009
1 0.158 0.403 0.002 0.003
1 0.173 0.403 0.002 0.004
1 0.656 0.397 0.003 0.005
1 0.652 0.398 0.004 0.009
1 0.153 0.388 0.001 0.001
1 0.168 0.394 0.014 0.021
1 0.158 0.384 0.001 0.002
1 0.148 0.383 0.002 0.004
1 0.656 0.384 0.003 0.009
1 0.168 0.381 0.001 0.004
1 0.171 0.376 0.002 0.003
1 0.136 0.375 0.004 0.004
1 0.147 0.374 0.001 0.004
1 0.649 0.373 0.003 0.005
1 0.653 0.371 0.003 0.006
1 0.241 0.352 0.006 0.009
1 0.247 0.334 0.008 0.013
1 0.261 0.330 0.002 0.005
1 0.155 0.299 0.003 0.004
1 0.197 0.268 0.003 0.005
1 0.603 0.267 0.003 0.005
1 0.440 0.237 0.006 0.008
1 0.357 0.233 0.002 0.008
1 0.435 0.231 0.001 0.003
1 0.438 0.230 0.002 0.002
1 0.430 0.228 0.002 0.003
1 0.283 0.226 0.003 0.004
1 0.283 0.221 0.001 0.002
1 0.289 0.216 0.001 0.001
1 0.220 0.217 0.002 0.008
1 0.429 0.210 0.002 0.004
1 0.256 0.209 0.002 0.003
1 0.290 0.207 0.001 0.002
1 0.260 0.207 0.001 0.003
1 0.276 0.205 0.002 0.002
1 0.270 0.204 0.001 0.003
1 0.237 0.203 0.001 0.002
1 0.267 0.198 0.001 0.002
1 0.260 0.195 0.003 0.006
1 0.417 0.192 0.001 0.003
1 0.427 0.191 0.001 0.004
1 0.401 0.191 0.003 0.005
1 0.277 0.188 0.001 0.001
1 0.234 0.191 0.005 0.007
1 0.417 0.184 0.003 0.003
1 0.251 0.190 0.009 0.014
1 0.238 0.183 0.001 0.002
1 0.269 0.181 0.001 0.001
1 0.398 0.183 0.003 0.005
1 0.422 0.183 0.002 0.005
1 0.415 0.180 0.005 0.006
1 0.266 0.179 0.003 0.005
1 0.250 0.176 0.002 0.003
1 0.284 0.175 0.002 0.003
1 0.411 0.173 0.002 0.003
1 0.416 0.173 0.002 0.003
1 0.253 0.173 0.002 0.004
1 0.417 0.170 0.001 0.003
1 0.248 0.169 0.003 0.005
1 0.239 0.167 0.002 0.004
1 0.287 0.166 0.002 0.003
1 0.262 0.171 0.012 0.015
1 0.243 0.166 0.003 0.005
1 0.247 0.162 0.001 0.002
1 0.251 0.160 0.001 0.003
1 0.407 0.163 0.007 0.011
1 0.400 0.154 0.002 0.003
1 0.252 0.152 0.001 0.002
1 0.394 0.150 0.002 0.003
1 0.385 0.152 0.004 0.009
1 0.377 0.151 0.002 0.006
1 0.374 0.149 0.002 0.002
1 0.392 0.143 0.002 0.004
1 0.403 0.144 0.010 0.016
1 0.420 0.145 0.012 0.025
1 0.436 0.133 0.002 0.006
1 0.434 0.131 0.001 0.002
1 0.416 0.127 0.002 0.003
1 0.420 0.130 0.006 0.012
1 0.390 0.127 0.008 0.013
1 0.430 0.125 0.005 0.014
1 0.391 0.111 0.002 0.003
1 0.428 0.106 0.005 0.008
1 0.402 0.108 0.005 0.013
1 0.410 0.113 0.016 0.026
1 0.412 0.097 0.002 0.003
1 0.404 0.097 0.002 0.003
1 0.306 0.095 0.001 0.002
1 0.417 0.068 0.009 0.011
1 0.673 0.051 0.007 0.018
1 0.491 0.044 0.003 0.007
1 0.467 0.028 0.005 0.009
1 0.604 0.009 0.001 0.002
1 0.571 0.006 0.003 0.009
1 0.590 0.005 0.014 0.010
0 0.375 0.902 0.004 0.006
0 0.244 0.869 0.004 0.005
0 0.112 0.697 0.004 0.007
0 0.581 0.651 0.004 0.006
0 0.233 0.604 0.003 0.005
0 0.328 0.603 0.003 0.005
0 0.234 0.596 0.002 0.004
0 0.248 0.525 0.005 0.007
0 0.319 0.275 0.005 0.007
0 0.394 0.145 0.002 0.003
0 0.342 0.141 0.002 0.003
0 0.412 0.133 0.005 0.007
4 0.538 0.526 0.086 0.144
