2 0.245 0.732 0.039 0.032
2 0.067 0.676 0.028 0.042
2 0.276 0.668 0.066 0.074
2 0.498 0.539 0.028 0.051
1 0.190 0.251 0.008 0.008
1 0.551 0.214 0.011 0.025
1 0.388 0.123 0.002 0.004
1 0.399 0.126 0.012 0.017
1 0.159 0.120 0.003 0.005
1 0.138 0.119 0.005 0.006
1 0.363 0.116 0.040 0.024
1 0.436 0.108 0.008 0.013
1 0.413 0.104 0.009 0.016
1 0.464 0.093 0.002 0.004
1 0.473 0.089 0.010 0.011
1 0.393 0.077 0.004 0.006
1 0.472 0.078 0.014 0.016
1 0.437 0.083 0.049 0.060
1 0.364 0.070 0.048 0.044
1 0.414 0.031 0.067 0.053
1 0.504 0.001 0.006 0.002
1 0.493 0.019 0.054 0.038
1 0.455 0.021 0.017 0.042
1 0.401 0.012 0.034 0.023
1 0.356 0.023 0.053 0.046
0 0.491 0.650 0.008 0.013
0 0.481 0.057 0.006 0.009
3 0.116 0.706 0.054 0.089
3 0.135 0.646 0.041 0.051
