2 0.668 0.869 0.014 0.024
2 0.732 0.796 0.012 0.025
2 0.264 0.740 0.011 0.011
2 0.481 0.713 0.017 0.015
2 0.733 0.658 0.006 0.008
2 0.727 0.653 0.009 0.007
2 0.738 0.649 0.005 0.009
2 0.635 0.639 0.009 0.014
2 0.627 0.627 0.006 0.014
2 0.621 0.627 0.005 0.017
2 0.616 0.618 0.008 0.019
2 0.528 0.599 0.021 0.030
2 0.839 0.586 0.019 0.029
2 0.736 0.579 0.018 0.028
2 0.585 0.567 0.013 0.020
2 0.671 0.505 0.004 0.013
2 0.651 0.505 0.015 0.025
2 0.611 0.473 0.010 0.014
2 0.733 0.476 0.035 0.028
2 0.754 0.460 0.018 0.028
2 0.705 0.440 0.007 0.012
2 0.680 0.442 0.026 0.041
2 0.696 0.423 0.014 0.020
2 0.663 0.415 0.011 0.020
2 0.824 0.421 0.024 0.037
2 0.711 0.402 0.008 0.010
2 0.530 0.385 0.028 0.024
2 0.636 0.379 0.009 0.012
2 0.654 0.373 0.028 0.041
2 0.694 0.308 0.010 0.014
2 0.680 0.290 0.026 0.068
2 0.644 0.244 0.010 0.011
2 0.618 0.213 0.017 0.014
2 0.613 0.185 0.010 0.009
2 0.233 0.178 0.007 0.010
2 0.185 0.106 0.021 0.012
2 0.219 0.102 0.007 0.008
2 0.297 0.093 0.010 0.015
2 0.279 0.086 0.024 0.015
2 0.233 0.064 0.012 0.009
2 0.265 0.066 0.016 0.022
2 0.283 0.049 0.015 0.013
2 0.237 0.041 0.014 0.014
2 0.247 0.051 0.019 0.037
2 0.239 0.026 0.008 0.009
2 0.248 0.022 0.005 0.004
1 0.603 0.755 0.003 0.005
1 0.633 0.748 0.002 0.004
1 0.585 0.746 0.002 0.002
1 0.256 0.747 0.004 0.007
1 0.586 0.740 0.002 0.002
1 0.603 0.736 0.008 0.008
1 0.681 0.717 0.004 0.005
1 0.596 0.713 0.003 0.005
1 0.706 0.701 0.002 0.004
1 0.670 0.662 0.002 0.003
1 0.685 0.661 0.002 0.003
1 0.722 0.624 0.002 0.004
1 0.767 0.617 0.004 0.004
1 0.523 0.617 0.004 0.006
1 0.749 0.607 0.003 0.004
1 0.525 0.602 0.009 0.009
1 0.762 0.594 0.004 0.005
1 0.767 0.581 0.003 0.005
1 0.704 0.579 0.002 0.005
1 0.770 0.566 0.003 0.004
1 0.809 0.554 0.003 0.002
1 0.781 0.543 0.004 0.004
1 0.772 0.541 0.002 0.004
1 0.806 0.540 0.003 0.005
1 0.563 0.512 0.003 0.006
1 0.779 0.511 0.003 0.005
1 0.561 0.503 0.003 0.007
1 0.508 0.500 0.002 0.006
1 0.501 0.499 0.002 0.004
1 0.550 0.496 0.002 0.004
1 0.504 0.494 0.005 0.007
1 0.483 0.489 0.001 0.004
1 0.499 0.489 0.003 0.005
1 0.488 0.482 0.002 0.004
1 0.508 0.479 0.002 0.004
1 0.493 0.477 0.002 0.005
1 0.486 0.475 0.003 0.004
1 0.749 0.476 0.004 0.007
1 0.560 0.472 0.006 0.010
1 0.479 0.471 0.006 0.009
1 0.547 0.468 0.003 0.005
1 0.517 0.467 0.004 0.004
1 0.554 0.467 0.002 0.006
1 0.532 0.469 0.004 0.010
1 0.482 0.464 0.003 0.005
1 0.507 0.460 0.003 0.005
1 0.500 0.459 0.002 0.005
1 0.535 0.457 0.006 0.008
1 0.549 0.452 0.002 0.004
1 0.553 0.453 0.003 0.007
1 0.521 0.455 0.009 0.018
1 0.511 0.450 0.007 0.013
1 0.788 0.443 0.002 0.002
1 0.554 0.442 0.003 0.006
1 0.486 0.439 0.002 0.005
1 0.483 0.428 0.002 0.004
1 0.752 0.277 0.003 0.004
0 0.651 0.947 0.003 0.005
0 0.658 0.942 0.004 0.006
0 0.655 0.937 0.004 0.005
0 0.659 0.935 0.004 0.006
0 0.743 0.887 0.003 0.005
0 0.502 0.883 0.003 0.004
0 0.666 0.852 0.003 0.005
0 0.450 0.843 0.003 0.006
0 0.760 0.816 0.003 0.005
0 0.469 0.765 0.005 0.008
0 0.264 0.752 0.003 0.006
0 0.736 0.751 0.003 0.004
0 0.207 0.741 0.006 0.008
0 0.549 0.736 0.004 0.006
0 0.719 0.729 0.002 0.003
0 0.492 0.727 0.005 0.008
0 0.718 0.724 0.002 0.003
0 0.725 0.717 0.002 0.005
0 0.724 0.708 0.003 0.005
0 0.217 0.708 0.005 0.007
0 0.227 0.701 0.004 0.006
0 0.741 0.686 0.004 0.006
0 0.632 0.662 0.001 0.002
0 0.615 0.637 0.003 0.005
0 0.648 0.624 0.003 0.006
0 0.715 0.622 0.004 0.006
0 0.750 0.616 0.003 0.006
0 0.672 0.615 0.004 0.007
0 0.635 0.610 0.005 0.007
0 0.625 0.587 0.004 0.007
0 0.743 0.585 0.003 0.005
0 0.752 0.582 0.003 0.006
0 0.775 0.539 0.003 0.004
0 0.505 0.539 0.003 0.005
0 0.820 0.538 0.003 0.005
0 0.594 0.537 0.003 0.005
0 0.596 0.532 0.002 0.004
0 0.775 0.529 0.003 0.005
0 0.734 0.530 0.004 0.008
0 0.716 0.521 0.003 0.004
0 0.675 0.520 0.004 0.007
0 0.729 0.513 0.004 0.007
0 0.679 0.512 0.004 0.007
0 0.723 0.510 0.003 0.007
0 0.719 0.508 0.003 0.005
0 0.683 0.505 0.003 0.005
0 0.658 0.499 0.005 0.008
0 0.702 0.494 0.004 0.006
0 0.694 0.494 0.004 0.006
0 0.679 0.492 0.005 0.008
0 0.712 0.490 0.004 0.007
0 0.642 0.490 0.006 0.009
0 0.774 0.485 0.004 0.005
0 0.634 0.482 0.005 0.008
0 0.690 0.476 0.004 0.007
0 0.716 0.473 0.003 0.004
0 0.666 0.472 0.004 0.006
0 0.696 0.468 0.004 0.007
0 0.630 0.468 0.004 0.009
0 0.659 0.463 0.003 0.005
0 0.636 0.463 0.003 0.005
0 0.672 0.456 0.003 0.005
0 0.818 0.456 0.003 0.006
0 0.616 0.455 0.004 0.007
0 0.705 0.455 0.006 0.008
0 0.652 0.453 0.003 0.005
0 0.664 0.451 0.003 0.004
0 0.649 0.451 0.003 0.005
0 0.715 0.443 0.005 0.007
0 0.691 0.437 0.006 0.008
0 0.706 0.427 0.005 0.007
0 0.701 0.421 0.004 0.006
0 0.718 0.419 0.004 0.006
0 0.705 0.417 0.003 0.005
0 0.701 0.414 0.003 0.005
0 0.729 0.408 0.004 0.006
0 0.689 0.408 0.005 0.007
0 0.673 0.387 0.003 0.004
0 0.692 0.383 0.002 0.004
0 0.601 0.377 0.004 0.006
0 0.719 0.368 0.004 0.005
0 0.676 0.352 0.004 0.005
0 0.158 0.350 0.003 0.006
0 0.701 0.337 0.003 0.004
0 0.106 0.336 0.005 0.007
0 0.653 0.294 0.002 0.003
0 0.661 0.268 0.003 0.005
0 0.622 0.249 0.002 0.003
0 0.637 0.247 0.003 0.005
0 0.653 0.246 0.002 0.004
0 0.611 0.244 0.002 0.004
0 0.410 0.226 0.004 0.006
0 0.632 0.223 0.003 0.004
0 0.625 0.202 0.004 0.005
0 0.227 0.200 0.003 0.005
0 0.629 0.195 0.002 0.002
0 0.624 0.194 0.005 0.007
0 0.417 0.193 0.005 0.009
0 0.425 0.189 0.008 0.013
0 0.432 0.179 0.004 0.005
0 0.225 0.173 0.005 0.007
0 0.722 0.155 0.004 0.006
0 0.708 0.153 0.003 0.003
0 0.727 0.149 0.004 0.006
0 0.433 0.149 0.003 0.005
0 0.382 0.140 0.004 0.005
0 0.220 0.127 0.003 0.006
0 0.217 0.122 0.004 0.006
0 0.192 0.102 0.004 0.006
0 0.287 0.096 0.003 0.004
0 0.234 0.089 0.003 0.004
0 0.247 0.086 0.002 0.003
0 0.279 0.079 0.005 0.007
0 0.598 0.064 0.003 0.005
0 0.598 0.040 0.004 0.006
0 0.671 0.038 0.003 0.005
0 0.231 0.028 0.004 0.006
0 0.655 0.008 0.005 0.008
4 0.259 0.445 0.104 0.186
3 0.815 0.671 0.018 0.048
