2 1.327 0.649 0.011 0.009
2 1.489 0.464 0.011 0.010
2 1.423 0.384 0.020 0.012
2 0.969 0.214 0.005 0.003
2 1.154 0.132 0.007 0.005
1 1.028 0.657 0.053 0.010
1 1.296 0.589 0.092 0.055
1 0.268 0.608 0.138 0.113
1 1.046 0.529 0.059 0.026
1 1.418 0.511 0.035 0.015
1 0.336 0.536 0.057 0.088
1 0.534 0.493 0.070 0.060
1 0.344 0.404 0.055 0.030
1 1.137 0.352 0.035 0.020
1 1.460 0.341 0.091 0.118
1 0.479 0.295 0.019 0.029
1 1.421 0.209 0.169 0.146
0 0.431 0.630 0.018 0.013
0 1.478 0.444 0.008 0.009
0 0.640 0.402 0.013 0.008
0 0.379 0.324 0.011 0.007
0 0.539 0.323 0.032 0.021
0 0.886 0.247 0.011 0.008
0 0.947 0.229 0.010 0.007
0 1.065 0.194 0.016 0.008
0 1.020 0.162 0.011 0.007
0 1.027 0.046 0.007 0.004
0 1.060 0.049 0.018 0.011
4 0.762 0.575 0.316 0.179
3 1.123 0.615 0.070 0.081
3 1.429 0.251 0.037 0.042
