2 0.108 0.803 0.021 0.042
2 0.015 0.789 0.014 0.017
2 0.032 0.787 0.013 0.037
2 0.230 0.761 0.017 0.020
2 0.049 0.744 0.012 0.019
2 0.021 0.728 0.010 0.022
2 0.202 0.726 0.014 0.025
2 0.069 0.726 0.016 0.026
2 0.183 0.719 0.008 0.021
2 0.003 0.688 0.006 0.012
2 0.005 0.662 0.011 0.023
2 0.132 0.636 0.007 0.020
2 0.289 0.620 0.014 0.022
2 0.268 0.571 0.014 0.025
2 0.253 0.534 0.017 0.022
2 0.288 0.524 0.009 0.018
2 0.263 0.466 0.020 0.036
2 0.149 0.357 0.021 0.034
2 0.284 0.333 0.018 0.022
2 0.244 0.317 0.010 0.017
2 0.007 0.305 0.015 0.020
2 0.191 0.276 0.014 0.020
2 0.073 0.248 0.015 0.023
2 0.009 0.256 0.018 0.045
2 0.007 0.171 0.010 0.016
2 0.102 0.151 0.012 0.014
2 0.077 0.114 0.019 0.031
2 0.181 0.100 0.010 0.015
2 0.165 0.089 0.014 0.018
1 0.132 0.900 0.125 0.044
1 0.615 0.779 0.086 0.095
1 0.021 0.692 0.011 0.012
1 0.059 0.603 0.071 0.070
1 0.059 0.567 0.014 0.017
1 0.220 0.634 0.096 0.168
1 0.031 0.437 0.062 0.088
1 0.525 0.370 0.049 0.058
1 0.044 0.366 0.061 0.059
1 0.299 0.082 0.111 0.161
1 0.127 0.062 0.084 0.122
1 0.014 0.026 0.028 0.051
0 0.608 0.969 0.010 0.014
0 0.685 0.767 0.012 0.016
0 0.361 0.500 0.011 0.016
0 0.468 0.494 0.013 0.028
0 0.363 0.465 0.012 0.020
0 0.414 0.296 0.013 0.022
4 0.359 0.911 0.218 0.178
