2 0.437 0.832 0.006 0.011
2 0.240 0.163 0.020 0.025
2 0.082 0.130 0.019 0.029
2 0.253 0.135 0.028 0.044
2 0.300 0.105 0.005 0.007
2 0.348 0.102 0.005 0.004
2 0.339 0.109 0.012 0.026
2 0.288 0.097 0.007 0.009
2 0.172 0.094 0.012 0.015
2 0.234 0.103 0.032 0.046
2 0.217 0.085 0.011 0.011
2 0.203 0.084 0.014 0.022
2 0.375 0.081 0.017 0.017
2 0.319 0.085 0.022 0.025
2 0.185 0.071 0.025 0.027
2 0.210 0.058 0.009 0.010
2 0.370 0.052 0.006 0.010
2 0.344 0.068 0.043 0.054
2 0.370 0.035 0.011 0.015
2 0.359 0.032 0.017 0.018
2 0.113 0.029 0.009 0.020
2 0.205 0.037 0.024 0.042
2 0.375 0.001 0.004 0.001
2 0.355 0.012 0.030 0.023
2 0.314 0.006 0.013 0.012
1 0.437 0.832 0.006 0.011
1 0.240 0.163 0.020 0.025
1 0.082 0.130 0.019 0.029
1 0.253 0.135 0.028 0.044
1 0.339 0.109 0.012 0.026
1 0.288 0.097 0.007 0.009
1 0.172 0.094 0.012 0.015
1 0.234 0.103 0.032 0.046
1 0.217 0.085 0.011 0.011
1 0.203 0.084 0.014 0.022
1 0.375 0.081 0.017 0.017
1 0.319 0.085 0.022 0.025
1 0.185 0.071 0.025 0.027
1 0.210 0.058 0.009 0.010
1 0.344 0.068 0.043 0.054
1 0.370 0.035 0.011 0.015
1 0.359 0.032 0.017 0.018
1 0.113 0.029 0.009 0.020
1 0.205 0.037 0.024 0.042
1 0.355 0.012 0.030 0.023
1 0.314 0.006 0.013 0.012
0 0.134 0.907 0.008 0.013
0 0.240 0.045 0.011 0.015
0 0.310 0.040 0.007 0.013
