2 0.226 0.947 0.007 0.015
2 0.227 0.931 0.007 0.013
2 0.211 0.869 0.008 0.018
2 0.240 0.857 0.017 0.026
2 0.010 0.849 0.016 0.044
2 0.227 0.839 0.016 0.029
2 0.579 0.831 0.014 0.021
2 0.554 0.815 0.007 0.011
2 0.025 0.812 0.005 0.007
2 0.036 0.809 0.004 0.008
2 0.208 0.801 0.008 0.010
2 0.007 0.780 0.006 0.010
2 0.005 0.770 0.005 0.008
2 0.032 0.769 0.008 0.013
2 0.019 0.752 0.005 0.006
2 0.000 0.750 0.000 0.004
2 0.001 0.743 0.002 0.008
2 0.031 0.746 0.010 0.016
2 0.020 0.723 0.005 0.009
2 0.007 0.678 0.013 0.027
2 0.031 0.661 0.019 0.025
2 0.003 0.650 0.007 0.018
2 0.023 0.641 0.004 0.007
2 0.040 0.637 0.004 0.006
2 0.037 0.619 0.012 0.020
2 0.011 0.616 0.007 0.023
2 0.010 0.595 0.005 0.008
2 0.028 0.593 0.023 0.024
2 0.008 0.584 0.005 0.008
2 0.549 0.317 0.007 0.006
2 0.386 0.246 0.007 0.011
2 0.120 0.239 0.005 0.007
2 0.096 0.235 0.007 0.010
2 0.146 0.231 0.004 0.008
2 0.387 0.231 0.005 0.011
2 0.074 0.224 0.005 0.008
2 0.116 0.201 0.011 0.022
2 0.242 0.189 0.013 0.013
2 0.234 0.167 0.010 0.009
2 0.243 0.096 0.005 0.008
2 0.328 0.094 0.006 0.015
1 0.577 0.375 0.049 0.055
1 0.412 0.278 0.008 0.035
1 0.435 0.165 0.020 0.032
1 0.005 0.146 0.010 0.015
1 0.253 0.061 0.020 0.032
0 0.061 0.889 0.008 0.012
0 0.440 0.864 0.004 0.006
0 0.051 0.833 0.003 0.005
0 0.050 0.816 0.005 0.006
0 0.461 0.665 0.008 0.012
0 0.465 0.652 0.009 0.013
0 0.171 0.267 0.011 0.018
0 0.443 0.201 0.007 0.011
0 0.074 0.164 0.009 0.014
0 0.272 0.149 0.007 0.009
0 0.152 0.148 0.007 0.012
0 0.072 0.143 0.006 0.008
0 0.036 0.071 0.005 0.007
0 0.139 0.041 0.014 0.018
4 0.389 0.993 0.093 0.013
