2 0.539 0.993 0.002 0.003
2 0.476 0.993 0.002 0.003
2 0.531 0.990 0.003 0.003
2 0.536 0.990 0.004 0.004
2 0.510 0.990 0.002 0.004
2 0.468 0.987 0.004 0.006
2 0.530 0.981 0.006 0.006
2 0.538 0.978 0.002 0.004
2 0.442 0.978 0.004 0.005
2 0.485 0.978 0.003 0.005
2 0.535 0.977 0.002 0.004
2 0.531 0.975 0.003 0.004
2 0.482 0.971 0.003 0.006
2 0.525 0.968 0.003 0.004
2 0.492 0.968 0.002 0.003
2 0.523 0.963 0.003 0.005
2 0.514 0.964 0.003 0.009
2 0.520 0.954 0.002 0.004
2 0.531 0.943 0.006 0.005
2 0.534 0.937 0.002 0.004
2 0.235 0.872 0.003 0.008
2 0.168 0.832 0.005 0.009
2 0.790 0.824 0.007 0.013
2 0.767 0.751 0.004 0.007
2 0.749 0.748 0.003 0.005
2 0.756 0.748 0.005 0.008
2 0.797 0.707 0.009 0.020
2 0.837 0.684 0.003 0.006
2 0.774 0.667 0.002 0.005
2 0.824 0.666 0.004 0.008
2 0.817 0.664 0.002 0.005
2 0.742 0.664 0.006 0.009
2 0.796 0.660 0.007 0.005
2 0.819 0.655 0.007 0.007
2 0.844 0.652 0.002 0.002
2 0.702 0.650 0.008 0.005
2 0.844 0.646 0.002 0.002
2 0.367 0.644 0.002 0.005
2 0.794 0.644 0.006 0.007
2 0.262 0.642 0.002 0.006
2 0.761 0.638 0.005 0.006
2 0.371 0.624 0.002 0.008
2 0.696 0.624 0.007 0.011
2 0.774 0.617 0.004 0.005
2 0.170 0.612 0.003 0.004
2 0.178 0.610 0.003 0.007
2 0.195 0.605 0.002 0.004
2 0.284 0.607 0.008 0.012
2 0.372 0.604 0.005 0.008
2 0.292 0.607 0.008 0.015
2 0.199 0.600 0.002 0.006
2 0.187 0.600 0.003 0.006
2 0.191 0.597 0.003 0.005
2 0.203 0.597 0.002 0.007
2 0.295 0.595 0.002 0.006
2 0.199 0.593 0.003 0.005
2 0.707 0.579 0.003 0.005
2 0.308 0.579 0.004 0.006
2 0.190 0.580 0.006 0.008
2 0.316 0.572 0.003 0.005
2 0.211 0.573 0.003 0.006
2 0.154 0.571 0.003 0.007
2 0.711 0.562 0.004 0.004
2 0.313 0.530 0.004 0.005
1 0.573 0.909 0.011 0.007
1 0.607 0.927 0.024 0.045
1 0.639 0.923 0.024 0.053
1 0.209 0.876 0.015 0.028
1 0.315 0.758 0.015 0.015
1 0.560 0.798 0.052 0.100
1 0.607 0.754 0.034 0.035
1 0.336 0.230 0.019 0.021
1 0.292 0.166 0.009 0.004
1 0.738 0.172 0.012 0.030
1 0.291 0.157 0.009 0.007
1 0.587 0.163 0.020 0.023
1 0.266 0.161 0.026 0.025
1 0.260 0.140 0.023 0.015
1 0.292 0.139 0.017 0.023
1 0.253 0.079 0.009 0.008
1 0.514 0.067 0.018 0.039
1 0.611 0.064 0.036 0.073
1 0.514 0.028 0.011 0.020
0 0.225 0.912 0.006 0.011
0 0.704 0.828 0.004 0.007
0 0.238 0.698 0.006 0.008
0 0.802 0.687 0.002 0.003
0 0.813 0.680 0.003 0.004
0 0.801 0.673 0.005 0.008
0 0.401 0.543 0.004 0.007
0 0.417 0.539 0.004 0.006
0 0.411 0.522 0.004 0.006
0 0.365 0.494 0.004 0.005
0 0.747 0.444 0.008 0.011
0 0.494 0.305 0.004 0.007
0 0.179 0.288 0.003 0.004
0 0.319 0.060 0.005 0.006
4 0.638 0.498 0.128 0.180
3 0.598 0.977 0.025 0.046
3 0.489 0.925 0.017 0.025
3 0.578 0.947 0.048 0.081
3 0.717 0.331 0.032 0.079
3 0.451 0.065 0.021 0.045
