2 0.976 0.925 0.026 0.047
2 0.965 0.450 0.010 0.015
1 0.983 0.986 0.020 0.029
1 0.878 0.982 0.018 0.025
1 0.848 0.959 0.009 0.013
1 0.943 0.612 0.005 0.007
1 0.961 0.604 0.005 0.006
1 0.947 0.599 0.009 0.011
1 0.601 0.586 0.004 0.006
1 0.957 0.580 0.004 0.007
1 0.938 0.566 0.020 0.042
1 0.927 0.546 0.005 0.005
1 0.950 0.544 0.010 0.015
1 0.964 0.518 0.007 0.010
1 0.942 0.473 0.012 0.021
1 0.988 0.488 0.024 0.051
1 0.973 0.463 0.007 0.009
1 0.958 0.467 0.011 0.019
1 0.996 0.455 0.009 0.016
1 0.925 0.476 0.052 0.075
1 0.978 0.445 0.021 0.022
1 0.944 0.414 0.028 0.044
1 0.974 0.401 0.026 0.032
1 0.957 0.363 0.022 0.022
1 0.928 0.354 0.019 0.025
1 0.833 0.328 0.005 0.010
1 0.781 0.324 0.012 0.015
1 0.767 0.363 0.028 0.093
1 0.930 0.321 0.016 0.025
1 0.946 0.310 0.021 0.022
1 0.931 0.146 0.012 0.011
0 0.995 0.618 0.007 0.011
0 0.772 0.568 0.013 0.018
0 0.600 0.520 0.008 0.012
4 0.337 0.850 0.220 0.301
