2 1.232 0.659 0.020 0.011
2 1.318 0.636 0.011 0.007
2 1.430 0.632 0.011 0.011
2 1.232 0.627 0.015 0.010
2 1.482 0.635 0.046 0.030
2 1.424 0.617 0.005 0.003
2 1.341 0.639 0.034 0.051
2 1.188 0.614 0.007 0.007
2 1.178 0.613 0.006 0.004
2 1.433 0.612 0.011 0.006
2 1.201 0.614 0.013 0.009
2 1.477 0.611 0.009 0.006
2 1.447 0.607 0.006 0.005
2 1.473 0.607 0.004 0.004
2 1.217 0.611 0.018 0.020
2 1.418 0.602 0.007 0.007
2 1.189 0.601 0.012 0.008
2 1.483 0.600 0.011 0.009
2 1.468 0.596 0.007 0.007
2 1.462 0.592 0.004 0.004
2 1.149 0.591 0.011 0.007
2 1.478 0.585 0.004 0.004
2 1.400 0.591 0.029 0.021
2 1.176 0.587 0.018 0.014
2 1.294 0.584 0.015 0.011
2 1.100 0.577 0.011 0.006
2 1.480 0.567 0.037 0.023
2 1.496 0.553 0.002 0.002
2 1.491 0.543 0.006 0.004
2 1.483 0.539 0.005 0.004
2 1.436 0.551 0.058 0.028
2 1.435 0.530 0.008 0.005
2 1.494 0.529 0.008 0.005
2 1.505 0.521 0.001 0.003
2 1.420 0.524 0.009 0.010
2 1.435 0.517 0.007 0.005
2 1.124 0.518 0.011 0.007
2 1.202 0.519 0.011 0.010
2 1.462 0.521 0.034 0.023
2 1.447 0.504 0.008 0.004
2 1.412 0.507 0.022 0.018
2 1.499 0.495 0.010 0.009
2 1.466 0.494 0.015 0.010
2 1.451 0.492 0.010 0.006
2 1.115 0.485 0.010 0.007
2 1.502 0.481 0.008 0.014
2 1.446 0.472 0.029 0.031
2 1.460 0.454 0.007 0.007
2 1.505 0.445 0.001 0.002
2 1.417 0.455 0.044 0.023
2 1.495 0.435 0.011 0.014
2 1.462 0.439 0.041 0.028
2 1.486 0.428 0.008 0.011
2 1.502 0.422 0.007 0.014
2 1.185 0.424 0.027 0.021
2 1.147 0.425 0.017 0.028
2 1.053 0.418 0.028 0.021
2 1.333 0.408 0.007 0.005
2 1.079 0.401 0.011 0.007
2 1.131 0.397 0.009 0.007
2 1.172 0.390 0.008 0.005
2 1.362 0.387 0.007 0.008
2 1.069 0.381 0.014 0.008
2 1.129 0.370 0.011 0.013
2 1.375 0.363 0.008 0.006
2 1.308 0.363 0.010 0.007
2 1.397 0.356 0.009 0.006
2 1.255 0.341 0.006 0.007
2 1.371 0.357 0.037 0.045
2 1.090 0.340 0.020 0.016
2 1.170 0.345 0.039 0.028
2 1.110 0.335 0.011 0.010
2 1.268 0.334 0.013 0.009
2 1.302 0.333 0.013 0.013
2 1.327 0.326 0.007 0.005
2 1.358 0.326 0.014 0.008
2 1.371 0.324 0.008 0.009
2 1.147 0.324 0.028 0.013
2 1.382 0.321 0.007 0.009
2 1.421 0.318 0.012 0.011
2 1.400 0.314 0.010 0.008
2 1.243 0.317 0.042 0.023
2 1.390 0.308 0.008 0.008
2 1.355 0.302 0.010 0.007
2 1.423 0.294 0.008 0.007
2 1.394 0.289 0.024 0.016
2 1.290 0.268 0.021 0.009
2 1.356 0.263 0.016 0.014
2 1.410 0.258 0.014 0.009
2 1.320 0.261 0.026 0.015
2 1.384 0.243 0.008 0.006
2 1.408 0.238 0.009 0.009
2 1.254 0.164 0.022 0.013
2 0.563 0.120 0.013 0.008
1 1.108 0.533 0.041 0.021
1 1.259 0.514 0.056 0.032
1 0.479 0.219 0.026 0.017
1 1.390 0.059 0.036 0.023
0 1.141 0.651 0.008 0.006
0 1.033 0.647 0.011 0.005
0 1.396 0.616 0.012 0.008
0 1.273 0.581 0.019 0.012
0 1.081 0.565 0.018 0.010
0 1.195 0.560 0.015 0.009
0 1.081 0.545 0.023 0.010
0 1.449 0.524 0.011 0.008
0 1.203 0.462 0.011 0.005
0 0.649 0.367 0.021 0.012
0 1.289 0.343 0.019 0.013
0 0.633 0.271 0.015 0.013
0 0.966 0.209 0.009 0.007
0 1.476 0.164 0.015 0.011
0 0.501 0.160 0.013 0.011
0 1.379 0.140 0.017 0.011
0 1.303 0.063 0.011 0.012
0 1.264 0.036 0.022 0.014
4 0.597 0.629 0.311 0.069
