0 1.055829 0.518074 0.005618 0.003498
0 1.066011 0.502332 0.005618 0.004198
0 0.234024 0.383396 0.008076 0.006063
0 0.171699 0.368120 0.005618 0.004431
0 0.816187 0.319613 0.006671 0.004431
0 0.208216 0.313200 0.006320 0.004664
0 1.266678 0.298274 0.008778 0.005131
0 0.186447 0.215718 0.004213 0.002799
0 0.646770 0.171175 0.008427 0.005597
0 0.465414 0.129314 0.008076 0.005364
0 1.020716 0.063899 0.007022 0.005597
0 1.038272 0.056437 0.004213 0.002799
0 0.751404 0.041744 0.004916 0.003265
1 0.586025 0.606110 0.042135 0.027985
1 0.996840 0.614506 0.161517 0.046175
1 0.877633 0.488806 0.015098 0.009328
1 1.169593 0.452309 0.039326 0.025420
1 1.242978 0.364622 0.020365 0.017491
1 1.216994 0.343983 0.018258 0.007929
1 0.526685 0.336521 0.016152 0.006063
1 0.953301 0.039062 0.020365 0.017957
1 0.422226 0.025653 0.005969 0.007463
2 0.191713 0.510028 0.007022 0.005597
2 0.189607 0.504314 0.005618 0.004897
2 0.175913 0.500117 0.006320 0.003498
2 0.525456 0.421175 0.007374 0.005131
2 0.501931 0.411730 0.004565 0.003032
2 0.517205 0.408582 0.005618 0.004664
2 0.503511 0.401003 0.006320 0.004897
2 0.535990 0.395173 0.009480 0.006763
2 0.537746 0.381880 0.008076 0.003032
2 0.514572 0.376982 0.010885 0.004431
2 0.491222 0.374650 0.034410 0.009562
2 0.506847 0.368004 0.004565 0.003265
2 0.312324 0.293727 0.011587 0.010494
2 0.300562 0.289412 0.005618 0.003265
2 0.232971 0.289179 0.024930 0.014925
2 0.214185 0.281833 0.012640 0.007696
2 0.195576 0.277635 0.007725 0.003032
2 0.285463 0.278335 0.009129 0.005830
2 0.231742 0.276819 0.004213 0.002799
2 0.187324 0.277519 0.005267 0.005131
2 0.265449 0.273787 0.004916 0.002332
2 0.178371 0.278218 0.019663 0.014459
2 0.223315 0.271455 0.004213 0.002332
2 0.273525 0.272971 0.008427 0.006297
2 0.209270 0.260145 0.016152 0.010028
2 0.766152 0.254198 0.005618 0.003731
2 0.745787 0.256880 0.011236 0.009562
2 0.232795 0.254664 0.011236 0.006063
2 0.178546 0.256297 0.020014 0.010728
2 0.255969 0.261077 0.034410 0.023554
2 0.280021 0.248834 0.003160 0.001866
2 0.273701 0.249300 0.008076 0.005131
2 0.284761 0.245103 0.005618 0.006530
2 0.169768 0.237873 0.009480 0.004198
2 0.744031 0.238223 0.010534 0.008629
2 0.207163 0.236707 0.009831 0.008396
2 0.223315 0.234958 0.014045 0.011894
2 0.767381 0.227612 0.007374 0.002799
2 0.244558 0.229711 0.006671 0.007463
2 0.811973 0.219683 0.008076 0.007463
2 0.751756 0.211054 0.018258 0.015392
2 0.918539 0.177822 0.009129 0.005830
2 0.907830 0.178871 0.012289 0.011194
2 0.208392 0.147505 0.003160 0.002565
2 0.266503 0.135028 0.003511 0.003731
2 0.257725 0.125583 0.003511 0.002565
2 0.732444 0.091418 0.003511 0.002332
2 0.230864 0.090951 0.008778 0.006063
2 0.719277 0.089202 0.008076 0.007696
2 0.713308 0.087687 0.006671 0.006530
2 0.610955 0.079757 0.004213 0.002799
2 0.606742 0.070429 0.004916 0.003265
2 0.597437 0.061800 0.008076 0.006063
2 0.671524 0.051539 0.019312 0.008862
2 0.692942 0.050257 0.012992 0.007229
2 0.654143 0.044310 0.008427 0.006063
2 0.547753 0.041161 0.006320 0.003498
2 0.534937 0.037080 0.010183 0.005131
2 0.611131 0.033699 0.007374 0.004897
2 0.597788 0.032299 0.006671 0.003498
2 0.587254 0.030900 0.004565 0.006763
2 0.534937 0.028685 0.003160 0.002332
2 0.551615 0.029501 0.008427 0.004897
2 0.570927 0.025770 0.003511 0.001632
2 0.546524 0.022155 0.004565 0.002332
2 0.502633 0.020872 0.006671 0.003965
2 0.528792 0.019007 0.005618 0.007696
2 0.660815 0.012710 0.009129 0.008162
2 0.629038 0.006880 0.007374 0.005830
2 0.996489 0.029618 0.075843 0.048507
3 0.954705 0.280900 0.215590 0.154151
