2 0.358 0.903 0.023 0.038
2 0.906 0.624 0.016 0.023
2 0.699 0.614 0.020 0.017
2 0.671 0.600 0.008 0.020
2 0.686 0.596 0.011 0.024
2 0.409 0.387 0.019 0.018
2 0.978 0.338 0.044 0.087
2 0.734 0.247 0.012 0.013
2 0.919 0.185 0.037 0.041
2 0.773 0.121 0.016 0.018
1 0.709 0.873 0.009 0.027
1 0.715 0.853 0.005 0.013
1 0.719 0.921 0.048 0.158
1 0.719 0.830 0.005 0.015
1 0.707 0.804 0.006 0.013
1 0.701 0.792 0.007 0.011
1 0.699 0.778 0.006 0.007
1 0.730 0.791 0.013 0.043
1 0.705 0.770 0.004 0.010
1 0.736 0.762 0.007 0.009
1 0.718 0.741 0.003 0.010
1 0.750 0.726 0.006 0.009
1 0.698 0.743 0.025 0.044
1 0.701 0.708 0.003 0.006
1 0.718 0.702 0.019 0.046
1 0.704 0.679 0.004 0.008
1 0.699 0.672 0.004 0.007
1 0.661 0.674 0.008 0.011
1 0.681 0.695 0.028 0.054
1 0.692 0.666 0.004 0.006
1 0.643 0.664 0.005 0.013
1 0.632 0.683 0.012 0.051
1 0.655 0.655 0.005 0.007
1 0.626 0.651 0.009 0.014
1 0.638 0.642 0.007 0.022
1 0.629 0.635 0.005 0.008
1 0.792 0.633 0.006 0.009
1 0.399 0.606 0.006 0.010
1 0.785 0.599 0.004 0.006
1 0.600 0.670 0.038 0.156
1 0.330 0.592 0.010 0.007
1 0.577 0.586 0.004 0.006
1 0.589 0.587 0.006 0.009
1 0.604 0.581 0.004 0.005
1 0.609 0.582 0.005 0.008
1 0.741 0.575 0.004 0.007
1 0.332 0.574 0.007 0.006
1 0.755 0.575 0.008 0.010
1 0.325 0.574 0.009 0.010
1 0.580 0.569 0.005 0.008
1 0.783 0.570 0.007 0.016
1 0.773 0.565 0.007 0.006
1 0.722 0.564 0.004 0.008
1 0.352 0.563 0.010 0.008
1 0.313 0.559 0.007 0.008
1 0.796 0.557 0.004 0.009
1 0.760 0.557 0.005 0.009
1 0.320 0.553 0.008 0.008
1 0.608 0.550 0.005 0.008
1 0.942 0.550 0.004 0.009
1 0.786 0.551 0.008 0.013
1 0.719 0.550 0.004 0.012
1 0.731 0.549 0.008 0.011
1 0.748 0.546 0.004 0.006
1 0.575 0.546 0.010 0.013
1 0.437 0.545 0.010 0.013
1 0.722 0.540 0.004 0.004
1 0.319 0.541 0.005 0.007
1 0.615 0.540 0.007 0.009
1 0.587 0.540 0.014 0.021
1 0.725 0.531 0.004 0.007
1 0.607 0.526 0.013 0.016
1 0.293 0.528 0.013 0.021
1 0.726 0.519 0.003 0.004
1 0.783 0.532 0.029 0.034
1 0.594 0.522 0.009 0.015
1 0.751 0.514 0.003 0.005
1 0.421 0.511 0.010 0.011
1 0.636 0.509 0.012 0.018
1 0.743 0.502 0.007 0.015
1 0.419 0.499 0.006 0.008
1 0.953 0.503 0.011 0.020
1 0.670 0.499 0.009 0.013
1 0.303 0.499 0.019 0.015
1 0.408 0.486 0.008 0.006
1 0.772 0.501 0.023 0.039
1 0.659 0.476 0.030 0.027
1 0.649 0.464 0.008 0.007
1 0.699 0.470 0.015 0.022
1 0.609 0.471 0.011 0.029
1 0.385 0.461 0.008 0.012
1 0.721 0.483 0.030 0.058
1 0.715 0.457 0.008 0.011
1 0.758 0.473 0.026 0.051
1 0.742 0.449 0.003 0.006
1 0.697 0.448 0.007 0.008
1 0.668 0.451 0.009 0.015
1 0.721 0.444 0.009 0.013
1 0.755 0.440 0.013 0.014
1 0.733 0.441 0.013 0.019
1 0.708 0.440 0.010 0.019
1 0.751 0.427 0.005 0.008
1 0.701 0.428 0.006 0.010
1 0.749 0.413 0.005 0.006
1 0.755 0.412 0.006 0.009
1 0.705 0.403 0.019 0.032
1 0.935 0.369 0.005 0.013
1 0.437 0.169 0.007 0.010
1 0.437 0.147 0.007 0.011
1 0.450 0.127 0.006 0.006
1 0.422 0.078 0.010 0.013
0 0.348 0.946 0.012 0.016
0 0.391 0.941 0.009 0.013
0 0.362 0.939 0.010 0.014
0 0.454 0.916 0.008 0.011
0 0.515 0.903 0.013 0.013
0 0.576 0.856 0.007 0.010
0 0.594 0.801 0.007 0.014
0 0.186 0.707 0.009 0.012
0 0.276 0.689 0.012 0.012
0 0.674 0.622 0.005 0.007
0 0.361 0.585 0.005 0.007
0 0.676 0.583 0.005 0.008
0 0.653 0.564 0.008 0.015
0 0.668 0.548 0.004 0.006
0 0.371 0.506 0.007 0.011
0 0.462 0.360 0.010 0.013
0 0.448 0.339 0.007 0.009
0 0.412 0.343 0.015 0.020
0 0.797 0.327 0.004 0.006
0 0.784 0.086 0.011 0.015
0 0.973 0.049 0.006 0.008
0 0.972 0.037 0.007 0.007
