2 0.322 0.428 0.009 0.005
2 0.128 0.361 0.013 0.005
2 0.534 0.290 0.007 0.009
2 0.539 0.283 0.004 0.004
2 0.541 0.312 0.036 0.065
2 0.541 0.276 0.004 0.005
2 0.532 0.267 0.005 0.004
2 0.528 0.263 0.006 0.003
2 0.526 0.258 0.004 0.002
2 0.549 0.263 0.009 0.014
2 0.531 0.256 0.003 0.003
2 0.554 0.253 0.006 0.003
2 0.541 0.246 0.002 0.003
2 0.564 0.241 0.005 0.003
2 0.526 0.247 0.019 0.015
2 0.527 0.235 0.002 0.002
2 0.540 0.233 0.014 0.015
2 0.530 0.225 0.003 0.003
2 0.527 0.223 0.003 0.002
2 0.498 0.224 0.006 0.004
2 0.512 0.231 0.021 0.018
2 0.521 0.221 0.003 0.002
2 0.484 0.220 0.004 0.004
2 0.476 0.227 0.009 0.017
2 0.493 0.218 0.004 0.002
2 0.472 0.216 0.007 0.005
2 0.480 0.213 0.006 0.007
2 0.473 0.211 0.004 0.003
2 0.596 0.210 0.005 0.003
2 0.301 0.201 0.005 0.003
2 0.591 0.199 0.003 0.002
2 0.451 0.222 0.028 0.052
2 0.248 0.197 0.007 0.002
2 0.434 0.195 0.003 0.002
2 0.443 0.195 0.004 0.003
2 0.454 0.193 0.003 0.002
2 0.458 0.193 0.004 0.003
2 0.558 0.191 0.003 0.002
2 0.250 0.191 0.005 0.002
2 0.568 0.191 0.006 0.003
2 0.244 0.191 0.007 0.003
2 0.437 0.189 0.004 0.003
2 0.590 0.189 0.005 0.005
2 0.582 0.188 0.006 0.002
2 0.544 0.187 0.003 0.003
2 0.265 0.187 0.008 0.003
2 0.236 0.186 0.005 0.003
2 0.599 0.185 0.003 0.003
2 0.572 0.185 0.004 0.003
2 0.241 0.184 0.006 0.003
2 0.458 0.183 0.004 0.003
2 0.709 0.183 0.003 0.003
2 0.592 0.183 0.006 0.004
2 0.542 0.183 0.003 0.004
2 0.551 0.182 0.006 0.004
2 0.563 0.181 0.003 0.002
2 0.433 0.181 0.007 0.004
2 0.329 0.181 0.007 0.004
2 0.544 0.179 0.003 0.001
2 0.240 0.180 0.004 0.002
2 0.463 0.179 0.005 0.003
2 0.442 0.179 0.010 0.007
2 0.546 0.176 0.003 0.002
2 0.457 0.175 0.010 0.005
2 0.221 0.175 0.010 0.007
2 0.546 0.172 0.002 0.001
2 0.590 0.177 0.022 0.011
2 0.447 0.173 0.007 0.005
2 0.566 0.171 0.002 0.002
2 0.317 0.170 0.007 0.004
2 0.479 0.169 0.009 0.006
2 0.560 0.167 0.005 0.005
2 0.315 0.166 0.005 0.003
2 0.718 0.167 0.008 0.007
2 0.504 0.166 0.007 0.004
2 0.228 0.166 0.014 0.005
2 0.307 0.161 0.006 0.002
2 0.581 0.166 0.018 0.013
2 0.496 0.158 0.023 0.009
2 0.489 0.154 0.006 0.002
2 0.526 0.156 0.011 0.007
2 0.458 0.156 0.008 0.010
2 0.290 0.153 0.006 0.004
2 0.543 0.161 0.022 0.019
2 0.539 0.152 0.006 0.003
2 0.571 0.157 0.020 0.017
2 0.559 0.149 0.002 0.002
2 0.525 0.149 0.006 0.003
2 0.503 0.150 0.007 0.005
2 0.542 0.147 0.007 0.004
2 0.569 0.146 0.009 0.005
2 0.552 0.146 0.010 0.006
2 0.533 0.146 0.007 0.006
2 0.565 0.142 0.004 0.003
2 0.528 0.142 0.005 0.003
2 0.564 0.137 0.004 0.002
2 0.568 0.137 0.004 0.003
2 0.531 0.134 0.014 0.010
2 0.704 0.123 0.004 0.004
2 0.329 0.056 0.005 0.003
2 0.329 0.049 0.006 0.003
2 0.339 0.042 0.005 0.002
2 0.993 0.041 0.014 0.004
2 0.318 0.026 0.007 0.004
2 0.993 0.026 0.012 0.006
1 0.370 0.386 0.015 0.011
1 0.270 0.300 0.017 0.013
1 0.682 0.207 0.012 0.008
1 0.527 0.204 0.015 0.006
1 0.505 0.199 0.006 0.007
1 0.516 0.198 0.008 0.008
1 0.308 0.129 0.014 0.006
1 0.741 0.112 0.042 0.029
1 0.552 0.082 0.009 0.004
1 0.692 0.061 0.028 0.014
1 1.029 0.056 0.029 0.024
1 0.582 0.040 0.012 0.006
0 0.358 0.625 0.004 0.003
0 0.369 0.625 0.004 0.003
0 0.308 0.501 0.004 0.003
0 0.299 0.495 0.009 0.005
0 0.213 0.468 0.004 0.003
0 0.293 0.404 0.005 0.004
0 0.202 0.403 0.006 0.004
0 0.363 0.343 0.010 0.006
0 0.244 0.340 0.006 0.005
0 0.262 0.314 0.009 0.005
0 0.295 0.313 0.007 0.004
0 0.273 0.312 0.007 0.005
0 0.342 0.304 0.006 0.004
0 0.387 0.300 0.009 0.004
0 0.433 0.284 0.006 0.003
0 0.447 0.266 0.006 0.005
0 0.140 0.235 0.007 0.004
0 0.208 0.229 0.009 0.004
0 0.507 0.207 0.004 0.002
0 0.271 0.194 0.004 0.002
0 0.509 0.194 0.004 0.003
0 0.492 0.187 0.006 0.005
0 0.503 0.182 0.003 0.002
0 0.279 0.168 0.006 0.004
0 1.157 0.157 0.014 0.010
0 0.822 0.136 0.004 0.003
0 0.347 0.120 0.007 0.004
0 0.337 0.113 0.006 0.003
0 0.310 0.114 0.011 0.007
0 0.828 0.113 0.007 0.005
0 0.600 0.109 0.003 0.002
0 1.159 0.088 0.007 0.004
0 0.590 0.029 0.008 0.005
0 0.732 0.016 0.004 0.003
0 0.731 0.012 0.005 0.002
4 1.005 0.317 0.188 0.149
