2 0.474 0.674 0.007 0.012
2 0.373 0.635 0.005 0.010
2 0.338 0.590 0.004 0.006
2 0.372 0.585 0.013 0.020
2 0.392 0.580 0.021 0.020
2 0.326 0.566 0.003 0.006
2 0.391 0.565 0.004 0.007
2 0.453 0.562 0.002 0.007
2 0.413 0.551 0.014 0.028
2 0.282 0.527 0.003 0.009
2 0.445 0.528 0.021 0.029
2 0.291 0.522 0.010 0.021
2 0.414 0.513 0.006 0.010
2 0.374 0.520 0.010 0.024
2 0.308 0.509 0.022 0.026
2 0.416 0.496 0.004 0.006
2 0.406 0.497 0.009 0.012
2 0.356 0.498 0.021 0.033
2 0.333 0.480 0.014 0.046
2 0.312 0.459 0.004 0.006
2 0.297 0.459 0.003 0.005
2 0.318 0.446 0.004 0.009
2 0.686 0.351 0.018 0.031
2 0.704 0.284 0.007 0.010
2 0.324 0.274 0.003 0.005
2 0.700 0.262 0.006 0.009
2 0.709 0.259 0.007 0.017
2 0.310 0.249 0.008 0.010
2 0.718 0.249 0.007 0.019
2 0.706 0.244 0.006 0.013
2 0.727 0.237 0.007 0.013
2 0.297 0.233 0.003 0.006
2 0.439 0.244 0.014 0.034
2 0.301 0.229 0.003 0.006
2 0.893 0.230 0.009 0.008
2 0.674 0.228 0.009 0.011
2 0.343 0.230 0.016 0.028
2 0.291 0.220 0.008 0.009
2 0.292 0.210 0.003 0.005
2 0.286 0.210 0.004 0.006
2 0.316 0.222 0.021 0.034
2 0.334 0.204 0.003 0.004
2 0.358 0.205 0.009 0.013
2 0.324 0.194 0.005 0.006
2 0.299 0.195 0.004 0.008
2 0.339 0.193 0.005 0.008
2 0.875 0.202 0.015 0.027
2 0.345 0.192 0.005 0.010
2 0.284 0.193 0.007 0.018
2 0.313 0.187 0.008 0.016
2 0.331 0.179 0.003 0.005
2 0.302 0.181 0.007 0.011
2 0.895 0.171 0.003 0.005
2 0.889 0.166 0.004 0.008
2 0.344 0.170 0.011 0.018
2 0.892 0.158 0.003 0.004
2 0.883 0.157 0.003 0.005
2 0.585 0.153 0.008 0.008
2 0.317 0.139 0.020 0.025
1 0.708 0.788 0.008 0.020
1 0.644 0.039 0.012 0.011
0 0.751 0.803 0.008 0.012
0 0.489 0.738 0.008 0.011
0 0.224 0.394 0.007 0.013
0 0.467 0.209 0.006 0.009
0 0.656 0.205 0.006 0.009
0 0.468 0.192 0.005 0.007
0 0.496 0.050 0.010 0.013
4 0.995 0.063 0.010 0.126
