2 0.373 0.471 0.007 0.004
2 0.535 0.359 0.009 0.004
2 0.515 0.351 0.011 0.004
2 0.520 0.344 0.005 0.002
2 0.397 0.330 0.007 0.004
2 0.489 0.325 0.005 0.003
2 0.499 0.325 0.006 0.005
2 0.524 0.325 0.009 0.004
2 0.480 0.322 0.005 0.003
2 0.424 0.322 0.002 0.003
2 0.496 0.321 0.002 0.002
2 0.487 0.321 0.005 0.003
2 0.650 0.316 0.005 0.002
2 0.457 0.306 0.007 0.005
2 0.660 0.306 0.011 0.005
2 0.682 0.298 0.025 0.013
2 0.376 0.292 0.007 0.003
2 0.390 0.285 0.006 0.003
2 0.400 0.281 0.015 0.007
2 0.402 0.273 0.019 0.009
2 0.370 0.271 0.007 0.007
2 0.420 0.266 0.002 0.002
2 0.409 0.247 0.011 0.007
1 0.489 0.638 0.034 0.012
1 0.237 0.491 0.016 0.017
1 0.303 0.420 0.005 0.008
1 0.429 0.366 0.007 0.011
1 0.753 0.277 0.016 0.004
1 0.284 0.065 0.016 0.014
0 0.538 0.522 0.006 0.005
0 0.446 0.501 0.010 0.006
0 0.239 0.456 0.010 0.007
0 0.365 0.367 0.012 0.007
0 0.278 0.329 0.005 0.004
0 0.716 0.265 0.008 0.006
0 0.677 0.183 0.006 0.004
0 0.260 0.115 0.009 0.006
4 1.036 0.321 0.174 0.131
