2 0.959 0.999 0.009 0.002
2 0.805 0.999 0.006 0.002
2 0.934 0.999 0.009 0.003
2 0.866 0.998 0.007 0.004
2 0.989 0.997 0.004 0.006
2 0.859 0.996 0.007 0.007
2 0.876 0.992 0.014 0.015
2 0.907 0.992 0.034 0.016
2 0.821 0.992 0.019 0.016
2 0.894 0.980 0.004 0.006
2 0.907 0.980 0.005 0.006
2 0.923 0.972 0.012 0.012
2 0.897 0.969 0.008 0.011
2 0.944 0.960 0.010 0.014
2 0.920 0.945 0.005 0.008
2 0.931 0.932 0.011 0.031
2 0.971 0.913 0.008 0.014
2 0.911 0.917 0.022 0.029
2 0.980 0.896 0.005 0.005
2 0.924 0.885 0.004 0.007
2 0.970 0.885 0.009 0.008
2 0.962 0.928 0.071 0.128
2 0.903 0.868 0.014 0.020
2 0.941 0.841 0.005 0.006
2 0.767 0.840 0.005 0.010
2 0.976 0.834 0.028 0.027
2 0.950 0.812 0.006 0.007
2 0.914 0.809 0.008 0.011
2 0.915 0.793 0.007 0.011
2 0.901 0.800 0.014 0.034
2 0.777 0.810 0.033 0.055
2 0.989 0.792 0.023 0.032
2 0.967 0.791 0.022 0.040
2 0.714 0.781 0.010 0.020
2 0.660 0.767 0.008 0.015
2 0.927 0.775 0.014 0.035
2 0.954 0.758 0.019 0.037
2 0.924 0.745 0.027 0.022
2 0.950 0.737 0.011 0.010
2 0.743 0.735 0.007 0.010
2 0.759 0.739 0.010 0.021
2 0.938 0.721 0.007 0.011
2 0.917 0.719 0.007 0.009
2 0.817 0.717 0.014 0.016
2 0.789 0.716 0.010 0.015
2 0.810 0.695 0.007 0.012
2 0.983 0.688 0.005 0.007
2 0.794 0.690 0.010 0.029
2 0.779 0.680 0.008 0.013
2 0.598 0.675 0.017 0.022
2 0.768 0.647 0.004 0.007
2 0.676 0.643 0.004 0.006
2 0.643 0.674 0.039 0.072
2 0.639 0.637 0.007 0.007
2 0.741 0.632 0.006 0.009
2 0.722 0.630 0.010 0.019
2 0.751 0.623 0.013 0.020
2 0.625 0.619 0.010 0.015
2 0.667 0.616 0.011 0.021
2 0.740 0.608 0.007 0.013
2 0.611 0.610 0.009 0.018
2 0.686 0.591 0.013 0.012
2 0.699 0.606 0.020 0.050
2 0.584 0.600 0.037 0.040
2 0.604 0.565 0.007 0.011
2 0.698 0.564 0.007 0.011
2 0.800 0.532 0.009 0.011
2 0.599 0.527 0.007 0.011
2 0.654 0.563 0.082 0.091
2 0.738 0.521 0.024 0.026
2 0.614 0.506 0.007 0.010
2 0.812 0.502 0.008 0.013
2 0.631 0.504 0.016 0.032
2 0.832 0.483 0.007 0.011
2 0.801 0.476 0.008 0.014
2 0.705 0.471 0.007 0.010
2 0.587 0.469 0.006 0.009
2 0.691 0.463 0.006 0.009
2 0.811 0.457 0.023 0.028
2 0.591 0.438 0.014 0.015
2 0.572 0.428 0.009 0.010
2 0.791 0.434 0.015 0.028
2 0.535 0.412 0.007 0.009
2 0.778 0.410 0.013 0.013
2 0.696 0.414 0.020 0.025
2 0.582 0.406 0.007 0.015
2 0.794 0.406 0.011 0.019
2 0.712 0.393 0.008 0.013
2 0.623 0.389 0.008 0.013
2 0.644 0.382 0.008 0.011
2 0.536 0.378 0.010 0.014
2 0.610 0.373 0.011 0.012
2 0.508 0.371 0.005 0.008
2 0.587 0.373 0.005 0.012
2 0.757 0.380 0.021 0.044
2 0.733 0.354 0.032 0.019
2 0.646 0.351 0.008 0.014
2 0.546 0.349 0.009 0.014
2 0.716 0.343 0.007 0.011
2 0.618 0.339 0.014 0.008
2 0.635 0.331 0.005 0.010
2 0.579 0.332 0.007 0.011
2 0.743 0.326 0.010 0.014
2 0.551 0.324 0.010 0.016
2 0.752 0.319 0.006 0.009
2 0.640 0.314 0.008 0.006
2 0.560 0.310 0.008 0.011
2 0.693 0.302 0.010 0.006
2 0.653 0.307 0.010 0.027
2 0.772 0.312 0.024 0.045
2 0.588 0.285 0.007 0.011
2 0.608 0.284 0.007 0.011
2 0.661 0.287 0.013 0.019
2 0.573 0.277 0.014 0.013
2 0.643 0.271 0.021 0.022
2 0.635 0.253 0.010 0.014
2 0.791 0.244 0.005 0.007
2 0.606 0.249 0.025 0.018
2 0.797 0.236 0.005 0.008
2 0.597 0.232 0.016 0.013
2 0.613 0.231 0.008 0.012
2 0.649 0.226 0.022 0.013
2 0.626 0.225 0.007 0.013
2 0.924 0.209 0.008 0.010
2 0.825 0.214 0.024 0.020
2 0.635 0.202 0.007 0.010
2 0.966 0.200 0.011 0.017
2 0.979 0.191 0.014 0.019
2 0.646 0.182 0.008 0.009
2 0.676 0.196 0.045 0.044
2 0.702 0.161 0.026 0.027
2 0.766 0.153 0.017 0.014
2 0.977 0.154 0.020 0.018
2 0.661 0.150 0.006 0.011
2 0.682 0.148 0.013 0.018
2 0.358 0.183 0.045 0.091
2 0.836 0.142 0.026 0.030
2 0.998 0.125 0.005 0.011
2 0.662 0.126 0.014 0.017
2 0.749 0.123 0.015 0.013
2 0.805 0.121 0.040 0.044
2 0.758 0.106 0.021 0.024
2 0.755 0.085 0.011 0.013
2 0.741 0.079 0.007 0.011
2 0.819 0.081 0.020 0.025
2 0.744 0.050 0.011 0.012
2 0.707 0.082 0.057 0.085
2 0.730 0.044 0.008 0.013
2 0.815 0.043 0.014 0.019
2 0.701 0.039 0.009 0.015
2 0.904 0.112 0.131 0.171
2 0.778 0.059 0.054 0.071
2 0.792 0.020 0.011 0.009
2 0.864 0.068 0.069 0.114
2 0.754 0.013 0.010 0.011
2 0.853 0.009 0.014 0.012
2 0.825 0.020 0.033 0.039
1 0.731 0.803 0.031 0.031
1 0.896 0.726 0.026 0.032
1 0.833 0.699 0.020 0.025
1 0.885 0.661 0.028 0.037
1 0.806 0.604 0.032 0.039
1 0.909 0.561 0.029 0.055
1 0.721 0.525 0.013 0.024
1 0.973 0.548 0.054 0.083
1 0.898 0.475 0.145 0.124
1 0.854 0.368 0.023 0.041
1 0.361 0.366 0.038 0.047
1 0.391 0.350 0.020 0.020
1 0.813 0.342 0.037 0.042
0 0.198 0.962 0.015 0.024
0 0.331 0.928 0.007 0.011
0 0.267 0.914 0.005 0.008
0 0.815 0.831 0.008 0.013
0 0.852 0.805 0.006 0.008
0 0.297 0.770 0.011 0.015
0 0.885 0.700 0.007 0.010
0 0.864 0.668 0.009 0.013
0 0.970 0.644 0.008 0.014
0 0.780 0.599 0.008 0.013
0 0.834 0.594 0.007 0.013
0 0.969 0.397 0.007 0.011
0 0.876 0.362 0.012 0.015
0 0.451 0.328 0.005 0.009
0 0.354 0.321 0.007 0.009
0 0.808 0.312 0.006 0.008
0 0.815 0.305 0.004 0.006
0 0.611 0.302 0.011 0.014
0 0.393 0.295 0.007 0.009
0 0.328 0.279 0.009 0.013
0 0.718 0.221 0.007 0.010
0 0.920 0.222 0.010 0.016
0 0.893 0.216 0.011 0.019
0 0.625 0.133 0.015 0.025
0 0.606 0.048 0.007 0.014
4 0.512 0.886 0.213 0.229
3 0.472 0.218 0.050 0.054
