2 0.512 0.873 0.003 0.005
2 0.267 0.838 0.003 0.006
2 0.258 0.829 0.005 0.007
2 0.252 0.825 0.004 0.008
2 0.316 0.805 0.005 0.006
2 0.345 0.805 0.005 0.008
2 0.307 0.776 0.002 0.003
2 0.336 0.789 0.028 0.042
2 0.317 0.768 0.002 0.004
2 0.296 0.767 0.005 0.007
2 0.335 0.762 0.003 0.008
2 0.342 0.752 0.003 0.006
2 0.272 0.750 0.009 0.008
2 0.294 0.748 0.003 0.007
2 0.483 0.704 0.012 0.018
2 0.494 0.668 0.017 0.025
2 0.523 0.659 0.004 0.009
2 0.311 0.598 0.005 0.008
2 0.395 0.535 0.006 0.009
2 0.880 0.473 0.011 0.017
2 0.715 0.467 0.004 0.015
2 0.870 0.461 0.003 0.006
2 0.876 0.460 0.003 0.004
2 0.861 0.455 0.003 0.006
2 0.566 0.452 0.006 0.007
2 0.567 0.441 0.003 0.005
2 0.578 0.432 0.002 0.002
2 0.440 0.435 0.004 0.015
2 0.857 0.421 0.003 0.007
2 0.512 0.419 0.003 0.006
2 0.580 0.413 0.003 0.005
2 0.519 0.414 0.002 0.006
2 0.551 0.409 0.003 0.004
2 0.540 0.408 0.002 0.006
2 0.473 0.406 0.002 0.005
2 0.534 0.396 0.002 0.004
2 0.521 0.390 0.005 0.011
2 0.835 0.384 0.003 0.006
2 0.854 0.381 0.003 0.008
2 0.802 0.382 0.006 0.010
2 0.554 0.376 0.002 0.003
2 0.469 0.382 0.010 0.015
2 0.835 0.368 0.005 0.006
2 0.502 0.380 0.017 0.029
2 0.476 0.366 0.002 0.004
2 0.538 0.363 0.002 0.002
2 0.796 0.366 0.006 0.011
2 0.844 0.365 0.003 0.010
2 0.829 0.361 0.009 0.013
2 0.531 0.358 0.006 0.009
2 0.499 0.351 0.004 0.006
2 0.569 0.350 0.004 0.006
2 0.821 0.346 0.003 0.006
2 0.833 0.345 0.004 0.006
2 0.506 0.346 0.005 0.008
2 0.835 0.339 0.003 0.006
2 0.496 0.338 0.007 0.010
2 0.479 0.334 0.003 0.007
2 0.573 0.331 0.004 0.006
2 0.523 0.342 0.024 0.030
2 0.486 0.331 0.007 0.010
2 0.493 0.325 0.002 0.004
2 0.502 0.319 0.003 0.006
2 0.813 0.327 0.015 0.022
2 0.800 0.308 0.005 0.006
2 0.503 0.304 0.002 0.004
2 0.788 0.301 0.004 0.006
2 0.771 0.304 0.008 0.018
2 0.753 0.302 0.004 0.013
2 0.747 0.298 0.003 0.005
2 0.784 0.285 0.004 0.008
2 0.807 0.288 0.021 0.032
2 0.840 0.290 0.024 0.050
2 0.872 0.265 0.004 0.013
2 0.868 0.262 0.003 0.005
2 0.832 0.255 0.003 0.006
2 0.840 0.260 0.011 0.023
2 0.780 0.254 0.015 0.027
2 0.860 0.249 0.010 0.028
2 0.782 0.221 0.004 0.006
2 0.857 0.211 0.010 0.017
2 0.804 0.216 0.011 0.027
2 0.821 0.226 0.032 0.052
2 0.823 0.193 0.003 0.006
2 0.808 0.193 0.005 0.006
2 0.611 0.190 0.001 0.004
2 0.833 0.136 0.018 0.022
2 0.983 0.089 0.006 0.015
2 0.934 0.057 0.009 0.018
1 0.802 0.276 0.018 0.030
1 0.775 0.139 0.066 0.100
0 0.638 0.550 0.009 0.014
0 0.788 0.290 0.004 0.006
0 0.684 0.282 0.004 0.006
0 0.825 0.265 0.009 0.014
4 0.997 0.989 0.007 0.022
