2 0.272 0.926 0.006 0.008
2 0.278 0.920 0.004 0.004
2 0.278 0.887 0.004 0.004
2 0.253 0.887 0.004 0.006
2 0.269 0.876 0.006 0.008
2 0.257 0.872 0.003 0.005
2 0.166 0.850 0.003 0.004
2 0.765 0.778 0.014 0.017
2 0.746 0.772 0.015 0.011
2 0.605 0.759 0.007 0.011
2 0.627 0.748 0.006 0.008
2 0.620 0.699 0.007 0.009
2 0.578 0.678 0.007 0.014
2 0.618 0.673 0.007 0.010
2 0.631 0.658 0.008 0.009
2 0.600 0.663 0.008 0.020
2 0.720 0.648 0.007 0.011
2 0.779 0.644 0.007 0.011
2 0.587 0.640 0.006 0.008
2 0.632 0.642 0.010 0.024
2 0.608 0.633 0.009 0.014
2 0.636 0.611 0.003 0.010
2 0.606 0.605 0.005 0.019
2 0.786 0.604 0.013 0.028
2 0.767 0.585 0.007 0.034
2 0.738 0.549 0.011 0.013
2 0.728 0.547 0.007 0.012
2 0.625 0.532 0.005 0.015
2 0.616 0.530 0.004 0.024
2 0.704 0.516 0.020 0.018
2 0.754 0.501 0.004 0.013
2 0.744 0.496 0.005 0.009
2 0.668 0.501 0.011 0.019
2 0.712 0.492 0.004 0.008
2 0.743 0.482 0.004 0.007
2 0.763 0.486 0.013 0.020
2 0.792 0.477 0.004 0.006
2 0.653 0.473 0.015 0.019
2 0.755 0.469 0.019 0.017
2 0.527 0.460 0.003 0.012
2 0.503 0.429 0.008 0.007
2 0.607 0.427 0.012 0.023
2 0.760 0.435 0.020 0.052
2 0.762 0.409 0.003 0.005
2 0.782 0.410 0.007 0.010
2 0.769 0.406 0.007 0.011
2 0.757 0.398 0.012 0.017
2 0.778 0.397 0.014 0.016
2 0.752 0.386 0.005 0.008
2 0.701 0.391 0.009 0.017
2 0.716 0.376 0.004 0.007
2 0.729 0.371 0.004 0.008
2 0.696 0.367 0.007 0.009
2 0.771 0.375 0.025 0.033
2 0.665 0.359 0.004 0.006
2 0.740 0.361 0.023 0.033
2 0.706 0.351 0.012 0.014
2 0.718 0.338 0.007 0.009
2 0.647 0.337 0.007 0.009
2 0.794 0.337 0.007 0.013
2 0.615 0.328 0.014 0.012
2 0.695 0.305 0.010 0.011
2 0.666 0.319 0.036 0.060
2 0.626 0.296 0.052 0.060
2 0.602 0.262 0.020 0.017
2 0.700 0.254 0.035 0.042
2 0.659 0.235 0.007 0.009
2 0.641 0.225 0.004 0.007
2 0.655 0.222 0.011 0.018
2 0.599 0.208 0.003 0.007
2 0.632 0.206 0.017 0.011
2 0.666 0.207 0.016 0.023
2 0.723 0.208 0.014 0.029
2 0.708 0.177 0.010 0.013
2 0.692 0.175 0.012 0.014
1 0.620 0.966 0.015 0.013
1 0.654 0.439 0.023 0.032
1 0.826 0.391 0.042 0.057
0 0.197 0.845 0.005 0.006
0 0.224 0.812 0.002 0.004
0 0.374 0.802 0.003 0.004
0 0.771 0.478 0.004 0.006
0 0.584 0.456 0.006 0.012
0 0.801 0.440 0.006 0.009
0 0.722 0.408 0.005 0.006
0 0.715 0.401 0.005 0.008
0 0.440 0.243 0.009 0.012
0 0.688 0.071 0.003 0.006
4 0.309 0.424 0.139 0.208
