2 0.595 0.624 0.073 0.087
2 0.410 0.591 0.016 0.047
2 0.365 0.528 0.023 0.050
2 0.468 0.489 0.037 0.056
2 0.530 0.505 0.047 0.105
2 0.410 0.471 0.031 0.081
2 0.730 0.427 0.025 0.042
2 0.630 0.423 0.087 0.112
2 0.484 0.394 0.116 0.133
2 0.567 0.323 0.051 0.078
1 0.763 0.999 0.004 0.002
1 0.276 0.928 0.005 0.011
1 0.702 0.807 0.005 0.011
1 0.701 0.769 0.005 0.015
1 0.721 0.761 0.006 0.009
1 0.763 0.719 0.009 0.032
1 0.706 0.539 0.007 0.015
1 0.623 0.352 0.005 0.008
0 0.919 0.946 0.009 0.013
0 0.788 0.922 0.007 0.011
0 0.701 0.698 0.011 0.016
0 0.452 0.567 0.012 0.018
0 0.398 0.554 0.009 0.013
0 0.410 0.544 0.007 0.011
0 0.765 0.505 0.007 0.012
0 0.383 0.455 0.005 0.008
0 0.403 0.414 0.005 0.008
0 0.695 0.379 0.006 0.010
0 0.654 0.350 0.012 0.020
0 0.516 0.338 0.009 0.014
0 0.909 0.239 0.005 0.007
0 0.646 0.111 0.006 0.010
0 0.950 0.103 0.007 0.010
