2 0.600 0.427 0.018 0.013
2 1.064 0.407 0.011 0.006
2 0.922 0.378 0.016 0.011
2 0.932 0.366 0.023 0.010
2 1.370 0.352 0.010 0.006
2 1.363 0.285 0.008 0.005
2 1.202 0.169 0.010 0.007
2 1.492 0.091 0.020 0.017
2 0.717 0.032 0.010 0.006
2 1.505 0.019 0.002 0.006
2 1.465 0.009 0.022 0.012
2 1.497 0.007 0.018 0.009
2 1.484 0.001 0.013 0.001
1 1.359 0.358 0.016 0.008
1 1.407 0.227 0.046 0.014
0 1.337 0.406 0.014 0.009
0 1.160 0.170 0.012 0.007
0 1.283 0.153 0.013 0.008
0 0.824 0.086 0.019 0.013
4 0.516 0.025 0.270 0.050
