0 0.754431 0.885534 0.009328 0.010534
0 0.325210 0.842872 0.008629 0.008778
0 0.446945 0.820225 0.005364 0.008427
0 0.579874 0.815485 0.005364 0.008778
0 0.568447 0.808111 0.006763 0.009480
0 0.543493 0.698912 0.010494 0.014396
0 0.353661 0.689607 0.007229 0.009129
0 0.790928 0.687149 0.005364 0.011236
0 0.516441 0.669066 0.006297 0.008076
0 0.496152 0.642556 0.007696 0.010534
0 0.099580 0.585147 0.005131 0.010183
0 0.496269 0.564431 0.006996 0.011587
0 0.254198 0.560744 0.005597 0.007725
0 0.762826 0.480162 0.006063 0.008778
0 0.687034 0.418715 0.006063 0.008778
0 0.695196 0.414501 0.004664 0.008778
0 0.701959 0.393961 0.005597 0.009129
0 0.580690 0.365520 0.006530 0.009831
0 0.661147 0.332865 0.008396 0.012640
0 0.589319 0.330407 0.005131 0.011938
0 0.754314 0.314782 0.005364 0.010183
0 0.718867 0.308813 0.005830 0.010183
0 0.742071 0.294242 0.005597 0.009831
0 0.235891 0.291433 0.005364 0.007725
0 0.626866 0.287921 0.009795 0.014747
0 0.558769 0.234375 0.006530 0.008778
0 0.320079 0.212254 0.006763 0.009480
0 0.633629 0.200140 0.008396 0.012640
0 0.532066 0.195927 0.006297 0.008427
0 0.531017 0.160288 0.006063 0.008778
0 0.599114 0.131671 0.006996 0.009831
1 0.377449 0.933989 0.011894 0.009129
1 0.729011 0.925562 0.014459 0.007725
1 0.353895 0.923982 0.016091 0.017205
1 0.617188 0.900281 0.013293 0.021770
1 0.631297 0.890098 0.007929 0.013343
1 0.404035 0.880969 0.019823 0.015449
1 0.342817 0.875176 0.014925 0.017907
1 0.642491 0.863764 0.006996 0.010534
1 0.697878 0.875351 0.040345 0.056180
1 0.748951 0.853933 0.007229 0.014747
1 0.731227 0.841643 0.013759 0.017556
1 0.565532 0.800386 0.035448 0.024930
1 0.508512 0.724544 0.008162 0.008778
1 0.133629 0.674684 0.009795 0.025632
1 0.224347 0.639045 0.015392 0.033006
1 0.543727 0.571454 0.018424 0.029143
1 0.274137 0.440309 0.019823 0.035815
1 0.715252 0.410288 0.019123 0.030548
1 0.634328 0.407128 0.039646 0.033357
1 0.603545 0.395014 0.011194 0.014045
1 0.630714 0.376931 0.021688 0.022121
1 0.661614 0.372893 0.009795 0.022472
1 0.560285 0.321629 0.008162 0.020365
1 0.230177 0.324789 0.016791 0.026685
1 0.641208 0.294768 0.019356 0.024228
1 0.752915 0.293188 0.010961 0.022472
1 0.766908 0.279846 0.008629 0.012640
1 0.788013 0.258076 0.010261 0.018961
1 0.645056 0.172051 0.015858 0.016152
1 0.506180 0.175211 0.042677 0.039326
1 0.582789 0.118855 0.018657 0.019312
1 0.503498 0.034410 0.012127 0.023174
2 0.751866 0.859726 0.009328 0.010885
2 0.746618 0.849368 0.007696 0.012640
2 0.165462 0.772823 0.010028 0.014045
2 0.176073 0.750702 0.005131 0.008427
2 0.380714 0.749649 0.006763 0.009129
2 0.544776 0.749649 0.008396 0.011236
2 0.571828 0.742275 0.006063 0.009129
2 0.388410 0.733146 0.004431 0.009831
2 0.527169 0.726475 0.009095 0.008427
2 0.401586 0.725772 0.008862 0.007022
2 0.414529 0.724192 0.011894 0.015098
2 0.394356 0.718399 0.008396 0.009129
2 0.480993 0.716643 0.009562 0.017556
2 0.529384 0.708216 0.006530 0.011938
2 0.414296 0.707865 0.006297 0.011938
2 0.403685 0.701018 0.009795 0.006671
2 0.574743 0.709972 0.020756 0.032303
2 0.519356 0.694522 0.005131 0.008427
2 0.499883 0.690836 0.008629 0.009480
2 0.485774 0.688027 0.013060 0.017907
2 0.525770 0.681706 0.005830 0.017205
2 0.581040 0.680829 0.011427 0.021770
2 0.566231 0.672577 0.006996 0.008076
2 0.324743 0.676615 0.011894 0.017556
2 0.590368 0.665379 0.006297 0.010534
2 0.333839 0.665730 0.009562 0.013343
2 0.481693 0.666257 0.007229 0.017907
2 0.468400 0.662746 0.008629 0.011587
2 0.610075 0.660639 0.007463 0.010885
2 0.390858 0.657128 0.009795 0.010885
2 0.090718 0.662219 0.011660 0.026685
2 0.694263 0.653441 0.005597 0.009831
2 0.586054 0.649930 0.006996 0.008427
2 0.601096 0.650281 0.012360 0.011938
2 0.342118 0.650983 0.011194 0.016854
2 0.467817 0.647647 0.008396 0.016503
2 0.110191 0.641327 0.010028 0.012992
2 0.086637 0.636412 0.006763 0.017205
2 0.333372 0.626756 0.004431 0.011236
2 0.473764 0.617626 0.009095 0.022472
2 0.085471 0.603055 0.006297 0.009480
2 0.631996 0.599719 0.006996 0.008427
2 0.468983 0.600246 0.007463 0.012992
2 0.297225 0.598315 0.009562 0.010534
2 0.306203 0.591994 0.007463 0.010534
2 0.276819 0.591117 0.006530 0.011587
2 0.671642 0.588132 0.013060 0.020365
2 0.663130 0.582514 0.008629 0.014747
2 0.461754 0.576194 0.005597 0.009831
2 0.585588 0.581636 0.008862 0.022121
2 0.454991 0.601299 0.027519 0.062149
2 0.602495 0.612886 0.035681 0.095154
2 0.432486 0.576369 0.015625 0.027739
2 0.076726 0.563729 0.005597 0.008076
2 0.457556 0.563027 0.007929 0.007374
2 0.633279 0.567416 0.015625 0.020365
2 0.586404 0.562149 0.008162 0.011938
2 0.295126 0.557935 0.006297 0.007022
2 0.617654 0.559164 0.005830 0.012289
2 0.580340 0.553195 0.007696 0.007374
2 0.739039 0.553546 0.005597 0.015801
2 0.642141 0.552493 0.012826 0.014396
2 0.266208 0.545119 0.006763 0.015098
2 0.731227 0.539853 0.009095 0.015098
2 0.373834 0.546699 0.016791 0.033708
2 0.607160 0.528090 0.004897 0.009831
2 0.580574 0.522296 0.008629 0.010885
2 0.637826 0.515274 0.004664 0.008778
2 0.654501 0.514045 0.010028 0.011236
2 0.590602 0.528968 0.020756 0.042486
2 0.565065 0.526159 0.027519 0.050211
2 0.246968 0.523876 0.027519 0.050562
2 0.605410 0.506496 0.008396 0.032654
2 0.705457 0.494031 0.009328 0.009129
2 0.368937 0.493855 0.005131 0.008778
2 0.739039 0.488413 0.005597 0.010534
2 0.716185 0.495084 0.015858 0.028792
2 0.586521 0.480513 0.009328 0.013694
2 0.242421 0.480337 0.005830 0.014747
2 0.720849 0.476124 0.008396 0.008427
2 0.653451 0.484375 0.019590 0.025632
2 0.678521 0.459621 0.006763 0.009831
2 0.612523 0.461025 0.013293 0.014045
2 0.228545 0.465765 0.021922 0.036166
2 0.745569 0.449789 0.008862 0.008427
2 0.226329 0.456461 0.009562 0.023174
2 0.689832 0.470857 0.043377 0.053371
2 0.214902 0.437500 0.008629 0.012640
2 0.229711 0.433111 0.009795 0.013694
2 0.616954 0.422577 0.008162 0.008778
2 0.747551 0.423279 0.009095 0.015801
2 0.595266 0.406074 0.005364 0.009480
2 0.224114 0.406074 0.012593 0.024930
2 0.739039 0.380794 0.012127 0.008778
2 0.219916 0.381496 0.007463 0.012289
2 0.228195 0.382198 0.009095 0.027739
2 0.708605 0.366222 0.005830 0.007022
2 0.740438 0.364291 0.009795 0.010183
2 0.226796 0.358673 0.017491 0.019312
2 0.752099 0.362360 0.010728 0.028090
2 0.400303 0.346032 0.011894 0.018610
2 0.759445 0.341117 0.008162 0.010183
2 0.373134 0.341643 0.005131 0.011236
2 0.383629 0.337430 0.006996 0.010534
2 0.698111 0.335674 0.006297 0.013343
2 0.372201 0.329178 0.005597 0.008778
2 0.605177 0.329178 0.010261 0.016503
2 0.246035 0.347086 0.023321 0.055126
2 0.410448 0.323912 0.008862 0.020014
2 0.396922 0.320927 0.010261 0.014747
2 0.423857 0.313378 0.008162 0.014396
2 0.344799 0.307058 0.009095 0.010885
2 0.592118 0.302142 0.008862 0.020014
2 0.706856 0.310744 0.022388 0.040730
2 0.696712 0.295997 0.006297 0.011236
2 0.772621 0.292310 0.004664 0.010183
2 0.471898 0.418539 0.189599 0.262640
2 0.455340 0.295646 0.009095 0.016854
2 0.282649 0.287921 0.005597 0.009831
2 0.307253 0.288799 0.006297 0.013694
2 0.295359 0.286868 0.004897 0.009831
2 0.314016 0.287395 0.008629 0.012992
2 0.265975 0.294593 0.027285 0.027388
2 0.375700 0.288448 0.010261 0.017907
2 0.701259 0.281601 0.006530 0.007022
2 0.711171 0.281074 0.005364 0.009480
2 0.503498 0.276685 0.008396 0.008427
2 0.690299 0.278090 0.007463 0.012640
2 0.359608 0.277037 0.021922 0.012640
2 0.674207 0.273876 0.006530 0.012640
2 0.313083 0.270716 0.005364 0.009129
2 0.720499 0.271770 0.010028 0.016854
2 0.683419 0.268083 0.008629 0.010183
2 0.755480 0.267556 0.006763 0.009831
2 0.323927 0.268785 0.010261 0.014396
2 0.740905 0.267907 0.019590 0.013343
2 0.287896 0.268785 0.023088 0.017907
2 0.473764 0.265098 0.007696 0.014045
2 0.564016 0.260885 0.004897 0.008427
2 0.361241 0.262465 0.024720 0.011587
2 0.708605 0.264923 0.015625 0.017205
2 0.402285 0.266503 0.009795 0.021067
2 0.570312 0.253160 0.007696 0.011236
2 0.692747 0.253160 0.005364 0.011938
2 0.529967 0.276159 0.040345 0.064256
2 0.391441 0.248069 0.013759 0.014396
2 0.644007 0.245435 0.006763 0.010534
2 0.561567 0.244382 0.006530 0.010534
2 0.751399 0.244206 0.009795 0.011587
2 0.621735 0.243329 0.003731 0.012640
2 0.303988 0.250527 0.011894 0.029143
2 0.506996 0.238764 0.007463 0.007022
2 0.422458 0.242802 0.013759 0.018610
2 0.726679 0.237008 0.006996 0.010534
2 0.319263 0.238062 0.010261 0.018258
2 0.245569 0.234375 0.007929 0.015098
2 0.306553 0.230513 0.005364 0.008076
2 0.379897 0.233146 0.020056 0.016152
2 0.349930 0.241924 0.026819 0.038624
2 0.780784 0.221032 0.010261 0.005969
2 0.581273 0.234551 0.016091 0.039326
2 0.314599 0.216994 0.005131 0.011236
2 0.576726 0.211728 0.008396 0.008427
2 0.287313 0.213132 0.006530 0.011236
2 0.731810 0.215063 0.006530 0.021419
2 0.763643 0.219803 0.021222 0.031601
2 0.269240 0.227879 0.029151 0.055478
2 0.473881 0.230162 0.045243 0.063553
2 0.604594 0.212956 0.030084 0.043890
2 0.747668 0.198209 0.013060 0.021419
2 0.481693 0.193118 0.011427 0.012640
2 0.718867 0.179073 0.009095 0.011938
2 0.329991 0.172928 0.019590 0.018610
2 0.734375 0.171699 0.010261 0.020365
2 0.747901 0.166081 0.013060 0.018258
2 0.715485 0.161517 0.008396 0.012640
2 0.353312 0.153617 0.007463 0.010183
2 0.730061 0.155021 0.011894 0.015801
2 0.705690 0.149579 0.005131 0.010534
2 0.714202 0.148701 0.006763 0.010183
2 0.569263 0.148174 0.004198 0.011236
2 0.338969 0.151685 0.011427 0.019663
2 0.290812 0.149754 0.014459 0.017205
2 0.318097 0.140098 0.008396 0.012640
2 0.426772 0.145014 0.013993 0.028090
2 0.729244 0.137640 0.007929 0.018961
2 0.475863 0.140449 0.024487 0.037921
2 0.357043 0.116222 0.006530 0.007022
2 0.325210 0.120260 0.010494 0.015801
2 0.459771 0.131145 0.014226 0.040379
2 0.500350 0.121138 0.018424 0.021770
2 0.372901 0.116749 0.011660 0.013694
2 0.515508 0.103406 0.010961 0.020014
2 0.334305 0.098315 0.009562 0.011236
2 0.708372 0.090765 0.006763 0.014396
2 0.446245 0.091994 0.008629 0.020365
2 0.458139 0.083567 0.004897 0.008427
2 0.438200 0.083216 0.005597 0.009831
2 0.344216 0.092521 0.016325 0.031250
2 0.487174 0.092521 0.022854 0.033357
2 0.505014 0.081110 0.008629 0.014747
2 0.359375 0.090590 0.014925 0.038624
2 0.428172 0.075316 0.012127 0.017907
2 0.379081 0.081636 0.038946 0.036166
2 0.410564 0.072156 0.011427 0.018610
2 0.399137 0.065660 0.006297 0.010534
2 0.345732 0.063378 0.015159 0.012992
2 0.373134 0.052844 0.009795 0.014396
2 0.404151 0.049333 0.008396 0.010183
2 0.422924 0.049860 0.015159 0.011938
2 0.486590 0.043715 0.005830 0.009480
2 0.394706 0.047226 0.005830 0.017907
2 0.412197 0.042837 0.004431 0.018961
2 0.384562 0.035639 0.005597 0.009480
2 0.455107 0.044944 0.027752 0.037219
2 0.433652 0.023701 0.008162 0.010885
2 0.330690 0.022121 0.004198 0.011938
