2 0.647 0.623 0.008 0.007
2 0.437 0.592 0.005 0.003
2 0.423 0.592 0.005 0.003
2 0.655 0.591 0.008 0.005
2 0.912 0.559 0.008 0.005
2 0.896 0.553 0.004 0.005
2 0.898 0.543 0.006 0.004
2 0.290 0.549 0.025 0.033
2 0.639 0.466 0.004 0.003
2 0.634 0.462 0.005 0.003
2 0.668 0.461 0.003 0.002
2 0.666 0.459 0.004 0.005
2 0.671 0.458 0.005 0.004
2 0.733 0.454 0.007 0.003
2 0.686 0.452 0.002 0.002
2 0.623 0.452 0.006 0.003
2 0.711 0.450 0.014 0.007
2 0.610 0.447 0.008 0.005
2 0.677 0.447 0.007 0.009
2 0.715 0.444 0.007 0.004
2 0.638 0.447 0.014 0.025
2 0.590 0.436 0.008 0.006
2 0.749 0.437 0.013 0.008
2 0.571 0.436 0.007 0.007
2 0.756 0.431 0.006 0.006
2 0.913 0.431 0.009 0.007
2 0.632 0.428 0.003 0.002
2 0.662 0.426 0.009 0.006
2 0.759 0.424 0.004 0.003
2 0.746 0.426 0.008 0.007
2 0.684 0.418 0.006 0.004
2 0.624 0.418 0.007 0.004
2 0.635 0.417 0.010 0.003
2 0.646 0.409 0.005 0.003
2 0.595 0.403 0.008 0.003
2 0.356 0.404 0.009 0.006
2 0.598 0.396 0.008 0.002
2 0.575 0.387 0.006 0.007
2 0.583 0.385 0.006 0.006
2 0.550 0.388 0.017 0.011
2 0.635 0.398 0.061 0.031
2 0.951 0.387 0.025 0.017
2 0.575 0.380 0.007 0.004
2 0.596 0.378 0.003 0.003
2 0.956 0.375 0.004 0.002
2 0.562 0.376 0.004 0.004
2 0.933 0.374 0.008 0.006
2 0.965 0.371 0.004 0.002
2 0.914 0.366 0.008 0.004
2 0.671 0.371 0.020 0.015
2 0.970 0.363 0.003 0.003
2 0.963 0.362 0.004 0.003
2 0.952 0.359 0.003 0.003
2 0.701 0.358 0.004 0.003
2 0.670 0.357 0.007 0.005
2 0.933 0.362 0.033 0.019
2 0.698 0.354 0.004 0.003
2 0.960 0.351 0.004 0.002
2 0.913 0.351 0.006 0.004
2 0.670 0.352 0.010 0.006
2 0.942 0.354 0.014 0.012
2 0.688 0.351 0.006 0.007
2 0.710 0.349 0.008 0.005
2 0.716 0.347 0.003 0.002
2 0.960 0.346 0.004 0.003
2 0.907 0.344 0.005 0.006
2 1.001 0.342 0.009 0.005
2 0.684 0.339 0.004 0.003
2 0.931 0.338 0.008 0.006
2 1.003 0.333 0.015 0.003
2 0.922 0.333 0.004 0.003
2 0.965 0.333 0.004 0.003
2 1.020 0.333 0.007 0.005
2 1.034 0.332 0.006 0.005
2 1.006 0.331 0.004 0.002
2 0.900 0.330 0.004 0.003
2 0.912 0.328 0.011 0.004
2 1.012 0.325 0.005 0.003
2 0.868 0.324 0.002 0.001
2 0.900 0.322 0.005 0.003
2 0.973 0.322 0.005 0.002
2 0.988 0.316 0.006 0.004
2 0.967 0.316 0.013 0.006
2 0.881 0.318 0.025 0.011
2 0.935 0.320 0.048 0.020
2 0.974 0.311 0.004 0.002
2 1.012 0.309 0.003 0.001
2 0.952 0.308 0.006 0.003
2 0.947 0.305 0.011 0.002
2 0.883 0.305 0.008 0.008
2 0.957 0.302 0.006 0.005
2 0.910 0.302 0.018 0.011
2 0.995 0.298 0.011 0.007
2 0.942 0.301 0.017 0.013
2 0.959 0.292 0.004 0.002
2 1.021 0.295 0.009 0.008
2 0.746 0.292 0.004 0.003
2 0.943 0.289 0.002 0.002
2 1.024 0.288 0.002 0.001
2 0.725 0.288 0.003 0.001
2 0.658 0.287 0.006 0.003
2 0.690 0.285 0.004 0.002
2 0.468 0.286 0.017 0.006
2 0.899 0.284 0.006 0.004
2 1.024 0.283 0.003 0.002
2 0.942 0.284 0.009 0.006
2 0.987 0.281 0.006 0.006
2 0.901 0.280 0.003 0.002
2 0.927 0.283 0.015 0.014
2 0.912 0.274 0.004 0.003
2 0.939 0.276 0.011 0.007
2 0.689 0.274 0.010 0.005
2 0.924 0.274 0.005 0.005
2 0.708 0.273 0.007 0.005
2 1.035 0.269 0.002 0.002
2 0.703 0.268 0.002 0.001
2 0.685 0.267 0.005 0.003
2 0.963 0.267 0.003 0.002
2 0.954 0.267 0.004 0.003
2 0.644 0.266 0.004 0.002
2 0.929 0.267 0.005 0.003
2 0.939 0.265 0.007 0.004
2 0.637 0.264 0.002 0.002
2 0.958 0.264 0.003 0.002
2 0.913 0.264 0.003 0.002
2 0.919 0.263 0.004 0.002
2 1.037 0.263 0.006 0.003
2 0.962 0.262 0.004 0.003
2 0.958 0.261 0.004 0.002
2 0.645 0.261 0.004 0.003
2 1.045 0.261 0.005 0.005
2 0.914 0.259 0.004 0.003
2 0.647 0.257 0.005 0.003
2 0.910 0.256 0.005 0.003
2 0.765 0.255 0.002 0.003
2 0.950 0.252 0.005 0.003
2 0.904 0.252 0.005 0.003
2 0.637 0.252 0.007 0.004
2 0.759 0.250 0.002 0.002
2 0.626 0.252 0.011 0.006
2 0.656 0.249 0.004 0.003
2 0.901 0.247 0.005 0.004
2 0.612 0.253 0.014 0.016
2 1.075 0.246 0.005 0.005
2 0.601 0.243 0.008 0.006
2 0.931 0.239 0.005 0.003
2 0.993 0.239 0.006 0.003
2 1.072 0.240 0.006 0.005
2 0.687 0.237 0.008 0.009
2 0.653 0.238 0.017 0.014
2 0.755 0.232 0.004 0.003
2 1.038 0.230 0.007 0.005
2 0.769 0.229 0.009 0.005
2 0.758 0.228 0.004 0.002
2 0.656 0.226 0.004 0.003
2 0.671 0.227 0.010 0.008
2 0.741 0.222 0.003 0.003
2 0.789 0.222 0.019 0.008
2 0.640 0.218 0.007 0.005
2 0.820 0.217 0.013 0.005
2 0.761 0.213 0.003 0.002
2 0.754 0.215 0.006 0.007
2 0.681 0.217 0.010 0.012
2 0.787 0.213 0.015 0.008
2 0.607 0.213 0.010 0.009
2 0.656 0.212 0.024 0.008
2 0.831 0.212 0.009 0.008
2 0.819 0.209 0.007 0.004
2 0.837 0.206 0.004 0.003
2 0.720 0.208 0.014 0.007
2 0.823 0.206 0.005 0.003
2 1.003 0.205 0.013 0.007
2 0.684 0.206 0.011 0.010
2 0.624 0.204 0.011 0.006
2 0.774 0.200 0.008 0.011
2 0.756 0.198 0.010 0.006
2 0.593 0.202 0.012 0.015
2 0.828 0.192 0.004 0.002
2 0.746 0.192 0.004 0.002
2 0.752 0.191 0.003 0.002
2 0.829 0.189 0.004 0.003
2 0.614 0.188 0.023 0.022
2 0.810 0.182 0.017 0.010
2 0.740 0.180 0.007 0.008
2 0.651 0.190 0.040 0.030
2 0.861 0.169 0.009 0.004
2 0.795 0.159 0.009 0.007
2 0.648 0.156 0.004 0.002
2 0.669 0.152 0.006 0.004
2 0.652 0.151 0.008 0.005
2 0.785 0.106 0.007 0.004
2 0.717 0.106 0.004 0.004
2 0.802 0.103 0.011 0.005
2 0.750 0.101 0.021 0.009
2 0.771 0.089 0.005 0.003
2 0.689 0.092 0.041 0.014
2 0.793 0.085 0.004 0.002
2 0.746 0.085 0.021 0.013
2 0.815 0.081 0.015 0.010
2 0.275 0.069 0.011 0.009
2 0.837 0.072 0.018 0.018
2 0.678 0.068 0.007 0.010
2 0.285 0.047 0.016 0.017
2 0.365 0.032 0.009 0.008
2 0.370 0.016 0.003 0.002
2 0.340 0.012 0.009 0.004
2 0.364 0.003 0.013 0.007
1 0.499 0.542 0.021 0.011
1 0.388 0.530 0.020 0.015
1 0.363 0.444 0.018 0.013
1 1.165 0.425 0.053 0.045
1 1.070 0.350 0.022 0.019
1 0.603 0.317 0.035 0.028
1 0.530 0.275 0.025 0.009
1 0.546 0.256 0.024 0.005
1 1.043 0.194 0.024 0.010
0 0.715 0.610 0.012 0.008
0 0.472 0.595 0.006 0.004
0 1.025 0.417 0.013 0.008
0 0.131 0.377 0.012 0.008
0 1.084 0.363 0.008 0.005
0 0.571 0.309 0.009 0.006
0 1.017 0.236 0.006 0.004
0 0.989 0.236 0.005 0.004
0 0.960 0.220 0.005 0.003
0 0.646 0.172 0.008 0.005
0 0.814 0.135 0.004 0.003
4 0.314 0.277 0.156 0.120
3 1.222 0.415 0.040 0.034
3 0.557 0.339 0.030 0.022
3 0.999 0.169 0.036 0.022
3 1.030 0.064 0.049 0.023
