2 0.212 0.994 0.017 0.012
2 0.183 0.969 0.028 0.056
2 0.679 0.717 0.011 0.025
2 0.388 0.389 0.047 0.067
2 0.834 0.309 0.015 0.020
1 0.846 0.999 0.005 0.002
1 0.480 0.998 0.006 0.004
1 0.833 0.994 0.002 0.004
1 0.332 0.996 0.010 0.008
1 0.436 0.996 0.007 0.008
1 0.466 0.994 0.024 0.011
1 0.840 0.994 0.011 0.012
1 0.501 0.987 0.003 0.004
1 0.485 0.989 0.009 0.013
1 0.330 0.985 0.009 0.009
1 0.501 0.981 0.003 0.005
1 0.459 0.987 0.007 0.017
1 0.455 0.967 0.021 0.018
1 0.330 0.964 0.014 0.011
1 0.363 0.958 0.006 0.006
1 0.206 0.955 0.008 0.014
1 0.415 0.949 0.010 0.015
1 0.428 0.947 0.008 0.020
1 0.363 0.942 0.011 0.013
1 0.399 0.936 0.008 0.006
1 0.384 0.940 0.009 0.017
1 0.439 0.943 0.012 0.032
1 0.362 0.929 0.008 0.009
1 0.412 0.920 0.006 0.011
1 0.386 0.910 0.007 0.011
1 0.419 0.882 0.007 0.009
1 0.405 0.881 0.006 0.011
1 0.783 0.793 0.006 0.012
1 0.792 0.783 0.004 0.007
1 0.765 0.774 0.004 0.005
1 0.711 0.757 0.004 0.004
1 0.994 0.750 0.007 0.007
1 0.722 0.744 0.003 0.006
1 0.707 0.747 0.005 0.012
1 0.842 0.739 0.004 0.006
1 0.903 0.741 0.011 0.011
1 0.977 0.727 0.007 0.008
1 0.800 0.722 0.005 0.007
1 0.994 0.726 0.011 0.020
1 0.886 0.705 0.007 0.013
1 0.996 0.694 0.008 0.018
1 0.913 0.689 0.005 0.008
1 0.865 0.688 0.006 0.007
1 0.943 0.676 0.006 0.008
1 0.858 0.675 0.006 0.009
1 0.906 0.674 0.013 0.013
1 0.939 0.662 0.005 0.008
1 0.610 0.660 0.008 0.008
1 0.551 0.636 0.011 0.011
1 0.543 0.626 0.010 0.007
1 0.851 0.625 0.008 0.013
1 0.552 0.621 0.006 0.008
1 0.572 0.608 0.007 0.008
1 0.572 0.593 0.013 0.017
1 0.787 0.577 0.007 0.007
1 0.812 0.572 0.007 0.010
1 0.789 0.568 0.005 0.006
1 0.886 0.512 0.011 0.011
1 0.828 0.511 0.008 0.011
1 0.910 0.506 0.020 0.017
1 0.879 0.498 0.012 0.008
1 0.854 0.508 0.036 0.029
1 0.835 0.493 0.006 0.009
1 0.901 0.493 0.012 0.020
1 0.755 0.481 0.013 0.018
1 0.903 0.473 0.010 0.010
1 0.927 0.475 0.017 0.018
1 0.848 0.468 0.004 0.006
1 0.691 0.464 0.008 0.013
1 0.918 0.462 0.007 0.011
1 0.830 0.467 0.018 0.022
1 0.924 0.455 0.006 0.005
1 0.877 0.452 0.004 0.008
1 0.946 0.448 0.007 0.007
1 0.849 0.446 0.006 0.008
1 0.828 0.443 0.007 0.015
1 0.851 0.433 0.006 0.006
1 0.899 0.440 0.023 0.032
1 0.881 0.428 0.005 0.008
1 0.790 0.423 0.008 0.008
1 0.996 0.423 0.006 0.011
1 0.888 0.416 0.009 0.011
1 0.937 0.418 0.017 0.015
1 0.969 0.412 0.011 0.006
1 0.958 0.416 0.021 0.023
1 0.659 0.255 0.012 0.018
1 0.909 0.142 0.025 0.022
1 0.929 0.096 0.034 0.020
0 0.350 0.983 0.004 0.006
0 0.965 0.956 0.006 0.011
0 0.970 0.945 0.006 0.008
0 0.305 0.945 0.011 0.017
0 0.691 0.914 0.009 0.013
0 0.365 0.868 0.005 0.009
0 0.606 0.868 0.007 0.011
0 0.988 0.862 0.004 0.006
0 0.749 0.866 0.013 0.015
0 0.394 0.857 0.005 0.008
0 0.731 0.784 0.005 0.008
0 0.454 0.773 0.006 0.010
0 0.289 0.772 0.006 0.010
0 0.510 0.754 0.007 0.010
0 0.267 0.746 0.005 0.008
0 0.874 0.744 0.004 0.007
0 0.479 0.739 0.007 0.011
0 0.751 0.672 0.005 0.009
0 0.877 0.649 0.005 0.008
0 0.733 0.639 0.006 0.009
0 0.926 0.624 0.005 0.008
0 0.481 0.535 0.009 0.014
0 0.851 0.493 0.005 0.008
0 0.507 0.481 0.007 0.009
0 0.739 0.483 0.009 0.013
0 0.866 0.467 0.005 0.008
0 0.746 0.447 0.005 0.008
0 0.755 0.443 0.005 0.007
0 0.631 0.426 0.007 0.011
0 0.375 0.381 0.005 0.007
0 0.463 0.372 0.023 0.033
0 0.729 0.199 0.007 0.010
0 0.946 0.150 0.007 0.010
0 0.459 0.085 0.013 0.021
