2 0.337 0.738 0.028 0.048
2 0.465 0.592 0.024 0.050
2 0.467 0.317 0.011 0.015
2 0.454 0.306 0.018 0.014
2 0.476 0.298 0.010 0.018
2 0.271 0.277 0.018 0.029
2 0.255 0.254 0.012 0.027
2 0.242 0.254 0.010 0.033
2 0.233 0.237 0.016 0.038
2 0.056 0.198 0.042 0.060
2 0.679 0.173 0.038 0.058
2 0.473 0.158 0.036 0.055
2 0.169 0.134 0.027 0.040
2 0.342 0.011 0.009 0.022
2 0.301 0.018 0.029 0.035
1 0.206 0.509 0.006 0.010
1 0.267 0.496 0.003 0.008
1 0.169 0.492 0.004 0.004
1 0.172 0.481 0.004 0.005
1 0.205 0.473 0.015 0.017
1 0.361 0.434 0.008 0.009
1 0.192 0.426 0.005 0.010
1 0.412 0.402 0.005 0.007
1 0.340 0.323 0.005 0.006
1 0.371 0.322 0.003 0.006
1 0.444 0.249 0.005 0.008
1 0.535 0.233 0.008 0.008
1 0.047 0.235 0.008 0.012
1 0.498 0.213 0.006 0.008
1 0.049 0.205 0.017 0.019
1 0.525 0.188 0.009 0.011
1 0.533 0.162 0.006 0.009
1 0.407 0.158 0.004 0.009
1 0.541 0.133 0.005 0.007
1 0.619 0.108 0.006 0.005
1 0.562 0.086 0.007 0.008
1 0.544 0.082 0.005 0.008
1 0.611 0.079 0.006 0.011
1 0.126 0.024 0.007 0.012
1 0.558 0.022 0.006 0.010
1 0.122 0.006 0.007 0.013
1 0.017 0.003 0.005 0.006
1 0.002 0.000 0.002 0.001
0 0.302 0.895 0.005 0.010
0 0.316 0.885 0.009 0.013
0 0.309 0.873 0.008 0.011
0 0.317 0.869 0.008 0.011
0 0.485 0.774 0.006 0.009
0 0.004 0.765 0.005 0.008
0 0.332 0.703 0.007 0.009
0 0.520 0.633 0.007 0.010
0 0.473 0.503 0.006 0.008
0 0.097 0.473 0.007 0.012
0 0.437 0.458 0.004 0.006
0 0.436 0.448 0.004 0.006
0 0.450 0.434 0.005 0.009
0 0.447 0.416 0.007 0.009
0 0.483 0.373 0.008 0.012
0 0.264 0.324 0.003 0.004
0 0.229 0.274 0.006 0.011
0 0.296 0.248 0.006 0.012
0 0.430 0.244 0.009 0.013
0 0.500 0.232 0.007 0.011
0 0.344 0.231 0.008 0.013
0 0.270 0.219 0.009 0.013
0 0.250 0.174 0.007 0.013
0 0.485 0.171 0.006 0.010
0 0.505 0.165 0.007 0.012
0 0.549 0.079 0.005 0.007
0 0.010 0.077 0.007 0.010
0 0.640 0.075 0.007 0.010
0 0.187 0.074 0.006 0.009
0 0.193 0.065 0.005 0.008
0 0.550 0.058 0.007 0.009
0 0.467 0.059 0.009 0.016
0 0.433 0.042 0.005 0.008
0 0.349 0.040 0.007 0.013
0 0.458 0.025 0.008 0.014
0 0.357 0.024 0.008 0.013
0 0.446 0.021 0.007 0.013
0 0.438 0.015 0.006 0.010
0 0.366 0.010 0.006 0.010
0 0.315 0.003 0.009 0.006
3 0.630 0.343 0.037 0.096
