2 0.337 0.978 0.005 0.008
2 0.156 0.955 0.007 0.011
2 0.032 0.942 0.005 0.015
2 0.074 0.941 0.012 0.018
2 0.056 0.960 0.041 0.081
2 0.016 0.937 0.015 0.035
2 0.062 0.915 0.005 0.006
2 0.298 0.912 0.006 0.008
2 0.284 0.932 0.016 0.047
2 0.278 0.901 0.003 0.008
2 0.348 0.908 0.015 0.026
2 0.378 0.894 0.004 0.012
2 0.386 0.855 0.004 0.004
2 0.051 0.857 0.008 0.015
2 0.061 0.840 0.008 0.019
2 0.044 0.786 0.008 0.013
2 0.051 0.775 0.008 0.014
2 0.029 0.759 0.013 0.025
1 0.262 0.982 0.037 0.035
1 0.432 0.931 0.154 0.138
1 0.179 0.890 0.037 0.086
1 0.156 0.794 0.050 0.053
1 0.242 0.716 0.033 0.058
1 0.206 0.623 0.021 0.026
1 0.079 0.658 0.057 0.107
1 0.104 0.503 0.018 0.015
1 0.038 0.517 0.075 0.134
1 0.087 0.443 0.019 0.034
1 0.026 0.415 0.051 0.088
1 0.295 0.303 0.047 0.081
1 0.047 0.277 0.093 0.149
0 0.175 1.000 0.003 0.001
0 0.221 0.984 0.008 0.013
0 0.229 0.958 0.007 0.011
0 0.326 0.851 0.005 0.008
0 0.205 0.854 0.010 0.018
0 0.315 0.836 0.006 0.010
0 0.319 0.821 0.007 0.011
0 0.355 0.686 0.014 0.023
0 0.125 0.592 0.013 0.016
0 0.107 0.576 0.007 0.010
0 0.263 0.568 0.004 0.011
0 0.132 0.475 0.008 0.013
0 0.071 0.462 0.007 0.011
0 0.113 0.404 0.015 0.022
0 0.081 0.206 0.006 0.010
0 0.090 0.192 0.006 0.010
0 0.134 0.176 0.007 0.008
