2 0.865 0.693 0.010 0.020
2 0.910 0.658 0.009 0.015
2 0.561 0.452 0.015 0.021
2 0.735 0.430 0.008 0.008
2 0.513 0.432 0.014 0.022
2 0.623 0.436 0.015 0.039
2 0.572 0.426 0.021 0.034
2 0.713 0.415 0.006 0.013
2 0.695 0.412 0.007 0.013
2 0.526 0.403 0.008 0.014
2 0.901 0.380 0.008 0.011
2 0.743 0.375 0.011 0.017
2 0.728 0.381 0.010 0.034
2 0.888 0.360 0.012 0.011
2 0.616 0.359 0.012 0.022
2 0.735 0.338 0.010 0.022
2 0.701 0.344 0.025 0.034
2 0.722 0.314 0.012 0.030
2 0.914 0.279 0.013 0.011
2 0.417 0.266 0.008 0.017
2 0.443 0.262 0.018 0.042
2 0.997 0.243 0.005 0.009
2 0.513 0.248 0.014 0.050
2 0.438 0.217 0.025 0.031
2 0.483 0.195 0.024 0.027
2 0.461 0.183 0.013 0.022
2 0.380 0.164 0.012 0.020
2 0.503 0.150 0.011 0.020
2 0.918 0.146 0.008 0.015
2 0.431 0.120 0.007 0.015
2 0.444 0.117 0.009 0.020
2 0.835 0.084 0.005 0.013
2 0.849 0.083 0.014 0.033
2 0.802 0.064 0.005 0.010
2 0.513 0.055 0.005 0.008
2 0.466 0.041 0.007 0.010
2 0.444 0.035 0.021 0.033
2 0.498 0.034 0.034 0.037
2 0.458 0.008 0.003 0.008
2 0.485 0.007 0.006 0.011
2 0.543 0.003 0.005 0.006
2 0.497 0.001 0.005 0.001
2 0.443 0.006 0.010 0.013
2 0.410 0.012 0.035 0.025
2 0.372 0.006 0.010 0.011
1 0.992 0.577 0.017 0.077
1 0.747 0.479 0.506 0.202
1 0.959 0.247 0.031 0.048
1 0.961 0.192 0.077 0.028
1 0.571 0.511 0.858 0.962
1 0.901 0.032 0.088 0.065
1 0.763 0.000 0.019 0.001
1 0.583 0.088 0.196 0.176
1 0.286 0.009 0.034 0.019
1 0.247 0.014 0.009 0.028
0 0.936 0.382 0.009 0.016
0 0.939 0.273 0.007 0.009
