2 0.845 0.955 0.015 0.033
2 0.608 0.945 0.009 0.017
2 0.555 0.938 0.008 0.009
2 0.618 0.938 0.007 0.012
2 0.554 0.925 0.006 0.008
2 0.538 0.915 0.004 0.006
2 0.635 0.908 0.004 0.010
2 0.482 0.909 0.014 0.018
2 0.847 0.917 0.020 0.041
2 0.627 0.902 0.007 0.012
2 0.509 0.917 0.038 0.050
2 0.922 0.893 0.006 0.008
2 0.865 0.902 0.008 0.025
2 0.678 0.892 0.003 0.006
2 0.424 0.890 0.005 0.008
2 0.498 0.887 0.005 0.006
2 0.927 0.886 0.006 0.006
2 0.478 0.888 0.006 0.010
2 0.856 0.884 0.005 0.005
2 0.628 0.887 0.008 0.015
2 0.844 0.894 0.016 0.034
2 0.503 0.880 0.005 0.006
2 0.932 0.881 0.006 0.009
2 0.491 0.880 0.008 0.008
2 0.683 0.875 0.003 0.005
2 0.629 0.873 0.007 0.013
2 0.583 0.870 0.008 0.008
2 0.431 0.868 0.005 0.006
2 0.753 0.865 0.003 0.006
2 0.486 0.865 0.012 0.012
2 0.569 0.861 0.008 0.009
2 0.584 0.860 0.007 0.008
2 0.883 0.873 0.019 0.040
2 0.476 0.854 0.008 0.013
2 0.430 0.855 0.008 0.014
2 0.917 0.849 0.005 0.008
2 0.279 0.843 0.002 0.004
2 0.621 0.842 0.006 0.010
2 0.968 0.844 0.011 0.024
2 0.587 0.837 0.005 0.011
2 0.900 0.840 0.006 0.017
2 0.481 0.834 0.004 0.006
2 0.918 0.835 0.007 0.010
2 0.678 0.834 0.005 0.008
2 0.573 0.837 0.014 0.018
2 0.706 0.873 0.026 0.095
2 0.689 0.834 0.009 0.016
2 0.489 0.830 0.005 0.008
2 0.430 0.827 0.006 0.006
2 0.414 0.827 0.007 0.008
2 0.679 0.823 0.005 0.007
2 0.577 0.823 0.012 0.010
2 0.479 0.820 0.003 0.005
2 0.844 0.829 0.018 0.025
2 0.501 0.823 0.009 0.016
2 0.749 0.819 0.005 0.010
2 0.900 0.816 0.004 0.008
2 0.655 0.823 0.010 0.025
2 0.590 0.816 0.006 0.010
2 0.861 0.845 0.021 0.069
2 0.968 0.813 0.005 0.008
2 0.558 0.811 0.003 0.006
2 0.990 0.815 0.014 0.025
2 0.499 0.806 0.004 0.007
2 0.653 0.802 0.004 0.009
2 0.435 0.809 0.017 0.026
2 0.471 0.797 0.004 0.006
2 0.499 0.796 0.008 0.007
2 0.862 0.804 0.032 0.027
2 0.803 0.802 0.012 0.025
2 0.423 0.794 0.007 0.009
2 0.816 0.792 0.006 0.008
2 0.439 0.790 0.007 0.008
2 0.993 0.791 0.014 0.017
2 0.511 0.784 0.003 0.008
2 0.596 0.788 0.019 0.020
2 0.516 0.779 0.002 0.004
2 0.574 0.788 0.026 0.022
2 0.953 0.776 0.003 0.004
2 0.937 0.819 0.024 0.093
2 0.965 0.791 0.020 0.039
2 0.488 0.771 0.003 0.006
2 0.902 0.807 0.036 0.078
2 0.439 0.773 0.005 0.013
2 0.528 0.768 0.004 0.004
2 0.447 0.770 0.003 0.007
2 0.639 0.776 0.019 0.022
2 0.970 0.767 0.010 0.010
2 0.914 0.759 0.003 0.006
2 0.526 0.759 0.005 0.009
2 0.951 0.760 0.011 0.016
2 0.934 0.765 0.021 0.026
2 0.819 0.758 0.007 0.014
2 0.806 0.758 0.007 0.015
2 0.560 0.765 0.026 0.029
2 0.922 0.749 0.003 0.006
2 0.872 0.758 0.013 0.023
2 0.795 0.759 0.011 0.025
2 0.538 0.750 0.007 0.012
2 0.969 0.749 0.009 0.018
2 0.998 0.746 0.003 0.013
2 0.933 0.745 0.007 0.015
2 0.885 0.740 0.003 0.006
2 0.941 0.742 0.009 0.014
2 0.972 0.736 0.004 0.005
2 0.914 0.736 0.007 0.008
2 0.767 0.736 0.008 0.009
2 0.955 0.738 0.010 0.015
2 0.461 0.739 0.007 0.025
2 0.966 0.731 0.011 0.011
2 0.507 0.752 0.033 0.057
2 0.878 0.731 0.010 0.025
2 0.922 0.726 0.013 0.016
2 0.891 0.721 0.004 0.007
2 0.948 0.719 0.008 0.012
2 0.851 0.724 0.018 0.022
2 0.876 0.713 0.006 0.008
2 0.965 0.714 0.022 0.023
2 0.954 0.704 0.006 0.011
2 0.846 0.700 0.007 0.010
2 0.965 0.697 0.006 0.009
2 0.716 0.701 0.013 0.023
2 0.699 0.697 0.011 0.014
2 0.991 0.693 0.012 0.019
2 0.839 0.684 0.004 0.005
2 0.863 0.682 0.005 0.006
2 0.761 0.698 0.021 0.040
2 0.731 0.703 0.050 0.051
2 0.997 0.674 0.005 0.018
2 0.768 0.665 0.005 0.006
2 0.967 0.662 0.004 0.006
2 0.978 0.682 0.018 0.062
2 0.999 0.651 0.001 0.010
2 0.774 0.646 0.014 0.032
2 0.974 0.636 0.010 0.029
2 0.794 0.612 0.004 0.006
2 0.789 0.613 0.006 0.015
2 0.805 0.671 0.069 0.131
2 0.424 0.608 0.005 0.008
2 0.803 0.610 0.010 0.015
2 0.969 0.609 0.019 0.027
2 0.960 0.598 0.005 0.008
2 0.816 0.605 0.011 0.024
2 0.866 0.593 0.006 0.008
2 0.836 0.630 0.033 0.086
2 0.969 0.588 0.004 0.007
2 0.794 0.593 0.010 0.018
2 0.990 0.585 0.003 0.006
2 0.985 0.589 0.004 0.015
2 0.977 0.583 0.002 0.004
2 0.997 0.582 0.005 0.013
2 0.962 0.576 0.004 0.007
2 0.622 0.583 0.013 0.020
2 0.202 0.573 0.004 0.006
2 0.895 0.570 0.002 0.005
2 0.950 0.568 0.002 0.003
2 0.970 0.570 0.008 0.017
2 0.608 0.567 0.014 0.024
2 0.579 0.557 0.005 0.008
2 0.988 0.558 0.008 0.012
2 0.618 0.560 0.005 0.017
2 0.847 0.553 0.007 0.014
2 0.623 0.542 0.004 0.006
2 0.526 0.543 0.005 0.008
2 0.963 0.535 0.003 0.005
2 0.812 0.538 0.020 0.023
2 0.972 0.532 0.006 0.013
2 0.946 0.541 0.020 0.037
2 0.925 0.533 0.013 0.022
2 0.878 0.526 0.003 0.006
2 0.852 0.527 0.005 0.008
2 0.872 0.520 0.004 0.007
2 0.823 0.515 0.004 0.008
2 0.922 0.514 0.006 0.016
2 0.893 0.512 0.007 0.011
2 0.975 0.506 0.005 0.004
2 0.833 0.504 0.005 0.008
2 0.864 0.495 0.007 0.009
2 0.854 0.491 0.003 0.006
2 0.910 0.491 0.027 0.025
2 0.880 0.488 0.024 0.029
2 0.875 0.454 0.007 0.010
2 0.926 0.449 0.006 0.006
2 0.917 0.421 0.005 0.008
2 0.841 0.396 0.003 0.006
2 0.941 0.389 0.003 0.004
2 0.957 0.391 0.004 0.013
2 0.634 0.380 0.004 0.011
2 0.511 0.376 0.005 0.011
2 0.940 0.374 0.004 0.007
2 0.955 0.372 0.006 0.012
2 0.884 0.375 0.010 0.021
2 0.506 0.368 0.004 0.006
2 0.497 0.361 0.006 0.009
2 0.507 0.349 0.003 0.008
2 0.498 0.347 0.004 0.006
2 0.915 0.366 0.024 0.047
2 0.462 0.335 0.005 0.007
2 0.539 0.331 0.006 0.009
2 0.485 0.341 0.016 0.028
2 0.895 0.324 0.006 0.011
2 0.568 0.320 0.006 0.006
2 0.553 0.320 0.008 0.013
2 0.561 0.312 0.003 0.007
2 0.587 0.306 0.004 0.007
2 0.479 0.307 0.028 0.029
2 0.510 0.297 0.015 0.020
2 0.513 0.283 0.004 0.006
2 0.828 0.264 0.012 0.018
2 0.655 0.259 0.007 0.015
2 0.862 0.246 0.007 0.009
2 0.614 0.244 0.003 0.006
2 0.519 0.170 0.009 0.013
2 0.764 0.147 0.010 0.012
2 0.822 0.146 0.007 0.013
2 0.799 0.108 0.005 0.011
2 0.778 0.081 0.003 0.006
2 0.769 0.079 0.010 0.011
2 0.794 0.077 0.018 0.037
2 0.763 0.064 0.009 0.015
2 0.745 0.062 0.010 0.012
2 0.754 0.044 0.009 0.025
2 0.804 0.032 0.009 0.011
2 0.827 0.036 0.013 0.037
2 0.819 0.018 0.007 0.011
1 0.454 0.884 0.026 0.041
1 0.443 0.853 0.013 0.019
1 0.828 0.806 0.023 0.043
1 0.682 0.664 0.084 0.074
1 0.623 0.625 0.035 0.057
1 0.741 0.589 0.062 0.101
1 0.433 0.545 0.010 0.032
1 0.411 0.454 0.022 0.018
1 0.776 0.462 0.046 0.097
1 0.655 0.448 0.092 0.126
1 0.485 0.410 0.041 0.051
1 0.416 0.389 0.039 0.041
1 0.644 0.372 0.021 0.035
1 0.771 0.335 0.046 0.018
1 0.417 0.231 0.020 0.019
1 0.702 0.221 0.036 0.027
1 0.611 0.201 0.032 0.023
1 0.994 0.144 0.013 0.020
0 0.801 0.995 0.005 0.009
0 0.586 0.894 0.007 0.011
0 0.572 0.884 0.006 0.009
0 0.561 0.871 0.005 0.008
0 0.562 0.838 0.004 0.006
0 0.528 0.822 0.009 0.011
0 0.641 0.811 0.007 0.010
0 0.904 0.657 0.005 0.007
0 0.892 0.635 0.008 0.011
0 0.864 0.632 0.004 0.007
0 0.902 0.620 0.006 0.009
0 0.875 0.561 0.010 0.015
0 0.279 0.558 0.009 0.016
0 0.320 0.519 0.012 0.018
0 0.855 0.512 0.007 0.012
0 0.355 0.503 0.007 0.011
0 0.833 0.466 0.012 0.017
0 0.406 0.432 0.009 0.012
0 0.645 0.341 0.005 0.009
0 0.534 0.315 0.007 0.010
0 0.645 0.222 0.005 0.007
0 0.850 0.157 0.004 0.006
0 0.677 0.103 0.005 0.007
0 0.653 0.095 0.006 0.008
0 0.974 0.021 0.008 0.013
3 0.711 0.473 0.097 0.258
