2 0.641 0.795 0.003 0.005
2 0.293 0.772 0.001 0.002
2 0.660 0.756 0.003 0.005
2 0.328 0.524 0.010 0.031
2 0.333 0.487 0.003 0.006
1 0.756 0.692 0.006 0.015
1 0.738 0.593 0.007 0.015
1 0.740 0.396 0.006 0.006
1 0.664 0.101 0.003 0.011
0 0.703 0.863 0.004 0.006
0 0.254 0.818 0.003 0.005
0 0.266 0.797 0.003 0.006
0 0.701 0.794 0.003 0.004
0 0.469 0.768 0.005 0.007
0 0.723 0.759 0.002 0.004
0 0.726 0.704 0.002 0.004
0 0.470 0.693 0.003 0.005
0 0.672 0.642 0.002 0.004
0 0.360 0.547 0.003 0.006
0 0.526 0.501 0.003 0.004
0 0.515 0.441 0.005 0.008
0 0.617 0.366 0.004 0.006
0 0.762 0.356 0.003 0.004
0 0.610 0.342 0.003 0.005
0 0.575 0.288 0.002 0.003
0 0.573 0.270 0.004 0.007
0 0.610 0.197 0.004 0.006
0 0.668 0.105 0.003 0.004
0 0.341 0.068 0.002 0.004
0 0.341 0.058 0.003 0.006
0 0.346 0.052 0.003 0.005
0 0.613 0.047 0.004 0.006
0 0.371 0.031 0.004 0.007
0 0.408 0.022 0.003 0.005
0 0.633 0.014 0.002 0.003
4 0.254 0.485 0.116 0.216
