2 0.803 0.613 0.004 0.003
2 0.804 0.607 0.005 0.003
2 0.581 0.606 0.004 0.003
2 0.588 0.596 0.004 0.002
2 0.563 0.595 0.003 0.003
2 0.551 0.594 0.006 0.004
2 0.593 0.591 0.004 0.001
2 0.539 0.589 0.008 0.003
2 0.697 0.584 0.006 0.003
2 0.679 0.583 0.007 0.004
2 0.825 0.584 0.012 0.007
2 0.782 0.582 0.005 0.003
2 0.641 0.577 0.003 0.002
2 0.582 0.577 0.008 0.003
2 0.595 0.579 0.006 0.009
2 0.794 0.576 0.008 0.006
2 0.818 0.574 0.005 0.004
2 0.639 0.573 0.005 0.003
2 0.645 0.570 0.003 0.002
2 0.791 0.570 0.008 0.004
2 0.653 0.567 0.003 0.002
2 0.633 0.567 0.006 0.004
2 0.645 0.564 0.003 0.002
2 0.682 0.564 0.010 0.006
2 0.650 0.561 0.004 0.006
2 0.663 0.557 0.005 0.004
2 0.671 0.559 0.012 0.014
2 0.659 0.553 0.003 0.002
2 0.633 0.552 0.003 0.002
2 0.621 0.544 0.005 0.002
2 0.635 0.539 0.007 0.007
2 0.621 0.532 0.008 0.007
2 0.486 0.513 0.004 0.004
2 0.428 0.484 0.019 0.010
2 0.561 0.480 0.008 0.005
2 0.443 0.478 0.005 0.002
2 0.422 0.479 0.029 0.017
2 0.559 0.471 0.005 0.003
2 0.527 0.468 0.003 0.003
2 0.523 0.467 0.005 0.003
2 0.443 0.468 0.014 0.008
2 0.543 0.464 0.005 0.003
2 0.513 0.457 0.009 0.004
2 0.623 0.455 0.024 0.008
2 0.403 0.403 0.002 0.002
2 0.411 0.402 0.010 0.005
2 0.392 0.395 0.003 0.002
2 0.299 0.395 0.005 0.004
2 0.405 0.394 0.004 0.002
2 0.396 0.393 0.005 0.002
2 0.279 0.392 0.003 0.002
2 0.291 0.391 0.004 0.002
2 0.300 0.391 0.006 0.004
2 0.337 0.390 0.004 0.002
2 0.278 0.389 0.004 0.003
2 0.329 0.390 0.005 0.004
2 0.362 0.390 0.009 0.005
2 0.374 0.387 0.004 0.002
2 0.315 0.389 0.013 0.006
2 0.350 0.383 0.004 0.003
2 0.294 0.379 0.003 0.002
2 0.341 0.383 0.015 0.014
2 0.320 0.377 0.009 0.004
2 0.301 0.379 0.006 0.008
2 0.331 0.376 0.017 0.007
2 0.786 0.373 0.004 0.003
2 0.672 0.373 0.004 0.003
2 0.311 0.376 0.011 0.010
2 0.305 0.372 0.008 0.003
2 0.659 0.372 0.004 0.004
2 0.290 0.370 0.006 0.002
2 0.311 0.369 0.002 0.002
2 0.658 0.369 0.003 0.002
2 0.647 0.369 0.005 0.002
2 0.320 0.369 0.011 0.004
2 0.627 0.367 0.005 0.003
2 0.639 0.367 0.004 0.003
2 0.618 0.367 0.005 0.002
2 0.675 0.365 0.002 0.001
2 0.668 0.367 0.011 0.005
2 0.288 0.366 0.008 0.004
2 0.354 0.366 0.006 0.008
2 0.299 0.364 0.010 0.007
2 0.560 0.362 0.005 0.002
2 0.675 0.361 0.003 0.002
2 0.641 0.362 0.005 0.004
2 0.576 0.362 0.025 0.006
2 0.591 0.359 0.004 0.002
2 0.550 0.360 0.012 0.005
2 0.616 0.361 0.013 0.007
2 0.270 0.358 0.003 0.002
2 0.457 0.357 0.002 0.002
2 0.600 0.361 0.013 0.009
2 0.589 0.357 0.003 0.001
2 0.630 0.359 0.013 0.010
2 0.297 0.355 0.002 0.002
2 0.648 0.354 0.004 0.003
2 0.642 0.355 0.008 0.004
2 0.541 0.352 0.005 0.003
2 0.609 0.354 0.019 0.006
2 0.612 0.350 0.007 0.003
2 0.639 0.349 0.003 0.002
2 0.535 0.347 0.002 0.002
2 0.651 0.346 0.005 0.003
2 0.644 0.347 0.005 0.004
2 0.630 0.346 0.003 0.002
2 0.640 0.345 0.004 0.002
2 0.633 0.343 0.004 0.004
2 0.223 0.342 0.005 0.002
2 0.617 0.341 0.012 0.003
2 0.258 0.337 0.005 0.003
2 0.202 0.337 0.005 0.003
2 0.375 0.336 0.003 0.002
2 0.334 0.335 0.004 0.002
2 0.250 0.335 0.003 0.002
2 0.645 0.343 0.059 0.019
2 0.627 0.330 0.002 0.001
2 0.250 0.331 0.007 0.003
2 0.328 0.331 0.006 0.004
2 0.351 0.344 0.033 0.030
2 0.633 0.331 0.012 0.006
2 0.765 0.329 0.004 0.003
2 0.377 0.328 0.002 0.001
2 0.365 0.329 0.007 0.004
2 0.248 0.327 0.007 0.003
2 0.377 0.326 0.002 0.002
2 0.346 0.328 0.006 0.006
2 0.343 0.321 0.016 0.006
2 0.248 0.320 0.010 0.004
2 0.273 0.318 0.005 0.002
2 0.155 0.317 0.006 0.005
2 0.313 0.315 0.007 0.005
2 0.322 0.314 0.006 0.007
2 0.273 0.313 0.008 0.004
2 0.301 0.311 0.006 0.002
2 0.289 0.312 0.007 0.006
2 0.331 0.313 0.009 0.011
2 0.272 0.309 0.006 0.003
2 0.310 0.306 0.004 0.004
2 0.291 0.302 0.006 0.003
2 0.315 0.293 0.005 0.003
2 0.305 0.293 0.004 0.004
2 0.846 0.292 0.006 0.003
2 0.589 0.263 0.004 0.004
2 0.596 0.260 0.003 0.002
2 0.811 0.262 0.020 0.007
2 0.576 0.257 0.003 0.002
2 0.535 0.251 0.003 0.001
2 0.748 0.249 0.005 0.002
2 0.544 0.247 0.002 0.002
2 0.532 0.248 0.004 0.004
2 0.760 0.246 0.004 0.002
2 0.634 0.246 0.003 0.002
2 0.679 0.246 0.008 0.003
2 0.775 0.249 0.011 0.010
2 0.795 0.244 0.005 0.003
2 0.764 0.242 0.006 0.002
2 0.735 0.241 0.005 0.003
2 0.602 0.240 0.004 0.002
2 0.755 0.240 0.021 0.008
2 0.667 0.234 0.006 0.004
2 0.789 0.237 0.017 0.011
2 0.780 0.233 0.004 0.005
2 0.770 0.231 0.005 0.003
2 0.751 0.231 0.008 0.006
2 0.687 0.229 0.004 0.003
2 0.652 0.229 0.005 0.002
2 0.776 0.227 0.004 0.002
2 0.710 0.225 0.004 0.003
2 0.646 0.224 0.004 0.003
2 0.682 0.224 0.010 0.004
2 0.707 0.220 0.004 0.003
2 0.459 0.219 0.006 0.003
2 0.808 0.225 0.026 0.017
2 0.415 0.211 0.008 0.003
2 0.409 0.208 0.007 0.002
2 0.641 0.207 0.006 0.004
2 0.415 0.206 0.004 0.003
2 0.430 0.202 0.005 0.003
2 0.431 0.197 0.010 0.006
2 0.592 0.191 0.006 0.002
2 0.611 0.190 0.005 0.003
2 0.594 0.189 0.004 0.002
2 0.667 0.170 0.008 0.003
2 0.624 0.170 0.006 0.004
2 0.685 0.168 0.015 0.006
2 0.662 0.165 0.009 0.003
2 0.643 0.169 0.027 0.010
2 0.629 0.164 0.004 0.003
2 0.678 0.164 0.009 0.007
2 0.569 0.160 0.009 0.006
2 0.680 0.157 0.008 0.003
2 0.698 0.158 0.013 0.006
2 0.638 0.156 0.003 0.002
2 0.520 0.154 0.006 0.004
2 0.691 0.153 0.005 0.003
2 0.624 0.155 0.014 0.007
2 0.696 0.151 0.004 0.002
2 0.660 0.150 0.003 0.003
2 0.712 0.149 0.005 0.002
2 0.639 0.148 0.004 0.003
2 0.624 0.147 0.006 0.005
2 0.641 0.144 0.004 0.002
2 0.677 0.146 0.018 0.011
2 0.663 0.142 0.004 0.003
2 0.595 0.140 0.006 0.003
2 0.750 0.141 0.005 0.003
2 0.668 0.138 0.007 0.004
2 0.705 0.139 0.013 0.005
2 0.729 0.137 0.008 0.002
2 0.721 0.138 0.015 0.008
2 0.496 0.085 0.009 0.006
2 0.684 0.047 0.019 0.007
2 0.699 0.032 0.025 0.007
1 0.637 0.648 0.033 0.011
1 0.565 0.626 0.020 0.013
1 0.582 0.621 0.012 0.006
1 0.884 0.619 0.024 0.008
1 0.341 0.613 0.013 0.007
1 0.449 0.610 0.013 0.005
1 0.814 0.586 0.016 0.010
1 0.315 0.583 0.010 0.008
1 0.675 0.546 0.008 0.005
1 0.650 0.543 0.010 0.005
1 0.534 0.528 0.013 0.008
1 0.324 0.517 0.009 0.006
1 0.225 0.491 0.009 0.011
1 0.455 0.484 0.017 0.010
1 0.370 0.444 0.021 0.008
1 0.269 0.454 0.051 0.040
1 0.462 0.444 0.065 0.021
1 0.156 0.430 0.033 0.028
1 0.129 0.419 0.029 0.030
1 0.253 0.400 0.009 0.006
1 0.267 0.382 0.010 0.010
1 0.162 0.368 0.010 0.005
1 0.518 0.368 0.008 0.007
1 0.276 0.364 0.011 0.006
1 0.376 0.362 0.010 0.010
1 0.575 0.358 0.009 0.002
1 0.179 0.344 0.032 0.017
1 0.160 0.333 0.013 0.009
1 0.138 0.322 0.021 0.019
1 0.511 0.238 0.008 0.008
1 0.292 0.129 0.035 0.022
1 0.628 0.103 0.011 0.007
1 0.908 0.038 0.084 0.029
1 0.870 0.019 0.013 0.007
0 0.943 0.646 0.006 0.004
0 0.984 0.644 0.006 0.004
0 0.322 0.627 0.005 0.003
0 1.063 0.619 0.009 0.004
0 0.554 0.610 0.008 0.005
0 0.830 0.608 0.006 0.003
0 0.544 0.607 0.005 0.003
0 0.274 0.590 0.005 0.004
0 0.617 0.586 0.005 0.003
0 0.573 0.582 0.005 0.004
0 0.608 0.582 0.008 0.005
0 0.561 0.580 0.005 0.003
0 0.285 0.580 0.005 0.003
0 0.637 0.579 0.004 0.003
0 0.273 0.578 0.005 0.003
0 0.651 0.549 0.004 0.003
0 0.616 0.549 0.004 0.003
0 0.359 0.541 0.006 0.004
0 0.366 0.537 0.009 0.005
0 0.380 0.536 0.005 0.003
0 0.293 0.529 0.004 0.003
0 0.593 0.528 0.005 0.003
0 0.608 0.527 0.004 0.003
0 0.235 0.526 0.003 0.002
0 0.600 0.524 0.005 0.004
0 0.583 0.517 0.005 0.004
0 0.216 0.516 0.003 0.002
0 0.189 0.509 0.005 0.003
0 0.485 0.507 0.004 0.002
0 0.201 0.507 0.003 0.003
0 0.625 0.507 0.009 0.005
0 0.743 0.505 0.003 0.003
0 0.492 0.498 0.006 0.004
0 0.245 0.487 0.009 0.005
0 0.160 0.464 0.003 0.003
0 0.994 0.452 0.004 0.002
0 0.397 0.446 0.007 0.003
0 0.205 0.431 0.008 0.006
0 0.512 0.402 0.011 0.006
0 0.681 0.403 0.011 0.008
0 0.795 0.389 0.005 0.003
0 0.873 0.383 0.004 0.002
0 0.211 0.380 0.008 0.006
0 0.123 0.379 0.012 0.008
0 1.012 0.376 0.004 0.003
0 0.449 0.376 0.012 0.008
0 0.767 0.373 0.005 0.003
0 0.489 0.374 0.004 0.004
0 0.426 0.365 0.003 0.002
0 0.198 0.365 0.005 0.003
0 0.621 0.363 0.003 0.002
0 0.455 0.363 0.006 0.005
0 0.524 0.359 0.003 0.002
0 0.276 0.356 0.006 0.005
0 0.139 0.355 0.005 0.004
0 0.521 0.354 0.004 0.003
0 0.515 0.351 0.006 0.004
0 0.414 0.349 0.004 0.003
0 0.522 0.347 0.006 0.004
0 0.565 0.344 0.002 0.002
0 0.417 0.344 0.004 0.003
0 0.116 0.337 0.004 0.002
0 0.264 0.326 0.003 0.002
0 0.726 0.317 0.005 0.004
0 0.730 0.314 0.004 0.003
0 0.230 0.314 0.008 0.006
0 0.520 0.304 0.007 0.004
0 0.958 0.299 0.006 0.004
0 1.038 0.294 0.005 0.003
0 0.947 0.288 0.003 0.002
0 0.275 0.288 0.004 0.003
0 0.456 0.288 0.005 0.003
0 0.760 0.288 0.008 0.004
0 0.744 0.286 0.003 0.002
0 0.564 0.288 0.010 0.005
0 0.297 0.285 0.004 0.003
0 0.932 0.266 0.005 0.003
0 0.550 0.260 0.004 0.003
0 0.341 0.257 0.005 0.003
0 0.218 0.257 0.005 0.003
0 0.881 0.256 0.006 0.004
0 0.384 0.250 0.005 0.003
0 0.201 0.248 0.004 0.003
0 0.658 0.247 0.003 0.002
0 0.360 0.245 0.005 0.004
0 0.788 0.229 0.006 0.003
0 0.565 0.223 0.004 0.003
0 0.660 0.215 0.004 0.003
0 0.552 0.212 0.004 0.003
0 0.697 0.207 0.004 0.003
0 0.362 0.178 0.007 0.005
0 0.641 0.164 0.004 0.003
0 0.381 0.160 0.005 0.003
0 0.556 0.160 0.007 0.004
0 0.652 0.155 0.004 0.003
0 0.562 0.148 0.004 0.003
0 0.568 0.147 0.004 0.002
0 0.475 0.141 0.005 0.004
0 0.282 0.126 0.004 0.002
0 0.348 0.123 0.018 0.011
0 1.074 0.114 0.012 0.009
0 1.041 0.107 0.009 0.006
0 0.549 0.066 0.005 0.003
0 0.712 0.050 0.005 0.003
0 0.346 0.028 0.009 0.007
0 1.001 0.027 0.009 0.006
4 1.144 0.329 0.175 0.119
