2 0.271 0.822 0.023 0.023
2 0.225 0.582 0.023 0.029
2 0.020 0.513 0.026 0.011
2 0.007 0.498 0.014 0.008
2 0.199 0.167 0.023 0.044
1 0.003 0.973 0.006 0.008
1 0.010 0.969 0.007 0.008
1 0.284 0.952 0.007 0.008
1 0.012 0.952 0.007 0.010
1 0.003 0.945 0.007 0.009
1 0.288 0.933 0.015 0.023
1 0.111 0.930 0.013 0.022
1 0.317 0.914 0.017 0.020
1 0.289 0.909 0.019 0.018
1 0.270 0.903 0.010 0.012
1 0.318 0.892 0.013 0.017
1 0.266 0.883 0.008 0.013
1 0.110 0.856 0.007 0.009
1 0.324 0.861 0.046 0.030
1 0.367 0.810 0.007 0.013
1 0.342 0.787 0.012 0.013
1 0.318 0.812 0.037 0.072
1 0.100 0.695 0.015 0.008
1 0.038 0.698 0.019 0.022
1 0.106 0.680 0.014 0.013
1 0.026 0.668 0.023 0.024
1 0.131 0.647 0.011 0.013
1 0.044 0.644 0.010 0.008
1 0.062 0.636 0.010 0.011
1 0.013 0.638 0.026 0.017
1 0.067 0.618 0.018 0.011
1 0.048 0.600 0.011 0.015
0 0.256 0.929 0.007 0.011
0 0.088 0.871 0.010 0.013
0 0.090 0.834 0.009 0.013
0 0.036 0.795 0.009 0.011
0 0.081 0.721 0.006 0.008
0 0.325 0.275 0.011 0.015
0 0.252 0.209 0.007 0.010
4 0.513 0.896 0.231 0.207
