2 0.279 0.767 0.009 0.021
2 0.701 0.657 0.018 0.030
2 0.665 0.656 0.032 0.037
2 0.660 0.612 0.017 0.029
2 0.694 0.613 0.018 0.037
2 0.800 0.523 0.018 0.013
2 0.417 0.521 0.021 0.044
2 0.764 0.515 0.044 0.059
2 0.943 0.489 0.111 0.069
2 0.853 0.453 0.049 0.028
2 0.762 0.431 0.063 0.081
2 0.507 0.349 0.027 0.036
2 0.546 0.272 0.014 0.024
1 0.781 0.829 0.016 0.028
1 0.735 0.815 0.007 0.011
1 0.810 0.803 0.007 0.011
1 0.796 0.795 0.004 0.007
1 0.780 0.798 0.008 0.013
1 0.717 0.790 0.005 0.008
1 0.822 0.788 0.006 0.008
1 0.795 0.771 0.008 0.011
1 0.752 0.759 0.006 0.012
1 0.794 0.745 0.007 0.006
1 0.837 0.736 0.006 0.008
1 0.733 0.732 0.004 0.005
1 0.810 0.730 0.009 0.012
1 0.858 0.719 0.004 0.011
1 0.719 0.747 0.023 0.068
1 0.808 0.711 0.007 0.007
1 0.728 0.709 0.007 0.011
1 0.767 0.705 0.004 0.006
1 0.731 0.700 0.003 0.006
1 0.770 0.696 0.003 0.005
1 0.818 0.693 0.006 0.005
1 0.842 0.693 0.007 0.010
1 0.835 0.687 0.007 0.008
1 0.728 0.684 0.008 0.015
1 0.786 0.680 0.005 0.011
1 0.754 0.693 0.034 0.044
1 0.861 0.676 0.010 0.010
1 0.835 0.674 0.016 0.016
1 0.819 0.667 0.009 0.011
1 0.841 0.663 0.008 0.012
1 0.728 0.657 0.006 0.008
1 0.849 0.647 0.005 0.008
1 0.828 0.647 0.007 0.011
1 0.812 0.631 0.006 0.008
1 0.840 0.632 0.016 0.022
1 0.853 0.626 0.013 0.019
1 0.872 0.599 0.005 0.008
1 0.869 0.612 0.015 0.034
1 0.837 0.596 0.006 0.005
1 0.775 0.587 0.030 0.031
1 0.865 0.581 0.009 0.025
1 0.722 0.542 0.009 0.021
1 0.686 0.538 0.014 0.019
1 0.733 0.530 0.011 0.016
1 0.859 0.531 0.012 0.022
1 0.691 0.519 0.006 0.025
1 0.719 0.512 0.016 0.032
1 0.793 0.287 0.006 0.009
0 0.238 0.934 0.006 0.008
0 0.249 0.723 0.006 0.010
0 0.361 0.713 0.012 0.021
0 0.788 0.618 0.007 0.011
0 0.831 0.567 0.011 0.014
0 0.413 0.569 0.008 0.018
0 0.445 0.559 0.008 0.011
0 0.645 0.505 0.008 0.011
0 0.432 0.461 0.007 0.011
0 0.559 0.425 0.006 0.009
0 0.500 0.375 0.008 0.012
3 0.797 0.517 0.051 0.102
3 0.584 0.092 0.075 0.040
