2 0.350 0.620 0.007 0.010
2 0.376 0.616 0.005 0.003
2 0.355 0.616 0.003 0.003
2 0.345 0.610 0.004 0.004
2 0.381 0.606 0.007 0.009
2 0.349 0.600 0.004 0.002
2 0.385 0.598 0.005 0.003
2 0.337 0.596 0.006 0.004
2 0.340 0.590 0.004 0.003
2 0.354 0.593 0.012 0.010
2 0.378 0.590 0.015 0.009
2 0.371 0.586 0.007 0.003
2 0.369 0.571 0.004 0.003
2 0.349 0.570 0.005 0.003
2 0.464 0.559 0.003 0.002
2 0.659 0.551 0.007 0.007
2 0.344 0.532 0.003 0.002
2 0.417 0.511 0.009 0.006
2 0.426 0.510 0.004 0.005
2 0.434 0.507 0.007 0.006
2 0.585 0.502 0.004 0.005
2 0.406 0.498 0.004 0.002
2 0.413 0.502 0.017 0.012
2 0.461 0.497 0.005 0.003
2 0.410 0.495 0.005 0.003
2 0.440 0.490 0.004 0.004
2 0.415 0.489 0.007 0.007
2 0.453 0.487 0.016 0.005
2 0.402 0.489 0.017 0.010
2 0.420 0.485 0.005 0.003
2 0.429 0.485 0.008 0.005
2 0.427 0.482 0.008 0.004
2 0.210 0.480 0.007 0.005
2 0.800 0.478 0.005 0.003
2 0.398 0.477 0.009 0.006
2 0.797 0.475 0.007 0.006
2 0.431 0.473 0.006 0.004
2 0.454 0.472 0.004 0.003
2 0.462 0.474 0.006 0.008
2 0.469 0.471 0.007 0.007
2 0.440 0.469 0.004 0.003
2 0.453 0.465 0.005 0.003
2 0.845 0.465 0.006 0.003
2 0.429 0.465 0.007 0.005
2 0.325 0.464 0.006 0.003
2 0.165 0.465 0.004 0.006
2 0.465 0.465 0.010 0.006
2 0.440 0.462 0.011 0.006
2 0.421 0.463 0.025 0.017
2 0.172 0.455 0.006 0.004
2 0.470 0.456 0.012 0.008
2 0.451 0.454 0.005 0.005
2 0.225 0.457 0.021 0.017
2 0.159 0.454 0.013 0.016
2 0.243 0.441 0.004 0.003
2 0.347 0.441 0.008 0.003
2 0.329 0.439 0.011 0.007
2 0.312 0.435 0.004 0.002
2 0.357 0.436 0.007 0.006
2 0.364 0.432 0.004 0.003
2 0.196 0.437 0.018 0.012
2 0.329 0.431 0.004 0.002
2 0.285 0.430 0.004 0.002
2 0.189 0.431 0.005 0.005
2 0.238 0.429 0.004 0.003
2 0.200 0.426 0.005 0.003
2 0.346 0.427 0.017 0.014
2 0.317 0.425 0.023 0.013
2 0.232 0.415 0.004 0.002
2 0.299 0.415 0.002 0.002
2 0.287 0.411 0.004 0.003
2 0.327 0.411 0.004 0.003
2 0.664 0.410 0.004 0.003
2 0.309 0.407 0.004 0.003
2 0.232 0.406 0.008 0.005
2 0.307 0.402 0.004 0.002
2 0.552 0.403 0.004 0.004
2 0.240 0.403 0.011 0.010
2 0.210 0.398 0.008 0.003
2 0.287 0.400 0.015 0.008
2 0.265 0.398 0.008 0.005
2 0.445 0.398 0.009 0.005
2 0.309 0.394 0.023 0.010
2 0.279 0.388 0.002 0.002
2 0.324 0.387 0.004 0.003
2 0.312 0.387 0.005 0.003
2 0.318 0.385 0.006 0.002
2 0.450 0.387 0.018 0.009
2 0.331 0.384 0.007 0.006
2 0.323 0.382 0.003 0.002
2 0.270 0.381 0.023 0.011
2 0.251 0.376 0.007 0.003
2 0.315 0.375 0.005 0.003
2 0.324 0.374 0.012 0.004
2 0.263 0.371 0.009 0.003
2 0.605 0.370 0.003 0.002
2 0.237 0.372 0.011 0.007
2 0.650 0.368 0.004 0.002
2 0.315 0.368 0.004 0.002
2 0.327 0.367 0.007 0.004
2 0.319 0.365 0.004 0.003
2 0.346 0.361 0.005 0.003
2 0.355 0.360 0.004 0.002
2 0.574 0.362 0.017 0.009
2 0.559 0.358 0.004 0.003
2 0.334 0.358 0.004 0.003
2 0.548 0.353 0.002 0.002
2 0.544 0.353 0.004 0.002
2 0.553 0.353 0.003 0.002
2 0.225 0.356 0.012 0.012
2 0.548 0.350 0.004 0.002
2 0.261 0.349 0.005 0.003
2 0.553 0.348 0.002 0.002
2 0.350 0.350 0.006 0.007
2 0.336 0.349 0.018 0.007
2 0.608 0.345 0.004 0.003
2 0.594 0.345 0.004 0.002
2 0.247 0.349 0.013 0.014
2 0.541 0.342 0.003 0.002
2 0.331 0.338 0.015 0.006
2 0.546 0.334 0.003 0.002
2 0.254 0.339 0.018 0.015
2 0.352 0.339 0.027 0.019
2 0.507 0.330 0.005 0.003
2 0.240 0.331 0.008 0.007
2 0.529 0.328 0.004 0.003
2 0.130 0.328 0.004 0.003
2 0.328 0.324 0.017 0.005
2 0.311 0.323 0.009 0.010
2 0.263 0.319 0.007 0.003
2 0.259 0.316 0.004 0.002
2 0.272 0.316 0.011 0.004
2 0.564 0.314 0.005 0.003
2 0.321 0.315 0.009 0.005
2 0.491 0.315 0.004 0.005
2 0.567 0.311 0.004 0.003
2 0.535 0.309 0.006 0.006
2 0.563 0.308 0.004 0.003
2 0.387 0.309 0.014 0.007
2 0.246 0.307 0.011 0.005
2 0.642 0.304 0.004 0.003
2 0.571 0.306 0.013 0.008
2 0.514 0.303 0.007 0.007
2 0.555 0.307 0.011 0.015
2 0.580 0.299 0.008 0.007
2 0.597 0.298 0.006 0.005
2 0.544 0.300 0.015 0.009
2 0.503 0.295 0.013 0.015
2 0.357 0.304 0.038 0.034
2 0.353 0.286 0.009 0.006
2 0.272 0.288 0.030 0.011
2 0.343 0.285 0.006 0.006
2 0.294 0.284 0.009 0.004
2 0.367 0.284 0.008 0.005
2 0.520 0.283 0.005 0.004
2 0.707 0.282 0.005 0.004
2 0.351 0.276 0.005 0.003
2 0.238 0.274 0.003 0.002
2 0.577 0.274 0.016 0.011
2 0.539 0.270 0.013 0.006
2 0.689 0.261 0.006 0.004
2 0.581 0.262 0.008 0.007
2 0.574 0.251 0.007 0.003
2 0.503 0.248 0.006 0.006
2 0.590 0.252 0.017 0.016
2 0.516 0.244 0.009 0.005
2 0.494 0.245 0.010 0.006
2 0.570 0.244 0.008 0.007
2 0.538 0.239 0.005 0.004
2 0.487 0.239 0.009 0.007
2 0.529 0.237 0.011 0.007
2 0.474 0.237 0.009 0.007
2 0.617 0.228 0.007 0.005
2 0.535 0.226 0.011 0.008
2 0.616 0.220 0.012 0.005
2 0.319 0.202 0.015 0.016
2 0.284 0.190 0.004 0.005
2 0.297 0.196 0.036 0.020
2 0.375 0.187 0.004 0.003
2 0.268 0.183 0.011 0.007
2 0.215 0.178 0.006 0.006
2 0.322 0.174 0.008 0.005
2 0.214 0.167 0.009 0.006
2 0.286 0.170 0.028 0.016
2 0.307 0.167 0.007 0.011
2 0.267 0.164 0.006 0.006
2 1.214 0.161 0.005 0.004
2 1.183 0.155 0.006 0.003
2 1.196 0.149 0.005 0.005
2 1.219 0.149 0.012 0.006
2 1.229 0.141 0.003 0.002
2 1.192 0.138 0.008 0.004
2 1.206 0.134 0.005 0.003
2 0.902 0.051 0.010 0.005
2 0.910 0.040 0.007 0.005
2 0.902 0.035 0.009 0.007
2 1.033 0.025 0.013 0.004
2 0.761 0.023 0.008 0.005
2 0.918 0.019 0.013 0.013
2 0.907 0.014 0.004 0.004
2 0.653 0.013 0.006 0.004
2 1.052 0.013 0.011 0.009
2 0.887 0.015 0.019 0.014
2 0.635 0.009 0.011 0.007
2 0.995 0.009 0.012 0.008
2 0.649 0.002 0.008 0.004
2 0.613 0.003 0.008 0.005
2 0.634 0.002 0.007 0.004
1 0.933 0.658 0.016 0.004
1 0.394 0.578 0.010 0.007
1 0.263 0.540 0.013 0.012
1 1.197 0.531 0.012 0.012
1 0.215 0.534 0.033 0.019
1 0.277 0.521 0.016 0.006
1 0.221 0.516 0.039 0.015
1 0.393 0.505 0.007 0.002
1 0.185 0.508 0.015 0.011
1 0.371 0.500 0.017 0.010
1 0.211 0.502 0.032 0.017
1 0.447 0.496 0.014 0.009
1 0.160 0.476 0.013 0.008
1 0.221 0.420 0.010 0.012
1 0.516 0.406 0.015 0.011
1 1.269 0.407 0.019 0.024
1 0.417 0.398 0.013 0.018
1 0.399 0.382 0.011 0.005
1 0.367 0.377 0.015 0.013
1 0.293 0.360 0.006 0.003
1 0.254 0.359 0.016 0.006
1 0.322 0.353 0.006 0.004
1 0.185 0.335 0.012 0.008
1 0.657 0.333 0.015 0.006
1 0.415 0.333 0.011 0.009
1 0.325 0.331 0.024 0.011
1 0.279 0.329 0.023 0.015
1 0.683 0.322 0.017 0.007
1 0.193 0.318 0.006 0.005
1 0.188 0.317 0.009 0.009
1 0.618 0.314 0.028 0.015
1 0.284 0.309 0.012 0.006
1 0.212 0.308 0.013 0.010
1 0.666 0.303 0.020 0.014
1 0.106 0.296 0.007 0.011
1 0.311 0.293 0.041 0.019
1 0.630 0.285 0.034 0.023
1 0.492 0.262 0.010 0.007
1 0.542 0.254 0.024 0.013
1 0.282 0.257 0.037 0.019
1 0.297 0.243 0.005 0.007
1 0.549 0.231 0.015 0.013
1 0.423 0.225 0.013 0.006
1 0.865 0.185 0.012 0.008
1 0.772 0.147 0.030 0.017
1 0.429 0.144 0.018 0.010
1 0.225 0.143 0.013 0.016
1 0.494 0.132 0.009 0.005
1 0.407 0.094 0.012 0.007
1 0.976 0.027 0.016 0.012
1 0.698 0.024 0.019 0.009
1 0.950 0.030 0.035 0.032
1 0.700 0.003 0.021 0.006
0 0.535 0.649 0.005 0.003
0 0.545 0.649 0.008 0.007
0 0.924 0.647 0.009 0.006
0 0.827 0.642 0.004 0.003
0 0.935 0.635 0.006 0.004
0 0.959 0.624 0.009 0.004
0 0.413 0.618 0.007 0.004
0 0.361 0.600 0.004 0.003
0 0.368 0.597 0.004 0.002
0 0.642 0.594 0.004 0.003
0 0.399 0.592 0.008 0.005
0 0.327 0.568 0.008 0.006
0 0.361 0.559 0.006 0.004
0 0.323 0.553 0.004 0.003
0 0.730 0.548 0.006 0.003
0 0.232 0.545 0.010 0.006
0 0.650 0.540 0.007 0.004
0 0.659 0.538 0.005 0.003
0 1.083 0.523 0.006 0.004
0 0.979 0.513 0.005 0.003
0 0.763 0.508 0.009 0.006
0 0.835 0.499 0.005 0.003
0 0.171 0.491 0.007 0.004
0 0.835 0.488 0.004 0.003
0 0.179 0.482 0.007 0.005
0 0.851 0.473 0.008 0.006
0 0.210 0.454 0.008 0.007
0 0.200 0.451 0.005 0.003
0 0.169 0.424 0.006 0.003
0 0.622 0.417 0.006 0.003
0 0.366 0.417 0.008 0.007
0 1.085 0.411 0.006 0.004
0 0.261 0.409 0.004 0.003
0 0.488 0.396 0.011 0.007
0 0.883 0.384 0.013 0.007
0 0.335 0.380 0.003 0.002
0 0.403 0.363 0.004 0.003
0 0.333 0.363 0.005 0.003
0 0.327 0.356 0.004 0.003
0 0.292 0.354 0.004 0.003
0 0.657 0.347 0.006 0.004
0 0.324 0.345 0.004 0.002
0 0.226 0.340 0.007 0.006
0 0.672 0.338 0.006 0.004
0 0.340 0.327 0.004 0.003
0 0.430 0.327 0.007 0.006
0 0.173 0.326 0.006 0.004
0 0.210 0.322 0.006 0.005
0 0.299 0.314 0.005 0.003
0 0.856 0.303 0.011 0.006
0 0.772 0.287 0.005 0.003
0 0.756 0.285 0.005 0.003
0 0.279 0.275 0.006 0.004
0 0.550 0.263 0.005 0.003
0 0.163 0.257 0.007 0.004
0 0.660 0.257 0.007 0.005
0 0.389 0.249 0.007 0.005
0 0.552 0.247 0.004 0.004
0 0.300 0.212 0.008 0.005
0 1.153 0.210 0.007 0.005
0 0.345 0.194 0.008 0.005
0 0.227 0.190 0.010 0.007
0 0.883 0.179 0.005 0.003
0 0.307 0.151 0.004 0.003
0 0.417 0.133 0.007 0.004
0 0.252 0.121 0.006 0.004
0 0.366 0.118 0.006 0.003
0 1.186 0.111 0.007 0.005
0 1.102 0.105 0.004 0.002
0 0.337 0.100 0.002 0.001
0 0.785 0.093 0.011 0.007
0 0.401 0.082 0.010 0.007
0 1.049 0.080 0.008 0.006
0 0.498 0.058 0.008 0.004
0 1.000 0.058 0.008 0.004
0 0.362 0.057 0.007 0.005
0 0.284 0.050 0.011 0.007
0 1.049 0.043 0.008 0.005
0 0.587 0.040 0.006 0.004
0 0.737 0.003 0.008 0.006
4 1.032 0.332 0.179 0.129
3 0.637 0.505 0.034 0.041
3 1.188 0.314 0.049 0.031
3 1.070 0.076 0.051 0.047
