2 0.417 0.859 0.032 0.041
2 0.307 0.676 0.018 0.056
2 0.018 0.517 0.017 0.018
2 0.012 0.504 0.024 0.021
2 0.050 0.500 0.012 0.018
2 0.395 0.487 0.012 0.037
2 0.020 0.438 0.017 0.020
2 0.206 0.399 0.008 0.022
2 0.406 0.392 0.026 0.071
2 0.375 0.321 0.033 0.054
2 0.084 0.222 0.013 0.013
1 0.000 0.428 0.001 0.007
1 0.058 0.355 0.004 0.010
1 0.067 0.353 0.004 0.016
1 0.061 0.305 0.007 0.015
1 0.025 0.292 0.006 0.009
1 0.101 0.290 0.005 0.008
1 0.090 0.289 0.005 0.015
1 0.016 0.284 0.004 0.007
1 0.000 0.270 0.000 0.001
1 0.621 0.140 0.012 0.014
1 0.573 0.099 0.004 0.006
1 0.555 0.096 0.011 0.011
1 0.711 0.113 0.018 0.058
1 0.550 0.037 0.018 0.018
1 0.596 0.033 0.019 0.020
1 0.630 0.023 0.006 0.009
1 0.564 0.008 0.006 0.015
0 0.172 0.927 0.016 0.023
0 0.104 0.914 0.007 0.013
0 0.090 0.889 0.006 0.012
0 0.285 0.847 0.011 0.015
0 0.122 0.824 0.007 0.012
0 0.034 0.473 0.005 0.009
0 0.357 0.446 0.009 0.018
0 0.024 0.378 0.004 0.008
0 0.084 0.337 0.005 0.013
0 0.446 0.310 0.009 0.013
0 0.419 0.257 0.014 0.016
0 0.103 0.190 0.005 0.008
0 0.089 0.118 0.015 0.015
0 0.151 0.083 0.004 0.009
0 0.098 0.060 0.007 0.011
0 0.126 0.055 0.004 0.006
0 0.683 0.048 0.011 0.014
0 0.169 0.009 0.007 0.008
4 0.325 0.083 0.237 0.165
3 0.047 0.102 0.076 0.098
