0 1.178020 0.628148 0.004916 0.003498
0 0.762816 0.612873 0.005969 0.004198
0 0.705407 0.572178 0.004916 0.002099
0 1.219628 0.559701 0.003862 0.002799
0 1.078301 0.553288 0.007725 0.004431
0 1.216643 0.543610 0.004916 0.003265
0 0.798982 0.538596 0.005267 0.003032
0 0.276685 0.518074 0.010534 0.007229
0 1.069522 0.497551 0.005618 0.003498
0 1.098666 0.408349 0.007022 0.004198
0 0.885358 0.322062 0.006671 0.003731
0 0.968926 0.310868 0.005969 0.005597
0 1.074087 0.116954 0.003511 0.002099
0 1.064607 0.117771 0.005618 0.004198
0 1.058287 0.114506 0.005618 0.003265
0 1.103230 0.113456 0.004213 0.003032
0 0.982444 0.033932 0.005618 0.003498
1 0.276685 0.539646 0.016854 0.015858
1 0.869382 0.357743 0.016854 0.008396
1 0.483322 0.251399 0.022121 0.007929
1 1.022999 0.137710 0.057935 0.037080
1 1.077598 0.108209 0.018258 0.013060
1 0.297928 0.091884 0.022121 0.019123
1 0.991749 0.031367 0.012992 0.004431
2 0.474192 0.626982 0.006671 0.004897
2 0.862008 0.379548 0.011236 0.009095
2 0.869382 0.376166 0.007022 0.006530
2 0.843048 0.373834 0.002809 0.003265
2 0.845330 0.370219 0.007374 0.005364
2 0.878862 0.370219 0.011236 0.006763
2 0.830758 0.367771 0.008427 0.003731
2 0.833567 0.361940 0.004213 0.003731
2 0.855864 0.366721 0.036166 0.013759
2 0.846910 0.358326 0.007022 0.003965
2 0.196454 0.189132 0.007374 0.004198
2 0.491046 0.045476 0.010885 0.006063
3 0.392029 0.346315 0.218048 0.159515
