2 0.951 0.986 0.004 0.006
2 0.935 0.975 0.008 0.011
2 0.883 0.957 0.008 0.011
2 0.970 0.956 0.007 0.011
2 0.964 0.942 0.007 0.013
2 0.985 0.936 0.004 0.006
2 0.469 0.744 0.006 0.015
2 0.336 0.665 0.011 0.018
2 0.735 0.287 0.005 0.010
2 0.525 0.283 0.005 0.013
2 0.743 0.248 0.005 0.015
2 0.341 0.225 0.007 0.008
2 0.357 0.220 0.005 0.014
2 0.390 0.210 0.005 0.008
2 0.567 0.214 0.016 0.024
2 0.743 0.208 0.011 0.016
2 0.585 0.214 0.016 0.030
2 0.399 0.199 0.004 0.012
2 0.374 0.199 0.006 0.012
2 0.382 0.194 0.007 0.009
2 0.405 0.195 0.005 0.014
2 0.590 0.190 0.004 0.011
2 0.399 0.186 0.005 0.009
2 0.616 0.158 0.007 0.012
2 0.381 0.159 0.012 0.017
2 0.632 0.145 0.005 0.010
2 0.421 0.146 0.007 0.012
2 0.309 0.142 0.006 0.015
2 0.625 0.061 0.008 0.009
1 0.418 0.752 0.030 0.057
1 0.631 0.517 0.030 0.030
0 0.450 0.824 0.011 0.021
0 0.477 0.397 0.011 0.017
0 0.802 0.085 0.008 0.015
0 0.833 0.077 0.007 0.011
0 0.822 0.045 0.007 0.013
3 0.977 0.849 0.033 0.050
