2 0.741 0.556 0.007 0.004
2 0.690 0.555 0.009 0.006
2 0.746 0.547 0.018 0.011
2 0.526 0.548 0.024 0.023
2 0.685 0.536 0.011 0.006
2 0.711 0.538 0.025 0.012
2 0.836 0.531 0.012 0.016
2 0.802 0.526 0.011 0.009
2 0.778 0.530 0.017 0.026
2 0.716 0.519 0.011 0.009
2 0.663 0.514 0.028 0.018
2 0.849 0.506 0.011 0.006
2 0.871 0.501 0.006 0.004
2 0.832 0.503 0.019 0.010
2 0.676 0.500 0.015 0.009
2 0.819 0.496 0.011 0.007
2 0.450 0.495 0.014 0.005
2 0.737 0.512 0.039 0.040
2 0.700 0.501 0.030 0.019
2 0.810 0.487 0.011 0.010
2 0.725 0.484 0.008 0.005
2 0.423 0.484 0.009 0.007
2 0.838 0.483 0.027 0.008
2 0.645 0.482 0.009 0.007
2 0.680 0.485 0.028 0.016
2 0.862 0.479 0.009 0.007
2 0.780 0.479 0.019 0.016
2 0.450 0.472 0.008 0.005
2 0.733 0.471 0.007 0.006
2 0.695 0.470 0.013 0.006
2 0.779 0.468 0.009 0.006
2 0.855 0.468 0.030 0.017
2 0.917 0.461 0.005 0.004
2 0.840 0.460 0.007 0.005
2 0.766 0.463 0.010 0.010
2 0.348 0.461 0.011 0.009
2 0.860 0.455 0.011 0.006
2 0.768 0.482 0.058 0.062
2 0.880 0.452 0.006 0.006
2 0.794 0.449 0.006 0.003
2 0.870 0.447 0.009 0.007
2 0.753 0.447 0.031 0.015
2 0.791 0.435 0.007 0.005
2 0.412 0.435 0.020 0.015
2 0.803 0.428 0.008 0.003
2 0.762 0.434 0.019 0.015
2 0.821 0.423 0.014 0.009
2 0.732 0.339 0.003 0.002
2 0.740 0.339 0.009 0.007
2 0.749 0.329 0.004 0.003
2 0.740 0.327 0.003 0.002
2 0.727 0.327 0.006 0.003
2 0.755 0.323 0.005 0.003
2 0.761 0.322 0.005 0.003
2 0.728 0.319 0.006 0.002
2 0.966 0.316 0.006 0.003
2 0.762 0.316 0.006 0.003
2 0.742 0.317 0.012 0.007
2 0.755 0.314 0.006 0.003
2 0.529 0.309 0.010 0.006
2 0.970 0.310 0.011 0.008
2 0.836 0.309 0.010 0.007
2 0.991 0.304 0.013 0.007
2 0.971 0.302 0.014 0.006
2 0.956 0.300 0.007 0.004
2 0.211 0.297 0.007 0.004
2 0.992 0.296 0.009 0.006
2 0.953 0.293 0.006 0.004
2 0.643 0.290 0.002 0.001
2 0.646 0.288 0.004 0.002
2 0.506 0.289 0.021 0.009
2 0.835 0.284 0.005 0.003
2 0.997 0.286 0.034 0.010
2 0.624 0.282 0.005 0.003
2 0.633 0.281 0.014 0.010
2 0.645 0.272 0.004 0.002
2 1.029 0.269 0.006 0.004
2 0.625 0.269 0.015 0.008
2 1.010 0.261 0.009 0.004
2 0.642 0.260 0.007 0.003
2 0.992 0.270 0.028 0.024
2 0.617 0.255 0.005 0.003
2 0.597 0.251 0.006 0.002
2 0.524 0.249 0.008 0.007
2 0.510 0.243 0.014 0.006
2 0.598 0.237 0.005 0.004
2 0.828 0.231 0.012 0.003
2 0.781 0.232 0.014 0.007
2 0.626 0.226 0.005 0.002
2 0.540 0.227 0.013 0.006
2 0.832 0.226 0.011 0.004
2 0.643 0.227 0.022 0.007
2 0.527 0.231 0.024 0.017
2 0.543 0.222 0.006 0.003
2 0.722 0.222 0.007 0.006
2 0.772 0.222 0.018 0.008
2 0.851 0.215 0.008 0.004
2 0.786 0.214 0.007 0.003
2 0.621 0.216 0.009 0.007
2 0.800 0.211 0.007 0.004
2 0.757 0.212 0.030 0.006
2 0.566 0.210 0.015 0.011
2 0.804 0.205 0.014 0.004
2 0.540 0.203 0.019 0.008
2 0.789 0.199 0.008 0.005
2 0.740 0.193 0.008 0.003
1 0.484 0.523 0.044 0.026
1 0.406 0.462 0.033 0.027
1 0.367 0.444 0.022 0.016
1 0.313 0.437 0.011 0.011
1 0.344 0.417 0.014 0.007
1 0.191 0.395 0.017 0.003
1 0.957 0.273 0.017 0.008
1 0.298 0.273 0.020 0.010
1 0.694 0.218 0.012 0.004
1 0.700 0.211 0.019 0.008
1 0.922 0.193 0.017 0.010
1 0.768 0.170 0.019 0.004
1 0.758 0.165 0.012 0.003
1 0.903 0.056 0.017 0.014
1 0.505 0.036 0.025 0.019
0 0.741 0.573 0.010 0.006
0 0.446 0.563 0.008 0.006
0 1.185 0.546 0.012 0.008
0 0.811 0.519 0.008 0.005
0 0.771 0.487 0.009 0.005
0 0.815 0.454 0.008 0.005
0 0.459 0.425 0.006 0.004
0 0.864 0.418 0.009 0.006
0 0.301 0.418 0.008 0.006
0 0.749 0.339 0.007 0.005
0 0.946 0.309 0.006 0.003
0 0.819 0.289 0.007 0.004
0 0.820 0.277 0.007 0.004
0 0.780 0.264 0.007 0.003
0 0.814 0.240 0.004 0.003
0 0.525 0.160 0.007 0.004
0 0.998 0.091 0.008 0.005
0 0.943 0.069 0.006 0.003
4 1.139 0.327 0.174 0.128
