2 0.870 0.487 0.008 0.005
2 0.870 0.458 0.004 0.003
2 0.889 0.452 0.009 0.005
2 0.897 0.447 0.017 0.005
2 0.884 0.443 0.004 0.002
2 0.923 0.441 0.003 0.002
2 0.918 0.439 0.003 0.003
2 0.919 0.426 0.003 0.002
2 0.863 0.423 0.004 0.003
2 0.855 0.417 0.004 0.002
2 0.851 0.413 0.012 0.011
2 0.861 0.398 0.002 0.003
2 0.853 0.389 0.004 0.003
2 0.815 0.387 0.002 0.002
2 0.881 0.369 0.012 0.007
2 0.874 0.361 0.004 0.003
2 0.795 0.358 0.015 0.007
2 0.868 0.357 0.007 0.006
2 0.877 0.355 0.005 0.004
2 0.833 0.353 0.017 0.007
2 0.650 0.351 0.005 0.004
2 0.877 0.349 0.006 0.004
2 0.824 0.344 0.012 0.008
2 0.818 0.339 0.003 0.002
2 0.814 0.337 0.004 0.002
2 0.792 0.334 0.004 0.003
2 1.007 0.325 0.004 0.003
2 0.664 0.325 0.006 0.005
2 0.870 0.317 0.005 0.004
2 0.777 0.313 0.004 0.005
2 0.809 0.312 0.009 0.006
2 0.795 0.321 0.031 0.031
2 0.765 0.311 0.012 0.012
2 0.800 0.304 0.004 0.002
2 0.977 0.303 0.004 0.003
2 0.967 0.309 0.012 0.016
2 0.962 0.299 0.002 0.003
2 1.015 0.302 0.012 0.009
2 1.037 0.297 0.003 0.004
2 1.044 0.284 0.003 0.001
2 0.791 0.285 0.006 0.005
2 0.799 0.279 0.006 0.006
2 0.786 0.261 0.006 0.004
2 0.791 0.257 0.006 0.005
2 0.775 0.252 0.010 0.008
2 0.745 0.232 0.006 0.005
2 0.712 0.192 0.010 0.006
2 0.485 0.107 0.002 0.002
2 0.577 0.066 0.004 0.002
1 0.756 0.633 0.035 0.009
1 0.873 0.620 0.027 0.017
1 0.777 0.552 0.041 0.020
1 0.264 0.529 0.067 0.035
1 0.271 0.475 0.065 0.066
1 1.230 0.424 0.046 0.033
1 1.065 0.395 0.022 0.012
1 0.132 0.394 0.040 0.011
1 1.137 0.403 0.056 0.039
1 0.184 0.377 0.048 0.023
1 1.019 0.343 0.019 0.008
1 1.212 0.340 0.026 0.015
1 0.514 0.329 0.027 0.005
1 0.950 0.327 0.028 0.013
1 1.078 0.330 0.116 0.087
1 0.887 0.296 0.028 0.028
1 0.648 0.295 0.046 0.027
1 0.133 0.312 0.070 0.073
1 0.523 0.265 0.029 0.013
1 0.870 0.264 0.038 0.018
1 0.709 0.256 0.018 0.008
1 0.168 0.268 0.028 0.044
1 0.267 0.247 0.035 0.030
1 0.935 0.238 0.025 0.019
1 0.908 0.207 0.016 0.009
1 0.812 0.219 0.043 0.036
1 0.172 0.202 0.028 0.015
1 0.568 0.176 0.018 0.010
1 0.831 0.167 0.013 0.005
1 0.818 0.147 0.014 0.011
1 0.758 0.171 0.102 0.059
1 0.239 0.147 0.009 0.014
1 0.975 0.101 0.035 0.027
1 0.746 0.110 0.155 0.085
0 0.817 0.517 0.005 0.003
0 0.768 0.446 0.007 0.004
0 0.953 0.437 0.011 0.007
0 0.383 0.418 0.007 0.004
0 0.557 0.417 0.004 0.003
0 0.430 0.416 0.005 0.003
0 0.889 0.415 0.008 0.007
0 0.396 0.409 0.007 0.004
0 0.852 0.406 0.007 0.004
0 0.881 0.404 0.009 0.005
0 0.520 0.398 0.004 0.003
0 0.666 0.398 0.008 0.005
0 0.866 0.393 0.007 0.004
0 0.943 0.349 0.009 0.006
0 0.884 0.334 0.006 0.004
0 0.919 0.327 0.006 0.004
0 0.926 0.318 0.005 0.004
0 0.215 0.315 0.009 0.007
0 0.998 0.283 0.004 0.003
0 0.907 0.283 0.007 0.006
0 0.990 0.278 0.005 0.003
0 0.993 0.273 0.006 0.003
0 1.020 0.228 0.011 0.008
0 0.739 0.222 0.004 0.004
0 0.320 0.201 0.006 0.004
0 0.847 0.196 0.010 0.005
0 0.834 0.191 0.005 0.003
0 0.951 0.189 0.003 0.003
0 0.189 0.162 0.005 0.003
0 0.269 0.161 0.016 0.011
0 0.852 0.158 0.006 0.004
0 0.806 0.153 0.005 0.003
0 0.838 0.134 0.012 0.007
0 0.443 0.123 0.006 0.004
0 0.473 0.114 0.005 0.003
0 0.532 0.097 0.008 0.004
0 0.510 0.081 0.006 0.003
0 0.814 0.068 0.004 0.003
0 0.821 0.064 0.004 0.003
0 0.854 0.058 0.005 0.003
0 0.513 0.023 0.004 0.002
0 0.530 0.024 0.009 0.006
4 0.381 0.303 0.158 0.120
3 0.356 0.554 0.082 0.048
3 0.561 0.308 0.035 0.041
3 0.715 0.125 0.018 0.021
