2 0.880 0.245 0.007 0.011
2 0.913 0.232 0.002 0.005
2 0.830 0.225 0.014 0.011
2 0.925 0.222 0.005 0.006
2 0.795 0.201 0.019 0.027
2 0.803 0.165 0.017 0.015
2 0.794 0.139 0.010 0.015
2 0.819 0.132 0.016 0.019
2 0.859 0.111 0.004 0.006
2 0.984 0.116 0.011 0.022
2 0.993 0.113 0.013 0.025
2 0.963 0.104 0.004 0.008
2 0.881 0.093 0.005 0.006
2 0.959 0.093 0.005 0.008
2 0.998 0.090 0.003 0.008
2 0.987 0.093 0.011 0.021
2 0.972 0.094 0.015 0.032
2 0.956 0.079 0.006 0.012
2 0.984 0.061 0.003 0.005
2 0.997 0.050 0.004 0.008
2 0.976 0.046 0.004 0.008
2 0.966 0.042 0.004 0.008
2 0.886 0.039 0.007 0.014
2 0.966 0.031 0.007 0.008
2 0.991 0.027 0.005 0.008
2 0.994 0.015 0.003 0.008
2 0.998 0.012 0.003 0.015
2 0.989 0.007 0.004 0.007
2 0.286 0.007 0.021 0.014
2 0.255 0.000 0.003 0.001
1 0.668 0.831 0.012 0.009
1 0.680 0.811 0.012 0.018
1 0.528 0.549 0.012 0.020
1 0.639 0.540 0.011 0.016
1 0.269 0.490 0.021 0.032
1 0.810 0.313 0.058 0.067
1 0.182 0.215 0.013 0.032
1 0.753 0.161 0.037 0.065
0 0.661 0.823 0.007 0.014
0 0.670 0.817 0.007 0.008
0 0.638 0.806 0.008 0.012
0 0.517 0.657 0.007 0.009
0 0.549 0.649 0.007 0.009
0 0.511 0.639 0.005 0.008
0 0.499 0.618 0.009 0.013
0 0.906 0.542 0.007 0.010
0 0.884 0.497 0.005 0.008
0 0.324 0.406 0.010 0.016
0 0.967 0.314 0.010 0.014
0 0.746 0.246 0.007 0.011
0 0.714 0.215 0.010 0.009
0 0.361 0.189 0.010 0.013
0 0.798 0.083 0.011 0.018
0 0.830 0.070 0.010 0.007
0 0.887 0.004 0.007 0.007
4 0.499 0.050 0.209 0.099
