2 0.214 0.644 0.006 0.008
2 0.085 0.544 0.009 0.008
2 0.355 0.436 0.004 0.013
2 0.358 0.426 0.002 0.007
2 0.359 0.470 0.024 0.097
2 0.359 0.415 0.003 0.007
2 0.353 0.402 0.003 0.007
2 0.351 0.396 0.004 0.005
2 0.349 0.389 0.003 0.004
2 0.365 0.396 0.006 0.021
2 0.353 0.385 0.002 0.005
2 0.368 0.381 0.004 0.005
2 0.359 0.370 0.002 0.005
2 0.375 0.363 0.003 0.005
2 0.349 0.371 0.013 0.022
2 0.350 0.354 0.001 0.003
2 0.359 0.351 0.009 0.023
2 0.352 0.339 0.002 0.004
2 0.350 0.336 0.002 0.004
2 0.331 0.337 0.004 0.006
2 0.340 0.347 0.014 0.027
2 0.346 0.333 0.002 0.003
2 0.322 0.332 0.002 0.007
2 0.316 0.341 0.006 0.025
2 0.327 0.328 0.002 0.004
2 0.313 0.325 0.005 0.007
2 0.319 0.321 0.004 0.011
2 0.314 0.317 0.002 0.004
2 0.396 0.317 0.003 0.005
2 0.200 0.303 0.003 0.005
2 0.392 0.299 0.002 0.003
2 0.300 0.335 0.019 0.078
2 0.165 0.296 0.005 0.004
2 0.288 0.293 0.002 0.003
2 0.294 0.293 0.003 0.005
2 0.302 0.291 0.002 0.002
2 0.304 0.291 0.003 0.004
2 0.370 0.288 0.002 0.004
2 0.166 0.287 0.003 0.003
2 0.377 0.288 0.004 0.005
2 0.162 0.287 0.005 0.005
2 0.290 0.285 0.003 0.004
2 0.392 0.285 0.003 0.008
2 0.386 0.282 0.004 0.003
2 0.361 0.282 0.002 0.004
2 0.176 0.282 0.005 0.004
2 0.156 0.279 0.003 0.004
2 0.398 0.279 0.002 0.005
2 0.380 0.279 0.002 0.005
2 0.160 0.277 0.004 0.004
2 0.304 0.275 0.003 0.004
2 0.471 0.275 0.002 0.005
2 0.393 0.276 0.004 0.006
2 0.360 0.275 0.002 0.006
2 0.366 0.275 0.004 0.006
2 0.374 0.273 0.002 0.003
2 0.288 0.273 0.005 0.007
2 0.219 0.272 0.005 0.006
2 0.361 0.270 0.002 0.002
2 0.160 0.270 0.002 0.004
2 0.307 0.270 0.003 0.005
2 0.294 0.270 0.007 0.011
2 0.362 0.265 0.002 0.004
2 0.303 0.263 0.007 0.008
2 0.146 0.264 0.007 0.011
2 0.363 0.259 0.002 0.002
2 0.392 0.266 0.014 0.017
2 0.297 0.261 0.004 0.007
2 0.376 0.257 0.001 0.002
2 0.210 0.255 0.005 0.006
2 0.318 0.255 0.006 0.009
2 0.372 0.251 0.003 0.008
2 0.209 0.249 0.003 0.004
2 0.477 0.252 0.005 0.010
2 0.335 0.249 0.004 0.007
2 0.152 0.249 0.010 0.008
2 0.204 0.243 0.004 0.003
2 0.386 0.250 0.012 0.020
2 0.330 0.238 0.015 0.014
2 0.325 0.232 0.004 0.004
2 0.349 0.235 0.007 0.011
2 0.304 0.235 0.006 0.015
2 0.193 0.231 0.004 0.006
2 0.361 0.242 0.015 0.029
2 0.358 0.228 0.004 0.005
2 0.379 0.236 0.013 0.025
2 0.371 0.225 0.002 0.003
2 0.349 0.224 0.004 0.004
2 0.334 0.225 0.005 0.008
2 0.360 0.222 0.005 0.006
2 0.378 0.220 0.006 0.007
2 0.366 0.220 0.007 0.009
2 0.354 0.220 0.005 0.009
2 0.375 0.214 0.003 0.004
2 0.350 0.214 0.003 0.005
2 0.374 0.207 0.002 0.003
2 0.378 0.206 0.003 0.005
2 0.352 0.201 0.010 0.016
2 0.467 0.185 0.002 0.007
2 0.219 0.085 0.003 0.005
2 0.218 0.074 0.004 0.005
2 0.225 0.064 0.003 0.003
2 0.660 0.062 0.009 0.007
2 0.211 0.039 0.005 0.006
2 0.660 0.039 0.008 0.009
1 0.246 0.581 0.010 0.017
1 0.179 0.452 0.011 0.019
1 0.453 0.312 0.008 0.012
1 0.350 0.307 0.010 0.008
1 0.336 0.300 0.004 0.010
1 0.343 0.298 0.005 0.012
1 0.205 0.194 0.009 0.009
1 0.492 0.169 0.028 0.044
1 0.367 0.123 0.006 0.007
1 0.459 0.092 0.019 0.020
1 0.684 0.085 0.020 0.036
1 0.386 0.060 0.008 0.009
0 0.238 0.942 0.003 0.004
0 0.245 0.941 0.003 0.004
0 0.205 0.754 0.002 0.004
0 0.199 0.745 0.006 0.008
0 0.141 0.705 0.003 0.005
0 0.194 0.608 0.003 0.006
0 0.134 0.607 0.004 0.006
0 0.241 0.516 0.007 0.009
0 0.162 0.512 0.004 0.008
0 0.174 0.473 0.006 0.008
0 0.196 0.471 0.005 0.007
0 0.181 0.469 0.005 0.007
0 0.227 0.458 0.004 0.006
0 0.257 0.452 0.006 0.006
0 0.288 0.428 0.004 0.005
0 0.297 0.401 0.004 0.007
0 0.093 0.353 0.005 0.006
0 0.138 0.345 0.006 0.006
0 0.337 0.311 0.002 0.004
0 0.180 0.292 0.002 0.004
0 0.338 0.292 0.002 0.004
0 0.327 0.282 0.004 0.007
0 0.334 0.274 0.002 0.003
0 0.186 0.253 0.004 0.006
0 0.768 0.236 0.009 0.016
0 0.546 0.204 0.003 0.005
0 0.231 0.180 0.005 0.006
0 0.224 0.169 0.004 0.005
0 0.206 0.172 0.007 0.010
0 0.550 0.170 0.004 0.007
0 0.398 0.164 0.002 0.003
0 0.770 0.132 0.004 0.007
0 0.392 0.043 0.005 0.008
0 0.486 0.024 0.003 0.004
0 0.486 0.018 0.003 0.004
4 0.667 0.477 0.125 0.224
