2 0.771 0.580 0.005 0.003
2 0.402 0.556 0.004 0.004
2 0.388 0.551 0.007 0.005
2 0.379 0.548 0.006 0.006
2 0.476 0.535 0.007 0.004
2 0.520 0.535 0.007 0.006
2 0.462 0.515 0.004 0.002
2 0.506 0.524 0.042 0.028
2 0.477 0.510 0.004 0.002
2 0.446 0.509 0.007 0.005
2 0.505 0.506 0.004 0.005
2 0.514 0.500 0.005 0.004
2 0.409 0.498 0.013 0.005
2 0.442 0.497 0.004 0.005
2 0.727 0.467 0.018 0.012
2 0.744 0.444 0.025 0.017
2 0.787 0.438 0.006 0.006
2 0.468 0.397 0.008 0.006
2 0.594 0.356 0.008 0.006
2 1.324 0.314 0.017 0.011
2 1.076 0.310 0.006 0.010
2 1.310 0.306 0.004 0.004
2 1.318 0.305 0.005 0.002
2 1.296 0.302 0.005 0.004
2 0.853 0.300 0.008 0.005
2 0.853 0.293 0.004 0.003
2 0.870 0.287 0.003 0.001
2 0.663 0.289 0.006 0.010
2 1.290 0.279 0.005 0.005
2 0.771 0.278 0.005 0.004
2 0.874 0.274 0.004 0.003
2 0.782 0.275 0.004 0.004
2 0.830 0.272 0.005 0.002
2 0.814 0.271 0.004 0.004
2 0.712 0.269 0.004 0.003
2 0.804 0.263 0.004 0.003
2 0.784 0.259 0.008 0.007
2 1.257 0.255 0.004 0.004
2 1.286 0.253 0.004 0.006
2 1.208 0.254 0.009 0.007
2 0.834 0.250 0.004 0.002
2 0.706 0.253 0.015 0.010
2 1.257 0.245 0.008 0.004
2 0.755 0.252 0.026 0.019
2 0.717 0.243 0.003 0.003
2 0.810 0.241 0.003 0.001
2 1.198 0.243 0.009 0.007
2 1.271 0.243 0.005 0.007
2 1.249 0.240 0.014 0.008
2 0.800 0.238 0.008 0.006
2 0.752 0.233 0.006 0.004
2 0.856 0.232 0.006 0.004
2 1.236 0.229 0.005 0.004
2 1.254 0.229 0.006 0.004
2 0.761 0.230 0.007 0.006
2 1.257 0.225 0.004 0.004
2 0.747 0.225 0.011 0.007
2 0.721 0.222 0.005 0.005
2 0.863 0.220 0.006 0.004
2 0.788 0.227 0.037 0.020
2 0.731 0.220 0.010 0.007
2 0.743 0.216 0.004 0.002
2 0.756 0.212 0.004 0.004
2 1.225 0.217 0.022 0.015
2 1.204 0.204 0.007 0.004
2 0.758 0.202 0.003 0.002
2 1.186 0.200 0.006 0.004
2 1.160 0.202 0.012 0.012
2 1.134 0.201 0.006 0.008
2 1.125 0.198 0.005 0.003
2 1.180 0.190 0.006 0.005
2 1.215 0.191 0.031 0.021
2 1.265 0.192 0.037 0.033
2 1.314 0.176 0.006 0.008
2 1.308 0.174 0.004 0.003
2 1.253 0.169 0.005 0.004
2 1.265 0.173 0.017 0.015
2 1.175 0.168 0.023 0.018
2 1.295 0.166 0.015 0.019
2 1.178 0.147 0.006 0.004
2 1.290 0.140 0.015 0.011
2 1.211 0.144 0.016 0.018
2 1.236 0.150 0.048 0.035
2 1.240 0.128 0.005 0.004
2 1.216 0.128 0.007 0.004
2 0.920 0.126 0.002 0.002
2 1.255 0.090 0.027 0.015
2 1.480 0.059 0.009 0.010
2 1.406 0.038 0.014 0.012
1 1.208 0.184 0.027 0.020
1 1.166 0.092 0.100 0.066
0 0.961 0.365 0.014 0.009
0 1.187 0.192 0.006 0.004
0 1.029 0.188 0.006 0.004
0 1.242 0.176 0.014 0.009
4 1.500 0.657 0.011 0.014
