2 0.239 0.932 0.030 0.026
1 0.530 0.556 0.028 0.034
1 0.492 0.545 0.031 0.022
1 0.210 0.517 0.014 0.022
1 0.254 0.496 0.011 0.015
1 0.240 0.397 0.014 0.019
1 0.156 0.356 0.014 0.029
1 0.236 0.346 0.013 0.020
1 0.263 0.317 0.016 0.018
1 0.200 0.326 0.015 0.041
1 0.440 0.295 0.014 0.022
1 0.558 0.287 0.015 0.022
1 0.175 0.281 0.011 0.016
1 0.264 0.284 0.021 0.048
1 0.216 0.266 0.018 0.028
1 0.273 0.223 0.007 0.020
1 0.213 0.210 0.010 0.039
1 0.571 0.209 0.026 0.055
1 0.534 0.170 0.015 0.068
1 0.476 0.098 0.023 0.027
1 0.455 0.094 0.014 0.023
1 0.251 0.063 0.010 0.029
1 0.233 0.059 0.008 0.047
1 0.408 0.033 0.040 0.036
1 0.508 0.008 0.009 0.016
1 0.490 0.001 0.003 0.001
1 0.337 0.011 0.020 0.022
