0 0.759480 0.657766 0.004213 0.003032
0 1.041959 0.615905 0.004565 0.003265
0 0.858673 0.615322 0.003862 0.003032
0 1.031952 0.611590 0.011938 0.008162
0 0.320400 0.606460 0.008076 0.006763
0 1.052142 0.605644 0.011587 0.007463
0 0.719277 0.573927 0.007374 0.004664
0 0.490344 0.516674 0.007374 0.005364
0 1.186622 0.514576 0.008076 0.004431
0 0.475597 0.489855 0.006671 0.004431
0 0.204881 0.481227 0.008778 0.006763
0 0.377282 0.461754 0.005267 0.003731
0 0.407128 0.421642 0.005267 0.003731
0 0.837430 0.418610 0.005618 0.003731
0 0.407654 0.401236 0.007022 0.004431
0 0.515274 0.400770 0.008076 0.006297
0 0.681531 0.395056 0.004916 0.003265
0 0.687851 0.367071 0.004916 0.003265
0 0.821454 0.346665 0.003862 0.002565
0 0.804600 0.345849 0.003160 0.001866
0 0.781952 0.337104 0.003511 0.002565
0 0.690485 0.307836 0.004565 0.003265
0 0.765449 0.282066 0.004916 0.003498
0 0.619382 0.280784 0.003511 0.002332
0 0.756145 0.281483 0.006671 0.004198
0 0.760709 0.278801 0.003160 0.002099
0 0.611657 0.273088 0.006320 0.004664
0 0.689431 0.270056 0.007374 0.004198
0 0.649579 0.251749 0.005618 0.003498
0 0.468750 0.253265 0.010534 0.007463
0 0.480513 0.246152 0.011587 0.008629
0 0.662570 0.241954 0.004213 0.002565
0 0.659586 0.236590 0.003160 0.002099
0 0.776159 0.225163 0.003862 0.002565
0 0.691362 0.215252 0.005618 0.003265
0 0.498596 0.205224 0.003511 0.002332
0 0.552317 0.184118 0.005618 0.004431
0 0.727704 0.174674 0.005969 0.004198
0 0.475421 0.100513 0.009129 0.007463
1 0.540906 0.608326 0.031250 0.010494
1 0.501931 0.579174 0.021419 0.006297
1 0.459972 0.582906 0.107444 0.028685
1 0.758954 0.559352 0.014396 0.004897
1 0.417662 0.550373 0.018610 0.008862
1 0.793188 0.540928 0.030899 0.012826
1 1.096735 0.544893 0.031952 0.021222
1 0.261763 0.541161 0.016503 0.019823
1 0.333041 0.536847 0.020014 0.012593
1 0.405021 0.532299 0.023525 0.011894
1 0.577423 0.530550 0.009480 0.010261
1 0.607619 0.508162 0.019312 0.012593
1 1.142381 0.499883 0.011587 0.022155
1 0.536166 0.497318 0.041433 0.030550
1 0.452949 0.488689 0.021067 0.017024
1 0.292310 0.486590 0.060042 0.063666
1 0.821278 0.466068 0.042135 0.023554
1 0.455583 0.456507 0.009480 0.007229
1 0.383603 0.442864 0.038975 0.017724
1 0.359375 0.424440 0.035463 0.019590
1 0.616222 0.371735 0.027388 0.008862
1 0.727353 0.277985 0.047402 0.020989
1 0.555653 0.268074 0.015098 0.011427
1 0.750527 0.264459 0.013694 0.011194
1 0.639747 0.258046 0.016152 0.013293
1 0.597437 0.264925 0.054424 0.034049
1 0.680302 0.250350 0.014396 0.010028
1 0.786868 0.246502 0.037921 0.015392
1 0.689431 0.239622 0.011587 0.004897
1 0.716468 0.249067 0.047402 0.026586
1 0.463308 0.239739 0.012992 0.009328
1 0.535112 0.238223 0.049157 0.028685
1 0.622015 0.226796 0.013694 0.010494
1 0.687676 0.222715 0.030548 0.004664
1 0.726650 0.225396 0.010183 0.015625
1 0.494909 0.209188 0.008076 0.007463
1 0.720154 0.208139 0.037219 0.010961
1 0.603055 0.191115 0.019312 0.010961
1 0.482971 0.191814 0.029143 0.015159
1 0.663097 0.178172 0.066362 0.043843
1 0.762114 0.151119 0.024228 0.013526
1 0.821454 0.147271 0.020716 0.013759
1 0.638869 0.134678 0.034761 0.017491
1 0.613237 0.056320 0.020014 0.009562
2 0.474719 0.620686 0.003511 0.003032
2 0.362535 0.619636 0.002458 0.001399
2 0.563378 0.602029 0.003862 0.002565
2 0.320751 0.587220 0.002458 0.001399
2 0.770716 0.540462 0.004916 0.002099
2 0.773525 0.537430 0.004213 0.004431
2 0.639221 0.363106 0.003160 0.002332
2 0.642556 0.326026 0.002809 0.001866
2 0.577423 0.323228 0.003160 0.001866
2 0.570400 0.320079 0.002458 0.002099
2 0.553546 0.319380 0.003160 0.003498
2 0.628511 0.318097 0.002809 0.002799
2 0.571454 0.316465 0.003862 0.002332
2 0.576545 0.315532 0.004916 0.004198
2 0.570576 0.310984 0.009831 0.005830
2 0.559691 0.309935 0.009129 0.003731
2 0.687149 0.308652 0.002809 0.002565
2 0.580232 0.307836 0.008778 0.003265
2 0.538448 0.302006 0.002458 0.002799
2 0.582690 0.301073 0.003160 0.002332
2 0.558111 0.300606 0.003160 0.001866
2 0.668013 0.306786 0.022823 0.016091
2 0.651510 0.303172 0.013694 0.009328
2 0.541959 0.298624 0.004565 0.001632
2 0.570751 0.301539 0.022121 0.011660
2 0.531601 0.295942 0.003511 0.001866
2 0.676966 0.295826 0.004916 0.002565
2 0.555478 0.294193 0.002809 0.001632
2 0.603581 0.294076 0.003511 0.001866
2 0.576018 0.292444 0.003862 0.001866
2 0.681531 0.291511 0.007022 0.003731
2 0.674508 0.290345 0.002107 0.002332
2 0.696454 0.291511 0.011587 0.006530
2 0.625351 0.297575 0.022472 0.020056
2 0.660463 0.292561 0.021770 0.011894
2 0.684164 0.287080 0.003862 0.001866
2 0.671875 0.287080 0.002458 0.001866
2 0.697507 0.286147 0.003862 0.001399
2 0.668364 0.284865 0.002458 0.002565
2 0.701545 0.283932 0.002809 0.001632
2 0.685393 0.284049 0.002809 0.001866
2 0.681180 0.283116 0.004916 0.004664
2 0.671699 0.281017 0.002809 0.002799
2 0.675035 0.279851 0.001756 0.001399
2 0.475772 0.279851 0.004213 0.003731
2 0.685218 0.276702 0.002458 0.001632
2 0.675386 0.277052 0.003160 0.002799
2 0.648350 0.275303 0.001756 0.001166
2 0.633076 0.282299 0.020365 0.016091
2 0.644663 0.271688 0.002107 0.000933
2 0.647823 0.270872 0.002809 0.001632
2 0.668715 0.273204 0.012992 0.009095
2 0.765801 0.269823 0.004213 0.003731
2 0.652212 0.267840 0.001756 0.002099
2 0.777739 0.266791 0.005618 0.004664
2 0.729459 0.264925 0.002458 0.001399
2 0.680829 0.264576 0.002809 0.002099
2 0.673455 0.263759 0.008427 0.002799
2 0.655723 0.264342 0.006671 0.004897
2 0.692416 0.258396 0.002809 0.001866
2 0.613413 0.240788 0.006320 0.004897
2 0.571454 0.223298 0.005267 0.003965
2 0.663272 0.220616 0.002107 0.001399
2 0.562324 0.220382 0.001756 0.001399
2 0.666959 0.219450 0.002458 0.001866
2 0.603757 0.220266 0.005969 0.006763
2 0.663975 0.217118 0.003511 0.002799
2 0.622015 0.217467 0.007374 0.006763
2 0.714712 0.213853 0.001756 0.001399
2 0.708041 0.212220 0.001053 0.001866
2 0.663975 0.211637 0.004916 0.003498
2 0.590765 0.213270 0.006671 0.006763
2 0.693996 0.211754 0.005267 0.004664
2 0.652037 0.210121 0.004916 0.002799
2 0.627985 0.210588 0.003862 0.003731
2 0.602879 0.210938 0.005618 0.004897
2 0.620611 0.208372 0.003160 0.002099
2 0.716819 0.207906 0.002458 0.002099
2 0.712430 0.207906 0.002107 0.002099
2 0.600070 0.207556 0.004213 0.003731
2 0.624649 0.206973 0.004916 0.003032
2 0.633076 0.206507 0.002809 0.002565
2 0.616222 0.209422 0.007022 0.009795
2 0.670471 0.205107 0.003160 0.001632
2 0.590941 0.205107 0.004213 0.003498
2 0.619558 0.203242 0.002458 0.001632
2 0.603406 0.202309 0.003862 0.002565
2 0.605864 0.199510 0.001756 0.001632
2 0.611306 0.198461 0.001404 0.000933
2 0.750527 0.200093 0.008778 0.004664
2 0.582865 0.198694 0.002809 0.001866
2 0.585147 0.196362 0.001756 0.001866
2 0.599368 0.178405 0.002809 0.001866
2 0.740520 0.571828 0.036517 0.029851
2 1.087430 0.569613 0.033006 0.038946
2 1.163975 0.514576 0.030899 0.025886
2 0.399403 0.509212 0.037570 0.022621
2 0.340590 0.506763 0.073736 0.058302
2 0.699614 0.160798 0.091643 0.059935
3 1.023174 0.343400 0.160815 0.105177
