0 0.586171 0.963659 0.008162 0.011587
0 0.253615 0.657479 0.008162 0.012992
0 0.383862 0.615520 0.007463 0.011236
0 0.395522 0.278265 0.007929 0.011587
0 0.642607 0.171699 0.009562 0.012640
1 0.708372 0.929424 0.016091 0.020365
1 0.343983 0.898174 0.013060 0.010534
1 0.352612 0.894838 0.009795 0.012992
1 0.343284 0.863764 0.007929 0.023876
1 0.311101 0.847612 0.008396 0.011938
1 0.653451 0.837781 0.008862 0.028090
1 0.504431 0.752107 0.014925 0.010534
1 0.697411 0.743504 0.005830 0.018610
1 0.509795 0.718750 0.008396 0.009831
1 0.703125 0.696103 0.013060 0.035463
1 0.495103 0.676088 0.009328 0.016503
1 0.687617 0.660639 0.016558 0.027037
1 0.168144 0.515625 0.006996 0.012289
1 0.190182 0.448736 0.010494 0.013343
1 0.304454 0.360253 0.015625 0.013343
1 0.173158 0.310920 0.010961 0.018610
1 0.692164 0.250527 0.009328 0.021419
1 0.723997 0.144312 0.004431 0.020365
1 0.490555 0.143258 0.010494 0.023876
1 0.341418 0.053371 0.020989 0.017556
1 0.600746 0.015098 0.021455 0.029494
2 0.490555 0.640098 0.007229 0.014045
2 0.316348 0.603406 0.011894 0.015801
2 0.330807 0.594101 0.012360 0.018961
2 0.855527 0.556355 0.009095 0.029143
2 0.797924 0.516327 0.009562 0.010183
2 0.299207 0.495260 0.007929 0.015098
2 0.379314 0.488764 0.008162 0.011236
2 0.810285 0.471383 0.010028 0.009480
2 0.318913 0.469628 0.007696 0.010885
2 0.287896 0.474368 0.018890 0.022472
2 0.330340 0.498947 0.076259 0.073736
2 0.816348 0.453125 0.012826 0.012992
2 0.332206 0.450140 0.017024 0.011938
2 0.280900 0.453125 0.017491 0.017907
2 0.391325 0.457514 0.024720 0.042135
2 0.406483 0.441362 0.009328 0.010534
2 0.272621 0.442065 0.007463 0.013343
2 0.262477 0.445927 0.013759 0.028090
2 0.819146 0.436622 0.012360 0.012289
2 0.257812 0.427493 0.010028 0.011587
2 0.406367 0.425386 0.010028 0.019312
2 0.281483 0.403617 0.010261 0.018610
2 0.262127 0.405723 0.023321 0.031250
2 0.338503 0.374298 0.011894 0.014045
2 0.227962 0.370787 0.009562 0.018258
2 0.251516 0.367978 0.015159 0.018258
2 0.344799 0.358322 0.006763 0.012289
2 0.263643 0.353933 0.008629 0.011236
2 0.423974 0.360779 0.018190 0.031250
2 0.218284 0.349017 0.007929 0.010534
2 0.338503 0.343926 0.008162 0.012289
2 0.481926 0.336376 0.010961 0.011938
2 0.248368 0.339010 0.021922 0.022823
2 0.369520 0.351124 0.053405 0.062500
2 0.266674 0.325316 0.017491 0.012289
2 0.469450 0.319874 0.008396 0.011938
2 0.453591 0.322507 0.017724 0.020716
2 0.253965 0.317416 0.013526 0.012640
2 0.241255 0.314958 0.011427 0.010534
2 0.420126 0.324263 0.054804 0.030548
2 0.354944 0.311973 0.013993 0.011587
2 0.443797 0.300386 0.012127 0.007374
2 0.417561 0.299684 0.014226 0.013694
2 0.347598 0.293890 0.012360 0.016152
2 0.254664 0.296524 0.008396 0.022121
2 0.431320 0.285463 0.013293 0.008427
2 0.368354 0.283181 0.028218 0.057935
2 0.277868 0.273525 0.037547 0.044944
2 0.479361 0.255794 0.007696 0.012289
2 0.310285 0.275456 0.042677 0.054424
2 0.363456 0.251229 0.006763 0.014396
2 0.335938 0.248947 0.019823 0.012640
2 0.280084 0.246313 0.013060 0.010885
2 0.416511 0.249298 0.012127 0.028090
2 0.420826 0.238237 0.008629 0.010183
2 0.304221 0.240695 0.012360 0.015801
2 0.386544 0.237008 0.020289 0.023876
2 0.434118 0.228230 0.025420 0.026685
2 0.362057 0.871489 0.033349 0.038624
2 0.383162 0.861482 0.015858 0.031250
2 0.152052 0.850772 0.027985 0.058989
2 0.523554 0.551088 0.037780 0.048806
2 0.461870 0.512992 0.028685 0.048455
2 0.423158 0.467170 0.015159 0.025632
2 0.179338 0.189782 0.016325 0.024228
2 0.177472 0.143610 0.045243 0.049860
3 0.662430 0.486482 0.118703 0.192065
