2 0.499 0.993 0.016 0.015
2 0.418 0.376 0.031 0.032
2 0.392 0.335 0.027 0.048
2 0.446 0.286 0.067 0.093
2 0.412 0.237 0.013 0.028
2 0.411 0.211 0.011 0.021
2 0.449 0.190 0.019 0.020
2 0.461 0.177 0.009 0.008
2 0.460 0.158 0.012 0.018
2 0.407 0.151 0.011 0.029
2 0.440 0.123 0.017 0.016
2 0.361 0.116 0.010 0.017
2 0.361 0.098 0.012 0.015
1 0.639 0.957 0.129 0.086
1 0.543 0.933 0.119 0.115
1 0.643 0.798 0.056 0.131
1 0.635 0.678 0.105 0.089
1 0.429 0.432 0.049 0.051
1 0.216 0.259 0.056 0.072
1 0.136 0.120 0.047 0.041
1 0.175 0.079 0.030 0.049
1 0.122 0.050 0.050 0.057
0 0.025 0.993 0.010 0.015
0 0.537 0.752 0.006 0.009
0 0.582 0.576 0.007 0.011
0 0.437 0.211 0.009 0.013
4 0.345 0.886 0.226 0.228
