0 0.586552 0.650070 0.009480 0.006297
0 0.371840 0.588386 0.006320 0.004198
0 0.308287 0.586987 0.008427 0.005131
0 0.373244 0.581507 0.006320 0.003498
0 0.240871 0.560518 0.004916 0.003032
0 0.239642 0.555854 0.008076 0.004431
0 0.395014 0.551306 0.003511 0.002332
0 0.407128 0.551189 0.008076 0.005830
0 0.322683 0.535331 0.004916 0.003965
0 0.478581 0.533582 0.011236 0.006530
0 0.366222 0.530201 0.003511 0.002565
0 0.894663 0.514925 0.004213 0.002799
0 0.780548 0.516091 0.008427 0.005597
0 0.245611 0.508629 0.003160 0.002799
0 0.529319 0.491488 0.003862 0.002565
0 0.256145 0.487407 0.005267 0.003265
0 0.263694 0.485774 0.002809 0.002332
0 0.262289 0.469100 0.002809 0.002099
0 0.553371 0.468517 0.007022 0.006530
0 0.432760 0.461521 0.003160 0.001866
0 0.731215 0.458839 0.007374 0.004897
0 0.744558 0.456856 0.006671 0.004198
0 0.496489 0.383279 0.009831 0.006297
0 0.300211 0.368937 0.008427 0.005597
0 0.617802 0.340019 0.010183 0.006996
0 0.771419 0.329874 0.007725 0.005364
0 0.691538 0.314016 0.006671 0.004431
0 0.593223 0.306087 0.005267 0.003498
0 1.156777 0.249650 0.004565 0.003032
0 0.527914 0.231926 0.008076 0.005364
0 1.190660 0.191231 0.005618 0.003731
0 0.340239 0.188433 0.009129 0.006063
0 0.299684 0.184118 0.006671 0.004431
0 0.308813 0.180620 0.005267 0.003498
0 0.575843 0.167794 0.005618 0.003965
0 0.288448 0.151003 0.003862 0.002565
0 0.303195 0.137360 0.003862 0.002799
0 0.523525 0.125700 0.004213 0.003265
0 0.492626 0.116255 0.009129 0.006763
0 0.388518 0.112174 0.006671 0.004664
0 0.684164 0.079291 0.003862 0.002332
0 1.081987 0.070079 0.006671 0.004431
0 0.486306 0.036847 0.004213 0.003265
0 0.715414 0.034282 0.005267 0.003265
1 0.642205 0.639459 0.086376 0.033116
1 0.378511 0.625466 0.006320 0.008396
1 0.953125 0.619986 0.013694 0.008629
1 0.711552 0.612174 0.017907 0.013526
1 0.811271 0.587803 0.025632 0.011894
1 0.930653 0.581973 0.050913 0.027285
1 0.780548 0.544426 0.037921 0.017024
1 0.984726 0.530434 0.024228 0.015625
1 0.914501 0.529501 0.029846 0.020289
1 0.670997 0.515275 0.083567 0.038479
1 0.637289 0.491488 0.011236 0.006297
1 0.228230 0.482509 0.018258 0.014459
1 1.097788 0.459771 0.008076 0.015625
1 0.180829 0.458605 0.018961 0.016091
1 0.207514 0.445546 0.013343 0.012826
1 0.340590 0.463036 0.057584 0.051539
1 0.306882 0.435051 0.011938 0.005830
1 0.166433 0.480644 0.088483 0.111474
1 0.404846 0.416161 0.014747 0.013759
1 0.244382 0.435984 0.055478 0.059002
1 0.655197 0.405084 0.028792 0.014459
1 0.302317 0.404734 0.035112 0.026353
1 0.276334 0.396339 0.009129 0.010961
1 0.791257 0.372551 0.044593 0.020289
1 1.214185 0.356576 0.145365 0.106343
1 1.161341 0.309935 0.089537 0.038246
1 1.237184 0.265159 0.042486 0.043377
1 1.231215 0.225163 0.079003 0.029618
1 0.447683 0.207323 0.054775 0.028918
1 0.308813 0.196245 0.012289 0.015625
1 0.274579 0.175490 0.017556 0.016558
1 0.352001 0.162313 0.027739 0.018657
1 0.398876 0.167561 0.035112 0.034748
1 0.308462 0.156367 0.023525 0.026819
1 1.075843 0.143424 0.036517 0.016791
1 0.549333 0.141791 0.018610 0.013993
1 0.474017 0.140508 0.065309 0.037080
1 0.364291 0.130714 0.087430 0.044076
1 0.426615 0.107393 0.038624 0.025886
1 0.915204 0.086054 0.042486 0.023787
1 0.855513 0.039995 0.035463 0.013759
1 0.884305 0.026353 0.022823 0.016325
1 0.844277 0.016441 0.037570 0.018890
2 0.510534 0.635145 0.006320 0.004897
2 0.919066 0.630247 0.001756 0.001166
2 0.276685 0.577542 0.009831 0.006763
2 0.533532 0.552006 0.004565 0.002799
2 0.718223 0.549440 0.005969 0.009795
2 0.514923 0.536964 0.007374 0.007696
2 0.515098 0.529501 0.004213 0.002565
2 0.749824 0.527169 0.005267 0.003965
2 0.547753 0.526119 0.013343 0.007929
2 1.126229 0.518540 0.017907 0.010494
2 1.167486 0.509678 0.007022 0.004431
2 0.750527 0.493120 0.007374 0.005830
2 1.144312 0.489855 0.004213 0.003032
2 0.591643 0.488806 0.003511 0.003265
2 0.704178 0.487873 0.006671 0.003731
2 0.747893 0.485075 0.005618 0.003731
2 0.642732 0.463736 0.003160 0.002099
2 0.681180 0.463736 0.004916 0.007696
2 1.101650 0.459305 0.003862 0.004431
2 1.130091 0.457206 0.004565 0.002565
2 1.129038 0.452892 0.002458 0.001866
2 0.423455 0.453008 0.004213 0.004897
2 1.146770 0.453941 0.008427 0.010028
2 1.132725 0.433652 0.005618 0.004431
2 1.110604 0.418960 0.010534 0.003965
2 0.570927 0.406833 0.004213 0.003965
2 0.477001 0.367887 0.005267 0.003965
2 0.454705 0.367188 0.004916 0.003498
2 0.503160 0.361940 0.006320 0.005131
2 1.141503 0.353545 0.014045 0.008862
2 0.507549 0.341884 0.003160 0.004198
2 0.574263 0.333605 0.003862 0.004431
2 1.129213 0.331973 0.014045 0.009562
2 0.207514 0.308069 0.003511 0.003731
2 0.528792 0.267957 0.003511 0.003731
2 0.528090 0.255480 0.003511 0.004897
2 0.543013 0.252682 0.004565 0.003032
2 0.574614 0.238806 0.006671 0.010728
2 0.531250 0.179104 0.004916 0.005131
2 1.067240 0.124883 0.023525 0.010494
2 0.468750 0.116954 0.003511 0.002565
2 1.047753 0.111241 0.020365 0.015858
2 1.088308 0.095033 0.050211 0.031017
2 1.062851 0.078591 0.009831 0.009328
2 1.062500 0.069963 0.008427 0.006996
2 1.091117 0.063083 0.014396 0.006763
2 1.099544 0.058885 0.006671 0.002565
2 1.098841 0.052589 0.008778 0.005830
2 1.059164 0.050140 0.008076 0.009795
2 1.083919 0.040695 0.012640 0.005364
2 1.024930 0.038479 0.007725 0.005597
2 1.024228 0.032533 0.009129 0.004897
3 1.012816 0.313200 0.170295 0.113340
