2 0.328 1.000 0.001 0.001
2 0.461 0.996 0.010 0.007
2 0.673 0.993 0.006 0.008
2 0.319 0.993 0.010 0.014
2 0.703 0.987 0.005 0.008
2 0.173 0.988 0.005 0.011
2 0.436 0.976 0.022 0.015
2 0.413 0.974 0.012 0.029
2 0.350 0.960 0.009 0.010
2 0.344 0.951 0.005 0.006
2 0.361 0.953 0.014 0.013
2 0.749 0.946 0.007 0.010
2 0.426 0.949 0.012 0.016
2 0.652 0.948 0.005 0.016
2 0.753 0.935 0.005 0.008
2 0.710 0.931 0.008 0.017
2 0.748 0.927 0.006 0.011
2 0.514 0.932 0.019 0.022
2 0.327 0.924 0.014 0.016
2 0.853 0.914 0.005 0.008
2 0.759 0.921 0.017 0.025
2 0.682 0.914 0.010 0.021
2 0.737 0.923 0.014 0.045
2 0.771 0.902 0.010 0.022
2 0.792 0.897 0.007 0.015
2 0.722 0.902 0.020 0.026
2 0.668 0.889 0.017 0.044
2 0.474 0.916 0.050 0.101
2 0.469 0.862 0.012 0.018
2 0.362 0.868 0.040 0.033
2 0.455 0.858 0.008 0.018
2 0.390 0.854 0.012 0.012
2 0.487 0.854 0.011 0.015
2 0.691 0.851 0.007 0.013
2 0.939 0.849 0.006 0.013
2 0.466 0.831 0.007 0.009
2 0.316 0.824 0.004 0.007
2 0.767 0.825 0.021 0.033
2 0.716 0.812 0.017 0.018
2 0.916 0.787 0.007 0.013
2 0.772 0.790 0.010 0.020
2 0.762 0.755 0.010 0.011
2 0.668 0.746 0.008 0.017
2 0.783 0.759 0.022 0.047
2 0.685 0.736 0.012 0.016
2 0.656 0.737 0.014 0.019
2 0.758 0.735 0.011 0.020
2 0.715 0.721 0.007 0.013
2 0.646 0.719 0.012 0.020
2 0.703 0.713 0.014 0.020
2 0.630 0.714 0.012 0.020
2 0.820 0.687 0.009 0.016
2 0.711 0.681 0.014 0.025
2 0.818 0.662 0.016 0.015
2 0.424 0.608 0.020 0.049
2 0.377 0.572 0.006 0.014
2 0.394 0.591 0.048 0.059
2 0.498 0.564 0.005 0.008
2 0.355 0.552 0.014 0.020
2 0.285 0.537 0.008 0.017
2 0.428 0.525 0.010 0.015
2 0.284 0.503 0.012 0.017
2 0.380 0.513 0.038 0.048
2 0.407 0.502 0.009 0.033
2 0.354 0.493 0.007 0.017
2 0.868 0.038 0.008 0.013
2 0.843 0.028 0.014 0.022
2 0.863 0.007 0.011 0.012
2 0.814 0.008 0.010 0.015
2 0.842 0.007 0.009 0.013
1 0.250 0.998 0.007 0.004
1 0.873 0.998 0.020 0.005
1 0.550 0.995 0.012 0.010
1 0.433 0.990 0.031 0.020
1 0.370 0.984 0.030 0.032
1 0.908 0.971 0.022 0.021
1 0.257 0.959 0.007 0.016
1 0.250 0.955 0.013 0.026
1 0.821 0.945 0.037 0.046
1 0.377 0.930 0.015 0.017
1 0.282 0.927 0.017 0.029
1 0.885 0.912 0.027 0.041
1 0.141 0.891 0.009 0.032
1 0.413 0.883 0.054 0.058
1 0.837 0.857 0.045 0.069
1 0.654 0.789 0.014 0.022
1 0.720 0.765 0.032 0.039
1 0.375 0.774 0.049 0.058
1 0.394 0.731 0.007 0.022
1 0.730 0.694 0.020 0.039
1 0.562 0.678 0.017 0.018
1 0.569 0.434 0.024 0.030
1 0.299 0.432 0.018 0.048
1 0.656 0.397 0.013 0.014
1 0.541 0.283 0.016 0.022
1 0.927 0.072 0.026 0.028
1 0.931 0.008 0.028 0.017
0 0.452 0.984 0.005 0.008
0 0.572 0.985 0.010 0.017
0 0.230 0.981 0.008 0.013
0 0.279 0.969 0.007 0.014
0 0.397 0.946 0.007 0.009
0 0.371 0.828 0.008 0.013
0 0.730 0.793 0.007 0.010
0 0.217 0.775 0.009 0.013
0 0.877 0.773 0.009 0.015
0 0.516 0.751 0.009 0.015
0 0.734 0.744 0.005 0.011
0 0.399 0.639 0.011 0.015
0 0.458 0.584 0.011 0.016
0 0.301 0.572 0.013 0.020
0 0.408 0.456 0.005 0.008
0 0.554 0.401 0.009 0.013
0 0.335 0.364 0.008 0.013
0 0.486 0.356 0.007 0.010
0 0.448 0.300 0.002 0.004
0 0.533 0.248 0.014 0.022
0 0.662 0.175 0.011 0.013
0 0.481 0.171 0.009 0.014
0 0.378 0.150 0.014 0.020
0 0.780 0.120 0.008 0.011
0 0.979 0.008 0.011 0.017
