2 0.620103 0.581461 0.009795 0.012640
2 0.541161 0.564958 0.009562 0.014747
2 0.626399 0.567591 0.013993 0.022121
2 0.669310 0.554600 0.006063 0.012992
2 0.586171 0.546875 0.005830 0.007374
2 0.617188 0.551264 0.016091 0.023174
2 0.601329 0.542135 0.007229 0.011236
2 0.687383 0.540379 0.008629 0.008427
2 0.659515 0.542486 0.011194 0.012640
2 0.592467 0.535288 0.012360 0.013694
2 0.671992 0.534235 0.021688 0.027037
2 0.679338 0.515801 0.008396 0.009129
2 0.556670 0.514572 0.004664 0.010183
2 0.602495 0.518610 0.011894 0.021067
2 0.657416 0.499473 0.006996 0.012992
2 0.677472 0.501931 0.014925 0.019312
2 0.654734 0.478581 0.007696 0.007022
2 0.536147 0.479108 0.011660 0.020014
2 0.678405 0.481039 0.014459 0.026685
2 0.545592 0.468574 0.005830 0.008778
2 0.659398 0.469277 0.010494 0.012992
2 0.524837 0.466292 0.008629 0.009831
2 0.652285 0.464888 0.009328 0.014747
2 0.581973 0.452423 0.006763 0.010885
2 0.652519 0.451545 0.006996 0.010534
2 0.526702 0.449087 0.004897 0.011236
2 0.630247 0.449087 0.008162 0.013343
2 0.835005 0.446805 0.007696 0.024228
2 0.642257 0.439782 0.009328 0.010885
2 0.554688 0.438729 0.007229 0.014396
2 0.640858 0.432760 0.006530 0.007374
2 0.724813 0.430302 0.006530 0.011587
2 0.625466 0.432584 0.010728 0.018258
2 0.640625 0.425386 0.007463 0.005969
2 0.526119 0.425386 0.007929 0.009480
2 0.548624 0.409410 0.003965 0.014045
2 0.609025 0.392907 0.008629 0.009831
2 0.590718 0.400456 0.035448 0.063553
2 0.546175 0.349895 0.009328 0.014396
