2 0.211 0.954 0.008 0.009
2 0.300 0.794 0.007 0.012
2 0.834 0.548 0.014 0.015
2 0.349 0.436 0.009 0.018
1 0.240 0.968 0.002 0.002
1 0.245 0.967 0.004 0.006
1 0.206 0.930 0.005 0.009
1 0.228 0.936 0.014 0.026
1 0.259 0.650 0.003 0.004
1 0.343 0.618 0.005 0.007
1 0.196 0.574 0.003 0.004
1 0.225 0.559 0.004 0.006
1 0.200 0.521 0.003 0.005
1 0.182 0.520 0.005 0.006
1 0.173 0.474 0.005 0.006
1 0.575 0.466 0.004 0.008
1 0.405 0.451 0.004 0.007
1 0.378 0.450 0.003 0.006
1 0.573 0.440 0.007 0.032
1 0.510 0.376 0.003 0.006
1 0.826 0.300 0.004 0.005
1 0.475 0.300 0.006 0.007
1 0.484 0.281 0.005 0.006
0 0.348 0.875 0.006 0.009
0 0.679 0.845 0.005 0.009
0 0.679 0.807 0.005 0.009
0 0.578 0.772 0.004 0.006
0 0.265 0.734 0.004 0.006
0 0.748 0.596 0.004 0.006
0 0.415 0.520 0.003 0.006
0 0.304 0.515 0.006 0.009
0 0.421 0.510 0.007 0.013
0 0.448 0.463 0.006 0.008
0 0.386 0.365 0.005 0.006
0 0.427 0.256 0.006 0.009
0 0.730 0.090 0.005 0.007
4 0.665 0.411 0.116 0.188
