2 0.300 0.975 0.025 0.021
2 0.034 0.853 0.056 0.087
2 0.488 0.796 0.038 0.049
2 0.203 0.515 0.017 0.032
2 0.516 0.515 0.027 0.054
2 0.363 0.278 0.009 0.018
2 0.347 0.211 0.017 0.025
2 0.087 0.211 0.012 0.037
2 0.102 0.194 0.014 0.035
2 0.330 0.131 0.104 0.075
2 0.113 0.086 0.008 0.017
2 0.139 0.053 0.007 0.011
2 0.095 0.020 0.011 0.017
2 0.229 0.009 0.009 0.018
2 0.205 0.008 0.028 0.015
2 0.153 0.004 0.005 0.008
2 0.064 0.010 0.014 0.020
1 0.252 0.796 0.012 0.027
1 0.159 0.669 0.009 0.018
1 0.202 0.619 0.007 0.018
1 0.120 0.644 0.036 0.072
1 0.182 0.610 0.007 0.014
1 0.082 0.598 0.014 0.021
1 0.094 0.608 0.014 0.055
1 0.189 0.568 0.005 0.009
1 0.132 0.568 0.005 0.012
1 0.097 0.554 0.009 0.020
1 0.115 0.552 0.009 0.018
1 0.078 0.554 0.014 0.027
1 0.145 0.546 0.006 0.013
1 0.205 0.550 0.020 0.048
1 0.161 0.507 0.006 0.025
1 0.243 0.471 0.009 0.022
1 0.214 0.444 0.023 0.041
1 0.231 0.431 0.009 0.017
1 0.247 0.425 0.013 0.015
1 0.167 0.421 0.006 0.013
1 0.191 0.417 0.007 0.011
1 0.209 0.392 0.005 0.015
1 0.293 0.363 0.005 0.008
1 0.156 0.391 0.042 0.071
1 0.119 0.362 0.029 0.032
1 0.205 0.357 0.016 0.025
1 0.191 0.351 0.010 0.016
1 0.218 0.337 0.007 0.011
1 0.357 0.332 0.020 0.036
1 0.271 0.295 0.006 0.008
1 0.006 0.304 0.011 0.039
1 0.245 0.294 0.009 0.025
1 0.016 0.296 0.011 0.031
1 0.008 0.283 0.004 0.006
1 0.290 0.280 0.005 0.008
1 0.215 0.283 0.049 0.064
1 0.168 0.261 0.007 0.029
1 0.008 0.249 0.015 0.031
1 0.275 0.223 0.019 0.046
1 0.144 0.227 0.079 0.071
1 0.538 0.196 0.010 0.013
1 0.052 0.204 0.016 0.047
1 0.154 0.173 0.007 0.015
1 0.178 0.138 0.007 0.011
1 0.028 0.171 0.057 0.096
1 0.130 0.144 0.028 0.047
1 0.002 0.119 0.003 0.013
1 0.215 0.182 0.068 0.161
1 0.017 0.105 0.012 0.032
1 0.033 0.098 0.010 0.032
1 0.075 0.128 0.051 0.100
1 0.007 0.089 0.008 0.049
1 0.152 0.074 0.008 0.024
1 0.212 0.066 0.007 0.011
1 0.373 0.067 0.007 0.015
1 0.227 0.069 0.009 0.019
1 0.198 0.057 0.019 0.029
1 0.022 0.036 0.004 0.019
1 0.235 0.027 0.006 0.015
1 0.012 0.026 0.011 0.019
1 0.346 0.030 0.020 0.060
1 0.329 0.010 0.010 0.020
1 0.326 0.001 0.003 0.001
1 0.312 0.011 0.020 0.022
1 0.296 0.004 0.012 0.008
1 0.242 0.003 0.007 0.006
0 0.218 0.765 0.006 0.010
0 0.034 0.593 0.005 0.008
0 0.011 0.528 0.007 0.011
0 0.089 0.309 0.008 0.013
0 0.401 0.267 0.006 0.008
0 0.387 0.212 0.005 0.006
0 0.515 0.183 0.006 0.008
0 0.334 0.177 0.008 0.011
0 0.441 0.075 0.005 0.008
0 0.161 0.042 0.009 0.012
0 0.140 0.038 0.007 0.007
0 0.255 0.034 0.007 0.012
0 0.158 0.009 0.004 0.007
