0 0.661730 0.928722 0.006763 0.011236
0 0.664412 0.910639 0.005597 0.008778
0 0.202775 0.860428 0.006763 0.010885
0 0.501166 0.824438 0.006063 0.007725
0 0.755014 0.760358 0.005364 0.008778
0 0.721199 0.441889 0.005830 0.008778
0 0.351796 0.388518 0.006763 0.008778
0 0.322878 0.315485 0.006297 0.009480
0 0.759678 0.252985 0.005364 0.008778
0 0.146339 0.221032 0.006297 0.009480
0 0.714319 0.168539 0.007929 0.011938
0 0.340368 0.138869 0.006763 0.009480
0 0.685168 0.124122 0.005131 0.008076
0 0.435285 0.027388 0.006297 0.010534
1 0.187267 0.848315 0.010728 0.009129
1 0.477962 0.839888 0.017491 0.009129
1 0.508862 0.830758 0.008396 0.015449
1 0.522505 0.772121 0.010494 0.019663
1 0.277519 0.756847 0.017724 0.027037
1 0.588036 0.752282 0.026353 0.019312
1 0.439599 0.722788 0.006063 0.007374
1 0.619053 0.732619 0.017024 0.036868
1 0.389226 0.717872 0.019123 0.027739
1 0.146688 0.711552 0.013060 0.024930
1 0.634678 0.658357 0.005364 0.007725
1 0.579641 0.654494 0.007696 0.009129
1 0.628032 0.639747 0.005597 0.009831
1 0.634562 0.627633 0.011194 0.015098
1 0.625466 0.612886 0.013526 0.023525
1 0.650886 0.593399 0.015858 0.020365
1 0.630830 0.576194 0.013060 0.029494
1 0.614506 0.562851 0.004198 0.014747
1 0.543260 0.560042 0.004897 0.013343
1 0.562617 0.555478 0.009562 0.019663
1 0.613806 0.548455 0.010261 0.009129
1 0.671875 0.545646 0.006063 0.011236
1 0.564949 0.533532 0.006297 0.012992
1 0.597598 0.539501 0.022155 0.067767
1 0.566231 0.501053 0.014459 0.016854
1 0.469916 0.496489 0.012127 0.018258
1 0.433652 0.464010 0.021688 0.029846
1 0.559585 0.457690 0.006763 0.017907
1 0.567747 0.437851 0.005364 0.012640
1 0.644123 0.440660 0.013993 0.023174
1 0.452659 0.419768 0.017724 0.031250
1 0.537780 0.406074 0.011194 0.014396
1 0.773088 0.398876 0.021922 0.036517
1 0.603312 0.379565 0.011660 0.016854
1 0.688083 0.371664 0.023088 0.035463
1 0.566698 0.330407 0.007463 0.012640
1 0.586404 0.325316 0.005364 0.012992
1 0.571479 0.313904 0.019823 0.030197
1 0.671409 0.252809 0.022388 0.039326
1 0.691115 0.222963 0.009095 0.016152
1 0.727262 0.225421 0.012360 0.027388
1 0.495336 0.191889 0.013993 0.014396
1 0.458372 0.170295 0.008162 0.009831
1 0.247785 0.146419 0.010494 0.017556
1 0.167910 0.147647 0.012127 0.043188
1 0.316231 0.084094 0.010261 0.015098
1 0.253382 0.008076 0.010494 0.014045
2 0.514576 0.881145 0.004897 0.010183
2 0.569263 0.862535 0.006996 0.016503
2 0.549790 0.861306 0.005364 0.014045
2 0.561917 0.863237 0.005364 0.020716
2 0.544660 0.862184 0.005364 0.018610
2 0.484025 0.860077 0.011427 0.014396
2 0.580807 0.852177 0.006297 0.012640
2 0.568797 0.841292 0.020989 0.028090
2 0.585471 0.831110 0.007229 0.011236
2 0.576842 0.826721 0.008162 0.010885
2 0.443214 0.822156 0.008162 0.017907
2 0.578008 0.806882 0.028218 0.029494
2 0.448228 0.803546 0.006996 0.024930
2 0.477962 0.794242 0.005830 0.007022
2 0.592234 0.793539 0.005830 0.011236
2 0.475047 0.787746 0.007463 0.010885
2 0.465602 0.784761 0.006763 0.009129
2 0.596665 0.783532 0.010494 0.024930
2 0.574860 0.771243 0.006063 0.010183
2 0.480177 0.764923 0.005597 0.008778
2 0.469916 0.742626 0.008396 0.011236
2 0.365788 0.741924 0.003965 0.012640
2 0.478545 0.737711 0.005597 0.011236
2 0.478778 0.726299 0.006063 0.012289
2 0.463736 0.719803 0.008629 0.014747
2 0.119170 0.712254 0.007929 0.013694
2 0.589552 0.709270 0.005131 0.009831
2 0.602845 0.712079 0.013526 0.019663
2 0.645872 0.706285 0.008629 0.010885
2 0.133279 0.711201 0.013759 0.023525
2 0.468050 0.699263 0.019123 0.017907
2 0.634795 0.688553 0.009328 0.012640
2 0.651236 0.685744 0.003965 0.010534
2 0.594799 0.679600 0.005364 0.012992
2 0.573228 0.674157 0.007929 0.012640
2 0.616954 0.693820 0.030550 0.058989
2 0.478895 0.660990 0.005364 0.008076
2 0.419776 0.662219 0.016325 0.015449
2 0.508396 0.658357 0.009328 0.020365
2 0.604711 0.648350 0.020056 0.022823
2 0.434585 0.640098 0.015625 0.022472
2 0.658232 0.634656 0.011894 0.015098
2 0.580107 0.635183 0.011894 0.018258
2 0.571945 0.622718 0.006763 0.010183
2 0.324044 0.618329 0.007229 0.011938
2 0.667094 0.617451 0.008629 0.012289
2 0.651586 0.611306 0.005597 0.008427
2 0.331740 0.608848 0.010494 0.007725
2 0.569846 0.603230 0.012360 0.012640
2 0.489972 0.574965 0.004664 0.008778
2 0.508279 0.573912 0.006763 0.008076
2 0.462104 0.620611 0.053405 0.120435
2 0.361357 0.554775 0.007696 0.012640
2 0.644706 0.561096 0.018890 0.035815
2 0.347948 0.539853 0.012593 0.020014
2 0.644823 0.524754 0.009795 0.010183
2 0.529967 0.525105 0.015625 0.020014
2 0.371152 0.520892 0.020289 0.020716
2 0.385844 0.518961 0.008162 0.017556
2 0.512593 0.517381 0.011194 0.017205
2 0.409748 0.522647 0.035914 0.050913
2 0.388176 0.495611 0.010961 0.012289
2 0.658582 0.496138 0.010728 0.020365
2 0.587570 0.457163 0.014692 0.023174
2 0.516674 0.455232 0.009095 0.023525
2 0.388060 0.442416 0.013060 0.010534
2 0.373834 0.436973 0.006063 0.009480
2 0.611007 0.435218 0.006063 0.009480
2 0.485191 0.438202 0.024953 0.026685
2 0.535448 0.442591 0.031250 0.037570
2 0.366488 0.428897 0.007229 0.010183
2 0.506530 0.430653 0.015392 0.032654
2 0.674324 0.414326 0.009562 0.015449
2 0.519473 0.418364 0.007696 0.024228
2 0.498951 0.404319 0.007229 0.015098
2 0.489739 0.409059 0.014459 0.025983
2 0.666045 0.397823 0.009328 0.014045
2 0.643307 0.389221 0.005830 0.020716
2 0.469683 0.384831 0.006996 0.014747
2 0.386544 0.392556 0.026353 0.037921
2 0.449860 0.375000 0.003731 0.011938
2 0.423391 0.360077 0.014226 0.011587
2 0.613923 0.352001 0.004897 0.008778
2 0.443680 0.348841 0.005364 0.009480
2 0.610191 0.341643 0.006297 0.011236
2 0.548391 0.313729 0.004431 0.015801
2 0.529734 0.315485 0.012826 0.030548
2 0.519590 0.270190 0.007463 0.016503
2 0.465835 0.221559 0.004897 0.013343
2 0.481110 0.205232 0.006063 0.007374
2 0.490089 0.178897 0.005830 0.009480
2 0.477146 0.138694 0.009328 0.009831
2 0.593517 0.136236 0.005597 0.008427
2 0.249300 0.049684 0.010728 0.015098
2 0.262477 0.040028 0.005830 0.011236
