2 0.432 0.914 0.003 0.005
2 0.438 0.909 0.003 0.007
2 0.429 0.901 0.002 0.004
2 0.409 0.900 0.004 0.008
2 0.430 0.869 0.003 0.007
2 0.296 0.859 0.010 0.012
2 0.292 0.854 0.002 0.002
2 0.277 0.848 0.002 0.003
2 0.285 0.845 0.003 0.003
2 0.340 0.847 0.003 0.007
2 0.346 0.846 0.004 0.007
2 0.314 0.850 0.010 0.015
2 0.299 0.840 0.003 0.003
2 0.271 0.839 0.004 0.005
2 0.328 0.846 0.020 0.021
2 0.333 0.836 0.002 0.004
2 0.317 0.836 0.003 0.003
2 0.290 0.836 0.003 0.004
2 0.405 0.835 0.003 0.006
2 0.294 0.832 0.002 0.003
2 0.335 0.829 0.003 0.004
2 0.290 0.829 0.002 0.004
2 0.290 0.823 0.002 0.002
2 0.280 0.833 0.012 0.023
2 0.267 0.827 0.005 0.013
2 0.333 0.815 0.001 0.003
2 0.281 0.817 0.002 0.006
2 0.285 0.815 0.005 0.007
2 0.305 0.807 0.002 0.002
2 0.302 0.806 0.002 0.002
2 0.304 0.802 0.002 0.003
2 0.280 0.805 0.009 0.009
2 0.273 0.805 0.004 0.009
2 0.264 0.806 0.013 0.015
2 0.309 0.798 0.001 0.002
2 0.378 0.800 0.003 0.006
2 0.256 0.794 0.007 0.007
2 0.262 0.791 0.003 0.004
2 0.270 0.792 0.002 0.005
2 0.322 0.793 0.003 0.010
2 0.393 0.790 0.005 0.007
2 0.267 0.788 0.003 0.004
2 0.224 0.786 0.004 0.004
2 0.255 0.785 0.003 0.003
2 0.250 0.785 0.002 0.003
2 0.300 0.784 0.002 0.002
2 0.239 0.784 0.002 0.002
2 0.333 0.784 0.005 0.006
2 0.222 0.782 0.002 0.003
2 0.276 0.782 0.003 0.004
2 0.254 0.781 0.002 0.003
2 0.273 0.777 0.002 0.003
2 0.260 0.774 0.002 0.004
2 0.275 0.772 0.003 0.004
2 0.267 0.771 0.002 0.003
2 0.802 0.771 0.003 0.004
2 0.264 0.762 0.003 0.005
2 0.227 0.769 0.019 0.024
2 0.806 0.758 0.004 0.008
2 0.243 0.758 0.004 0.008
2 0.248 0.754 0.003 0.004
2 0.790 0.754 0.006 0.008
2 0.802 0.753 0.003 0.006
2 0.422 0.749 0.005 0.011
2 0.241 0.743 0.006 0.007
2 0.242 0.736 0.001 0.003
2 0.403 0.758 0.020 0.048
2 0.363 0.734 0.002 0.003
2 0.252 0.732 0.003 0.003
2 0.247 0.731 0.002 0.004
2 0.369 0.731 0.002 0.006
2 0.358 0.731 0.003 0.009
2 0.424 0.732 0.011 0.013
2 0.361 0.725 0.003 0.005
2 0.800 0.721 0.003 0.005
2 0.258 0.717 0.003 0.004
2 0.247 0.712 0.003 0.004
2 0.186 0.709 0.003 0.005
2 0.286 0.708 0.005 0.006
2 0.243 0.708 0.003 0.005
2 0.292 0.706 0.001 0.003
2 0.249 0.705 0.002 0.004
2 0.413 0.703 0.003 0.004
2 0.233 0.701 0.002 0.003
2 0.786 0.700 0.003 0.007
2 0.400 0.699 0.005 0.009
2 0.260 0.696 0.002 0.002
2 0.186 0.698 0.002 0.007
2 0.216 0.695 0.002 0.003
2 0.220 0.694 0.002 0.004
2 0.395 0.693 0.003 0.004
2 0.226 0.692 0.003 0.007
2 0.212 0.690 0.003 0.005
2 0.224 0.736 0.060 0.096
2 0.233 0.688 0.003 0.004
2 0.408 0.693 0.007 0.016
2 0.218 0.683 0.003 0.004
2 0.228 0.678 0.002 0.003
2 0.201 0.675 0.002 0.002
2 0.367 0.675 0.005 0.009
2 0.219 0.672 0.002 0.004
2 0.392 0.672 0.004 0.005
2 0.192 0.673 0.004 0.007
2 0.182 0.671 0.002 0.004
2 0.399 0.669 0.003 0.003
2 0.220 0.668 0.002 0.003
2 0.371 0.667 0.002 0.002
2 0.184 0.664 0.004 0.005
2 0.179 0.663 0.002 0.004
2 0.213 0.662 0.002 0.003
2 0.352 0.661 0.003 0.005
2 0.188 0.660 0.003 0.004
2 0.178 0.658 0.002 0.004
2 0.382 0.660 0.009 0.009
2 0.355 0.656 0.002 0.002
2 0.348 0.656 0.002 0.004
2 0.181 0.656 0.002 0.004
2 0.343 0.656 0.004 0.004
2 0.187 0.654 0.002 0.002
2 0.191 0.654 0.002 0.002
2 0.358 0.652 0.002 0.006
2 0.732 0.649 0.006 0.004
2 0.387 0.649 0.003 0.004
2 0.206 0.650 0.006 0.007
2 0.351 0.648 0.004 0.005
2 0.366 0.647 0.002 0.006
2 0.725 0.645 0.004 0.006
2 0.262 0.632 0.004 0.007
2 0.347 0.629 0.002 0.003
2 0.341 0.627 0.003 0.007
2 0.328 0.626 0.003 0.005
2 0.377 0.624 0.015 0.023
2 0.197 0.613 0.002 0.004
2 0.395 0.608 0.007 0.013
2 0.285 0.599 0.001 0.002
2 0.323 0.588 0.002 0.003
2 0.296 0.587 0.001 0.004
2 0.277 0.587 0.002 0.005
2 0.337 0.592 0.019 0.016
2 0.270 0.585 0.003 0.003
2 0.289 0.582 0.002 0.002
2 0.374 0.594 0.015 0.033
2 0.286 0.585 0.010 0.019
2 0.348 0.577 0.005 0.008
2 0.231 0.575 0.003 0.005
2 0.334 0.581 0.016 0.018
2 0.344 0.573 0.003 0.004
2 0.332 0.569 0.002 0.003
2 0.358 0.584 0.018 0.035
2 0.297 0.568 0.003 0.003
2 0.373 0.572 0.006 0.013
2 0.335 0.567 0.003 0.008
2 0.332 0.563 0.002 0.004
2 0.264 0.560 0.002 0.003
2 0.335 0.560 0.003 0.004
2 0.294 0.559 0.002 0.005
2 0.342 0.559 0.005 0.006
2 0.298 0.559 0.004 0.006
2 0.282 0.557 0.004 0.005
2 0.265 0.555 0.002 0.004
2 0.290 0.552 0.003 0.002
2 0.260 0.552 0.002 0.005
2 0.304 0.551 0.002 0.004
2 0.330 0.550 0.002 0.004
2 0.326 0.551 0.004 0.007
2 0.321 0.548 0.001 0.004
2 0.461 0.543 0.007 0.005
2 0.469 0.546 0.007 0.011
2 0.325 0.544 0.007 0.009
2 0.476 0.538 0.002 0.003
2 0.453 0.538 0.005 0.004
2 0.280 0.548 0.023 0.027
2 0.268 0.536 0.003 0.005
2 0.479 0.534 0.003 0.004
2 0.318 0.535 0.002 0.004
2 0.326 0.536 0.003 0.007
2 0.315 0.533 0.003 0.004
2 0.469 0.529 0.003 0.004
2 0.476 0.526 0.003 0.004
2 0.365 0.494 0.003 0.004
2 0.375 0.489 0.002 0.004
2 0.379 0.484 0.003 0.005
2 0.255 0.485 0.005 0.006
2 0.383 0.476 0.009 0.015
2 0.394 0.451 0.004 0.004
2 0.344 0.450 0.003 0.004
2 0.372 0.450 0.003 0.006
2 0.400 0.447 0.002 0.004
2 0.291 0.445 0.004 0.004
2 0.394 0.445 0.003 0.006
2 0.396 0.440 0.002 0.004
2 0.415 0.444 0.008 0.012
2 0.267 0.442 0.007 0.010
2 0.379 0.436 0.002 0.004
2 0.455 0.440 0.004 0.012
2 0.291 0.435 0.003 0.005
2 0.363 0.434 0.002 0.003
2 0.342 0.433 0.003 0.004
2 0.326 0.435 0.005 0.012
2 0.298 0.431 0.004 0.006
2 0.423 0.428 0.003 0.004
2 0.378 0.426 0.002 0.003
2 0.289 0.425 0.003 0.002
2 0.396 0.426 0.003 0.005
2 0.204 0.425 0.005 0.004
2 0.343 0.424 0.003 0.004
2 0.339 0.424 0.003 0.004
2 0.410 0.430 0.012 0.017
2 0.358 0.442 0.024 0.042
2 0.420 0.422 0.002 0.003
2 0.415 0.423 0.004 0.007
2 0.364 0.419 0.002 0.002
2 0.296 0.420 0.003 0.004
2 0.429 0.426 0.007 0.018
2 0.455 0.417 0.002 0.004
2 0.451 0.420 0.003 0.009
2 0.348 0.417 0.003 0.004
2 0.356 0.417 0.003 0.005
2 0.405 0.416 0.004 0.005
2 0.304 0.417 0.006 0.011
2 0.385 0.414 0.002 0.005
2 0.449 0.412 0.002 0.002
2 0.342 0.415 0.005 0.008
2 0.369 0.414 0.003 0.006
2 0.359 0.412 0.003 0.004
2 0.406 0.411 0.002 0.003
2 0.377 0.415 0.008 0.012
2 0.344 0.408 0.006 0.006
2 0.304 0.407 0.002 0.004
2 0.399 0.410 0.008 0.015
2 0.262 0.404 0.003 0.005
2 0.411 0.404 0.004 0.005
2 0.368 0.405 0.004 0.008
2 0.391 0.403 0.003 0.006
2 0.429 0.402 0.002 0.004
2 0.363 0.402 0.006 0.012
2 0.193 0.402 0.006 0.012
2 0.323 0.411 0.019 0.031
2 0.428 0.406 0.020 0.024
2 0.407 0.395 0.002 0.004
2 0.398 0.394 0.002 0.002
2 0.299 0.394 0.002 0.003
2 0.368 0.394 0.003 0.004
2 0.387 0.394 0.002 0.003
2 0.382 0.394 0.004 0.004
2 0.257 0.394 0.003 0.005
2 0.201 0.391 0.002 0.002
2 0.362 0.392 0.005 0.008
2 0.312 0.390 0.005 0.004
2 0.305 0.394 0.007 0.013
2 0.333 0.387 0.002 0.002
2 0.374 0.397 0.009 0.024
2 0.367 0.388 0.005 0.006
2 0.256 0.387 0.003 0.004
2 0.377 0.386 0.003 0.004
2 0.324 0.383 0.002 0.003
2 0.213 0.381 0.003 0.005
2 0.296 0.382 0.003 0.008
2 0.441 0.380 0.003 0.004
2 0.216 0.379 0.003 0.005
2 0.258 0.381 0.006 0.009
2 0.317 0.377 0.002 0.004
2 0.310 0.379 0.005 0.011
2 0.283 0.376 0.004 0.008
2 0.359 0.373 0.002 0.003
2 0.295 0.369 0.003 0.004
2 0.300 0.370 0.005 0.007
2 0.327 0.373 0.009 0.015
2 0.310 0.367 0.002 0.004
2 0.316 0.366 0.003 0.004
2 0.349 0.368 0.006 0.012
2 0.355 0.365 0.003 0.011
2 0.451 0.365 0.009 0.013
2 0.310 0.358 0.004 0.004
2 0.333 0.360 0.003 0.011
2 0.311 0.352 0.002 0.002
2 0.281 0.352 0.001 0.003
2 0.434 0.351 0.002 0.003
2 0.307 0.351 0.002 0.004
2 0.267 0.351 0.003 0.005
2 0.292 0.355 0.005 0.012
2 0.448 0.350 0.003 0.005
2 0.239 0.350 0.002 0.006
2 0.333 0.348 0.002 0.004
2 0.221 0.350 0.004 0.009
2 0.297 0.347 0.001 0.004
2 0.215 0.352 0.006 0.015
2 0.315 0.345 0.001 0.001
2 0.444 0.344 0.003 0.004
2 0.328 0.347 0.005 0.013
2 0.293 0.344 0.004 0.005
2 0.408 0.343 0.003 0.005
2 0.319 0.343 0.003 0.006
2 0.282 0.344 0.004 0.007
2 0.279 0.354 0.019 0.034
2 0.300 0.337 0.002 0.004
2 0.306 0.335 0.002 0.004
2 0.321 0.336 0.003 0.007
2 0.364 0.334 0.004 0.004
2 0.295 0.335 0.005 0.008
2 0.258 0.335 0.007 0.011
2 0.307 0.331 0.002 0.003
2 0.449 0.332 0.003 0.007
2 0.316 0.330 0.002 0.003
2 0.342 0.329 0.003 0.004
2 0.254 0.330 0.003 0.005
2 0.333 0.328 0.002 0.004
2 0.358 0.327 0.002 0.003
2 0.328 0.327 0.002 0.003
2 0.303 0.328 0.007 0.008
2 0.269 0.323 0.001 0.001
2 0.352 0.323 0.002 0.004
2 0.355 0.321 0.001 0.002
2 0.307 0.322 0.002 0.004
2 0.362 0.321 0.003 0.004
2 0.344 0.319 0.003 0.005
2 0.317 0.318 0.004 0.007
2 0.464 0.317 0.006 0.008
2 0.303 0.317 0.004 0.009
2 0.283 0.314 0.003 0.004
2 0.312 0.316 0.004 0.010
2 0.440 0.311 0.003 0.004
2 0.327 0.319 0.012 0.019
2 0.308 0.310 0.002 0.004
2 0.477 0.310 0.003 0.005
2 0.288 0.319 0.021 0.024
2 0.444 0.308 0.002 0.004
2 0.305 0.305 0.003 0.004
2 0.329 0.305 0.003 0.005
2 0.300 0.304 0.002 0.005
2 0.291 0.297 0.003 0.005
2 0.296 0.296 0.002 0.004
2 0.322 0.295 0.006 0.011
2 0.337 0.291 0.003 0.005
2 0.313 0.302 0.014 0.030
2 0.362 0.289 0.005 0.007
2 0.435 0.288 0.004 0.007
2 0.356 0.284 0.004 0.006
2 0.313 0.282 0.002 0.004
2 0.369 0.281 0.003 0.005
2 0.457 0.282 0.009 0.011
2 0.324 0.278 0.004 0.004
2 0.378 0.274 0.004 0.004
2 0.454 0.274 0.003 0.006
2 0.446 0.277 0.013 0.021
2 0.295 0.281 0.021 0.035
2 0.305 0.265 0.003 0.004
2 0.437 0.265 0.005 0.006
2 0.378 0.264 0.002 0.005
2 0.363 0.266 0.003 0.008
2 0.333 0.262 0.002 0.004
2 0.371 0.262 0.003 0.006
2 0.395 0.260 0.003 0.005
2 0.340 0.259 0.002 0.005
2 0.290 0.260 0.007 0.007
2 0.384 0.253 0.004 0.006
2 0.418 0.252 0.002 0.004
2 0.375 0.253 0.005 0.007
2 0.372 0.251 0.003 0.003
2 0.314 0.252 0.003 0.004
2 0.391 0.252 0.007 0.006
2 0.431 0.256 0.015 0.017
2 0.301 0.250 0.004 0.008
2 0.401 0.249 0.005 0.007
2 0.324 0.249 0.007 0.008
2 0.306 0.248 0.004 0.006
2 0.424 0.248 0.005 0.007
2 0.410 0.246 0.002 0.005
2 0.393 0.246 0.002 0.004
2 0.408 0.241 0.002 0.003
2 0.284 0.244 0.007 0.014
2 0.401 0.239 0.003 0.005
2 0.366 0.240 0.008 0.011
2 0.319 0.233 0.005 0.008
2 0.380 0.239 0.015 0.021
2 0.427 0.228 0.004 0.006
2 0.420 0.229 0.006 0.008
2 0.307 0.234 0.007 0.019
2 0.341 0.227 0.004 0.008
2 0.399 0.221 0.003 0.006
2 0.301 0.230 0.010 0.024
2 0.291 0.232 0.010 0.027
2 0.433 0.221 0.005 0.010
2 0.444 0.209 0.004 0.007
2 0.387 0.209 0.006 0.009
2 0.332 0.207 0.003 0.006
2 0.310 0.218 0.012 0.027
2 0.364 0.213 0.038 0.036
2 0.413 0.196 0.007 0.012
2 0.337 0.197 0.007 0.017
2 0.429 0.191 0.005 0.007
2 0.419 0.184 0.005 0.013
2 0.396 0.178 0.004 0.015
2 0.370 0.179 0.006 0.023
2 0.492 0.093 0.004 0.007
2 0.477 0.090 0.005 0.008
2 0.457 0.085 0.005 0.008
2 0.491 0.079 0.005 0.010
2 0.475 0.077 0.005 0.008
2 0.442 0.074 0.009 0.014
2 0.465 0.071 0.004 0.009
2 0.488 0.066 0.006 0.010
2 0.453 0.067 0.010 0.016
2 0.442 0.044 0.004 0.009
2 0.522 0.041 0.005 0.012
2 0.443 0.012 0.010 0.013
1 0.387 0.885 0.008 0.018
1 0.228 0.868 0.009 0.013
1 0.392 0.867 0.007 0.018
1 0.363 0.847 0.007 0.013
1 0.202 0.845 0.006 0.017
1 0.212 0.825 0.008 0.012
1 0.717 0.804 0.016 0.020
1 0.718 0.780 0.010 0.010
1 0.133 0.744 0.010 0.011
1 0.135 0.695 0.007 0.016
1 0.549 0.669 0.011 0.011
1 0.131 0.664 0.008 0.012
1 0.811 0.656 0.018 0.019
1 0.755 0.636 0.007 0.009
1 0.812 0.636 0.006 0.013
1 0.817 0.616 0.010 0.010
1 0.750 0.579 0.009 0.011
1 0.255 0.596 0.023 0.050
1 0.232 0.523 0.006 0.006
1 0.221 0.516 0.009 0.013
1 0.786 0.514 0.012 0.023
1 0.430 0.495 0.005 0.014
1 0.191 0.449 0.003 0.005
1 0.222 0.424 0.013 0.019
1 0.244 0.421 0.008 0.015
1 0.235 0.403 0.005 0.011
1 0.275 0.400 0.005 0.011
1 0.229 0.382 0.015 0.031
1 0.443 0.374 0.007 0.017
1 0.384 0.354 0.007 0.011
1 0.421 0.350 0.003 0.007
1 0.432 0.323 0.007 0.008
1 0.405 0.314 0.005 0.010
1 0.414 0.314 0.007 0.015
1 0.374 0.311 0.023 0.020
1 0.661 0.310 0.008 0.025
1 0.398 0.303 0.007 0.014
1 0.426 0.299 0.007 0.014
1 0.413 0.299 0.010 0.014
1 0.422 0.285 0.004 0.009
1 0.624 0.210 0.006 0.014
1 0.274 0.187 0.006 0.020
1 0.190 0.120 0.007 0.012
1 0.329 0.109 0.008 0.014
1 0.336 0.076 0.009 0.012
1 0.466 0.028 0.039 0.055
0 0.567 0.956 0.004 0.006
0 0.422 0.899 0.003 0.005
0 0.292 0.888 0.002 0.004
0 0.356 0.885 0.004 0.007
0 0.281 0.884 0.003 0.005
0 0.292 0.879 0.004 0.006
0 0.322 0.877 0.002 0.004
0 0.241 0.860 0.003 0.005
0 0.750 0.858 0.005 0.008
0 0.220 0.844 0.004 0.007
0 0.288 0.823 0.001 0.001
0 0.420 0.807 0.006 0.008
0 0.239 0.806 0.004 0.006
0 0.381 0.773 0.003 0.005
0 0.302 0.765 0.005 0.007
0 0.749 0.756 0.003 0.006
0 0.255 0.739 0.003 0.004
0 0.280 0.735 0.003 0.004
0 0.164 0.737 0.006 0.011
0 0.150 0.731 0.001 0.002
0 0.815 0.728 0.003 0.005
0 0.152 0.721 0.004 0.006
0 0.148 0.717 0.001 0.002
0 0.421 0.688 0.004 0.007
0 0.425 0.684 0.002 0.003
0 0.137 0.682 0.003 0.005
0 0.351 0.670 0.003 0.005
0 0.124 0.665 0.002 0.004
0 0.170 0.658 0.004 0.005
0 0.246 0.655 0.003 0.004
0 0.239 0.656 0.005 0.007
0 0.294 0.643 0.006 0.008
0 0.240 0.639 0.004 0.007
0 0.298 0.635 0.003 0.005
0 0.279 0.633 0.003 0.004
0 0.317 0.631 0.005 0.008
0 0.821 0.629 0.005 0.007
0 0.795 0.626 0.004 0.007
0 0.808 0.626 0.005 0.007
0 0.800 0.616 0.004 0.006
0 0.767 0.588 0.004 0.006
0 0.763 0.576 0.005 0.007
0 0.146 0.565 0.003 0.006
0 0.310 0.557 0.003 0.005
0 0.187 0.549 0.002 0.003
0 0.308 0.548 0.004 0.007
0 0.233 0.544 0.005 0.007
0 0.508 0.532 0.007 0.009
0 0.220 0.523 0.002 0.005
0 0.140 0.520 0.004 0.006
0 0.801 0.495 0.005 0.008
0 0.536 0.495 0.005 0.007
0 0.802 0.488 0.003 0.004
0 0.219 0.482 0.003 0.005
0 0.252 0.476 0.002 0.004
0 0.255 0.474 0.002 0.002
0 0.220 0.472 0.002 0.004
0 0.541 0.471 0.003 0.004
0 0.376 0.469 0.005 0.009
0 0.230 0.464 0.005 0.008
0 0.144 0.447 0.003 0.005
0 0.214 0.447 0.004 0.006
0 0.568 0.434 0.006 0.013
0 0.236 0.413 0.003 0.006
0 0.249 0.409 0.005 0.008
0 0.108 0.402 0.006 0.009
0 0.687 0.393 0.005 0.007
0 0.165 0.390 0.005 0.009
0 0.111 0.390 0.005 0.010
0 0.513 0.368 0.004 0.005
0 0.418 0.357 0.003 0.004
0 0.472 0.356 0.004 0.006
0 0.370 0.352 0.003 0.005
0 0.364 0.346 0.003 0.004
0 0.368 0.344 0.002 0.003
0 0.370 0.343 0.001 0.002
0 0.372 0.342 0.002 0.002
0 0.426 0.335 0.002 0.004
0 0.379 0.334 0.007 0.008
0 0.737 0.327 0.004 0.007
0 0.418 0.326 0.006 0.009
0 0.422 0.318 0.004 0.008
0 0.306 0.310 0.003 0.005
0 0.272 0.309 0.003 0.006
0 0.394 0.305 0.003 0.005
0 0.387 0.307 0.005 0.008
0 0.266 0.304 0.004 0.006
0 0.275 0.295 0.006 0.011
0 0.400 0.291 0.004 0.007
0 0.136 0.279 0.003 0.005
0 0.427 0.278 0.005 0.006
0 0.190 0.276 0.003 0.006
0 0.420 0.273 0.004 0.005
0 0.621 0.261 0.004 0.007
0 0.232 0.251 0.004 0.006
0 0.276 0.240 0.003 0.004
0 0.327 0.217 0.007 0.010
0 0.688 0.212 0.004 0.006
0 0.326 0.143 0.005 0.007
0 0.261 0.121 0.005 0.007
0 0.621 0.103 0.005 0.008
0 0.424 0.098 0.005 0.007
0 0.516 0.090 0.003 0.006
0 0.562 0.048 0.005 0.007
4 0.643 0.534 0.134 0.204
