2 0.504 0.719 0.019 0.022
2 0.367 0.711 0.012 0.012
2 0.493 0.699 0.015 0.025
2 0.026 0.529 0.010 0.014
2 0.039 0.498 0.004 0.006
2 0.128 0.493 0.006 0.008
2 0.090 0.499 0.017 0.022
2 0.067 0.492 0.006 0.008
2 0.077 0.480 0.003 0.004
2 0.144 0.485 0.012 0.018
2 0.094 0.480 0.007 0.014
2 0.153 0.479 0.010 0.013
2 0.054 0.453 0.018 0.017
2 0.069 0.443 0.005 0.011
2 0.059 0.416 0.013 0.024
2 0.032 0.408 0.005 0.006
2 0.025 0.400 0.006 0.018
2 0.149 0.420 0.042 0.065
2 0.039 0.389 0.010 0.017
2 0.004 0.381 0.008 0.014
2 0.235 0.363 0.007 0.014
2 0.000 0.354 0.000 0.002
2 0.194 0.355 0.010 0.013
2 0.052 0.363 0.012 0.034
2 0.007 0.351 0.006 0.010
2 0.226 0.350 0.009 0.013
2 0.162 0.362 0.023 0.044
2 0.132 0.345 0.014 0.016
2 0.005 0.336 0.006 0.010
2 0.161 0.330 0.007 0.015
2 0.181 0.331 0.013 0.021
2 0.220 0.321 0.015 0.022
2 0.149 0.311 0.005 0.010
2 0.389 0.307 0.011 0.020
2 0.172 0.300 0.014 0.017
2 0.134 0.296 0.007 0.011
2 0.202 0.301 0.025 0.024
2 0.181 0.291 0.006 0.010
2 0.342 0.283 0.008 0.014
2 0.189 0.267 0.006 0.011
2 0.001 0.236 0.001 0.008
2 0.332 0.234 0.008 0.009
2 0.225 0.227 0.010 0.011
2 0.287 0.204 0.010 0.015
2 0.223 0.197 0.006 0.011
2 0.264 0.199 0.014 0.017
2 0.048 0.194 0.008 0.013
2 0.157 0.192 0.008 0.013
2 0.438 0.173 0.010 0.015
2 0.343 0.176 0.026 0.041
2 0.434 0.159 0.008 0.012
2 0.326 0.165 0.017 0.029
2 0.171 0.163 0.018 0.044
2 0.323 0.141 0.007 0.013
2 0.205 0.226 0.071 0.190
2 0.225 0.126 0.007 0.013
2 0.241 0.123 0.007 0.015
2 0.267 0.135 0.031 0.041
2 0.173 0.124 0.016 0.024
2 0.235 0.118 0.012 0.025
2 0.227 0.108 0.007 0.011
2 0.450 0.107 0.007 0.010
2 0.510 0.107 0.008 0.013
2 0.161 0.106 0.015 0.015
2 0.386 0.099 0.012 0.013
2 0.478 0.107 0.011 0.032
2 0.284 0.105 0.026 0.029
2 0.286 0.091 0.006 0.010
2 0.297 0.087 0.008 0.012
2 0.344 0.083 0.006 0.009
2 0.232 0.080 0.008 0.017
2 0.462 0.080 0.018 0.030
2 0.214 0.056 0.010 0.020
2 0.161 0.045 0.017 0.022
2 0.327 0.034 0.006 0.022
2 0.276 0.031 0.009 0.018
2 0.309 0.028 0.020 0.022
2 0.181 0.058 0.042 0.085
2 0.441 0.015 0.010 0.014
2 0.130 0.052 0.055 0.100
2 0.427 0.009 0.022 0.019
2 0.403 0.008 0.008 0.017
2 0.325 0.004 0.008 0.007
2 0.211 0.023 0.016 0.046
2 0.050 0.042 0.100 0.085
1 0.458 0.851 0.029 0.015
1 0.234 0.801 0.027 0.044
1 0.263 0.780 0.016 0.027
1 0.285 0.728 0.014 0.021
1 0.396 0.751 0.081 0.112
1 0.498 0.708 0.014 0.029
1 0.462 0.683 0.028 0.035
1 0.131 0.601 0.071 0.050
1 0.017 0.449 0.016 0.018
1 0.087 0.143 0.037 0.058
0 0.049 0.855 0.009 0.008
0 0.509 0.771 0.019 0.021
0 0.072 0.718 0.007 0.013
0 0.068 0.699 0.005 0.009
0 0.024 0.699 0.009 0.014
0 0.160 0.631 0.011 0.018
0 0.137 0.616 0.014 0.019
0 0.122 0.567 0.007 0.013
0 0.003 0.539 0.007 0.012
0 0.018 0.521 0.009 0.010
0 0.003 0.426 0.006 0.008
0 0.195 0.408 0.007 0.017
0 0.213 0.392 0.011 0.015
0 0.087 0.398 0.021 0.029
0 0.091 0.371 0.007 0.008
0 0.582 0.374 0.011 0.022
0 0.022 0.354 0.008 0.013
0 0.190 0.343 0.006 0.009
0 0.033 0.338 0.013 0.016
0 0.195 0.329 0.007 0.013
0 0.049 0.320 0.007 0.008
0 0.045 0.311 0.006 0.008
0 0.022 0.291 0.004 0.008
0 0.373 0.281 0.006 0.008
0 0.449 0.257 0.008 0.011
0 0.017 0.228 0.006 0.008
0 0.235 0.139 0.006 0.008
0 0.354 0.076 0.009 0.015
0 0.301 0.059 0.008 0.013
0 0.470 0.038 0.007 0.013
