0 0.450667 0.354011 0.006671 0.004198
0 0.542486 0.351213 0.003511 0.002332
0 0.557233 0.348298 0.004916 0.003032
0 0.540730 0.346432 0.004213 0.002565
0 0.510007 0.327309 0.003862 0.002565
0 0.533006 0.303172 0.005618 0.005131
0 0.516678 0.301306 0.003160 0.002332
0 0.508251 0.298274 0.005969 0.004198
0 0.531601 0.204408 0.004916 0.003032
0 0.787746 0.202892 0.009480 0.005131
0 0.531601 0.197878 0.004916 0.003498
0 0.589537 0.181320 0.007022 0.003965
0 0.829881 0.179338 0.009480 0.004664
0 0.819171 0.160914 0.007725 0.005597
0 0.326721 0.144706 0.005969 0.003965
0 0.565309 0.069846 0.010534 0.006297
1 0.645541 0.406133 0.006671 0.002099
1 0.551966 0.398787 0.021067 0.009328
1 0.669242 0.371618 0.009831 0.004431
1 0.501580 0.351096 0.004565 0.007696
1 0.286166 0.333605 0.035815 0.012360
1 0.486306 0.320429 0.015449 0.010261
1 0.525281 0.319613 0.021770 0.012360
1 0.690485 0.310518 0.023525 0.007229
1 0.578301 0.258162 0.042837 0.015858
1 0.506145 0.070662 0.032654 0.029384
1 0.560393 0.056670 0.031601 0.015858
1 0.665379 0.060401 0.040028 0.030784
2 0.716819 0.396688 0.005267 0.003731
2 0.696629 0.395289 0.033006 0.014459
2 0.698736 0.383745 0.018258 0.008162
2 0.592346 0.380131 0.001404 0.001399
2 0.472261 0.380014 0.003511 0.002099
2 0.566187 0.379548 0.002458 0.002099
2 0.412921 0.380714 0.008427 0.004431
2 0.613062 0.374650 0.002107 0.001166
2 0.575492 0.375700 0.004213 0.003265
2 0.447156 0.372785 0.003862 0.003032
2 0.547226 0.370802 0.001756 0.001399
2 0.551791 0.370452 0.003160 0.002099
2 0.575140 0.368470 0.002107 0.002332
2 0.572331 0.368470 0.002809 0.002332
2 0.615169 0.368004 0.002809 0.002332
2 0.564080 0.365788 0.001756 0.002099
2 0.559164 0.364855 0.002458 0.002565
2 0.584972 0.362990 0.002809 0.001632
2 0.607444 0.362290 0.002809 0.002099
2 0.790028 0.364156 0.015449 0.006763
2 0.811622 0.362990 0.012289 0.005830
2 0.599368 0.360774 0.002107 0.001399
2 0.723315 0.359025 0.003511 0.002565
2 0.601826 0.356460 0.002809 0.001632
2 0.579529 0.355877 0.004565 0.002799
2 0.826369 0.356810 0.006671 0.007463
2 0.747367 0.352729 0.004565 0.003498
2 0.754389 0.352495 0.003862 0.003498
2 0.903968 0.351096 0.008076 0.004431
2 0.608673 0.348997 0.001756 0.002099
2 0.858848 0.345732 0.003511 0.003032
2 0.555653 0.343633 0.006671 0.003965
2 0.422226 0.335471 0.005969 0.003032
2 0.830934 0.335354 0.007374 0.004664
2 0.759656 0.331623 0.003160 0.001866
2 0.422753 0.331507 0.006320 0.003498
2 0.428722 0.332323 0.004916 0.006063
2 0.778265 0.337687 0.034059 0.017724
2 0.809691 0.330457 0.003511 0.005597
2 0.842697 0.325793 0.007022 0.004198
2 0.779143 0.325443 0.005618 0.003498
2 0.858146 0.318797 0.004213 0.003265
2 0.826369 0.319846 0.006671 0.006297
2 0.782654 0.317281 0.009129 0.004897
2 0.405197 0.319613 0.015449 0.012826
2 0.888694 0.307136 0.007022 0.002799
2 0.868680 0.307486 0.004916 0.004431
2 0.265801 0.307952 0.009129 0.007229
2 0.385358 0.307719 0.005267 0.007229
2 0.879038 0.305504 0.008076 0.008862
2 0.863588 0.298274 0.005969 0.003265
2 0.898174 0.298391 0.008427 0.004897
2 0.789326 0.296992 0.005618 0.004897
2 0.886236 0.293027 0.011236 0.006297
2 0.835674 0.296175 0.021770 0.019123
2 0.847261 0.284981 0.007022 0.002332
2 0.547051 0.233675 0.004916 0.003731
2 0.665906 0.240905 0.072683 0.036847
2 0.574087 0.195312 0.044944 0.026353
2 0.826369 0.165812 0.059340 0.024720
3 1.078827 0.346082 0.159059 0.137127
