1 0.449627 0.823385 0.007929 0.018258
1 0.443797 0.818469 0.010261 0.018961
1 0.337803 0.595506 0.012826 0.030899
1 0.427122 0.256671 0.008629 0.011236
2 0.202076 0.823560 0.010028 0.026334
2 0.174090 0.818820 0.013759 0.016854
2 0.194263 0.788272 0.009795 0.011236
2 0.167677 0.788097 0.008396 0.012992
2 0.327192 0.574438 0.009795 0.009129
2 0.318797 0.572331 0.006063 0.014045
2 0.364855 0.537570 0.017957 0.016854
2 0.524137 0.251053 0.009095 0.014045
2 0.211870 0.115871 0.007696 0.011236
2 0.664179 0.090239 0.011660 0.029494
3 0.651469 0.534059 0.091651 0.146067
