2 0.211 0.683 0.010 0.016
2 0.191 0.665 0.006 0.015
2 0.193 0.634 0.008 0.012
2 0.002 0.317 0.004 0.014
2 0.004 0.297 0.008 0.018
2 0.213 0.298 0.012 0.020
2 0.009 0.276 0.005 0.008
2 0.263 0.165 0.034 0.052
2 0.270 0.130 0.006 0.005
2 0.239 0.125 0.011 0.019
2 0.281 0.117 0.005 0.006
2 0.214 0.103 0.011 0.013
2 0.288 0.092 0.004 0.011
2 0.279 0.091 0.005 0.011
2 0.265 0.082 0.004 0.010
2 0.239 0.091 0.043 0.058
2 0.275 0.056 0.005 0.006
2 0.213 0.057 0.007 0.011
2 0.251 0.065 0.018 0.035
2 0.276 0.043 0.005 0.008
2 0.205 0.035 0.007 0.018
2 0.330 0.029 0.012 0.014
2 0.237 0.019 0.011 0.019
2 0.373 0.004 0.008 0.008
2 0.355 0.004 0.009 0.008
2 0.333 0.004 0.020 0.008
2 0.282 0.004 0.006 0.007
2 0.224 0.004 0.006 0.007
1 0.547 0.280 0.070 0.136
1 0.421 0.053 0.029 0.058
0 0.362 0.257 0.017 0.024
0 0.440 0.093 0.010 0.015
3 0.623 0.248 0.054 0.102
