2 0.241 0.996 0.007 0.007
2 0.214 0.990 0.009 0.013
2 0.343 0.991 0.012 0.019
2 0.167 0.975 0.027 0.048
2 0.311 0.975 0.046 0.050
2 0.240 0.956 0.024 0.058
2 0.074 0.930 0.003 0.008
2 0.302 0.934 0.019 0.025
2 0.263 0.932 0.023 0.028
2 0.128 0.921 0.017 0.028
2 0.259 0.908 0.008 0.012
2 0.251 0.893 0.006 0.014
2 0.242 0.888 0.007 0.011
2 0.268 0.890 0.008 0.028
2 0.108 0.892 0.028 0.043
2 0.214 0.874 0.005 0.008
2 0.016 0.897 0.032 0.062
2 0.047 0.884 0.021 0.041
2 0.021 0.868 0.016 0.023
2 0.062 0.858 0.006 0.020
2 0.440 0.848 0.014 0.023
2 0.067 0.843 0.005 0.014
2 0.059 0.838 0.004 0.008
2 0.285 0.838 0.004 0.010
2 0.084 0.857 0.033 0.051
2 0.316 0.829 0.004 0.006
2 0.065 0.823 0.005 0.018
2 0.057 0.814 0.010 0.012
2 0.238 0.798 0.005 0.013
2 0.186 0.787 0.016 0.023
2 0.329 0.778 0.006 0.011
2 0.167 0.770 0.007 0.027
2 0.041 0.755 0.007 0.011
2 0.256 0.750 0.012 0.018
2 0.308 0.743 0.004 0.008
2 0.136 0.756 0.053 0.044
2 0.014 0.729 0.004 0.006
2 0.203 0.725 0.006 0.013
2 0.444 0.720 0.008 0.015
2 0.062 0.719 0.008 0.015
2 0.432 0.716 0.012 0.014
2 0.085 0.710 0.004 0.009
2 0.119 0.717 0.010 0.025
2 0.095 0.710 0.004 0.013
2 0.102 0.709 0.004 0.013
2 0.016 0.702 0.003 0.006
2 0.163 0.705 0.011 0.019
2 0.513 0.698 0.007 0.009
2 0.067 0.698 0.007 0.012
2 0.134 0.700 0.021 0.029
2 0.185 0.691 0.020 0.023
2 0.154 0.686 0.008 0.022
2 0.034 0.679 0.008 0.013
2 0.070 0.671 0.005 0.008
2 0.287 0.667 0.007 0.016
2 0.448 0.655 0.006 0.008
2 0.206 0.669 0.019 0.039
2 0.187 0.647 0.005 0.017
2 0.228 0.649 0.009 0.022
2 0.259 0.661 0.015 0.051
2 0.651 0.637 0.007 0.015
2 0.257 0.631 0.003 0.008
2 0.245 0.631 0.008 0.008
2 0.276 0.627 0.005 0.006
2 0.205 0.626 0.017 0.018
2 0.220 0.623 0.013 0.013
2 0.282 0.617 0.005 0.006
2 0.635 0.601 0.004 0.005
2 0.628 0.602 0.007 0.006
2 0.170 0.602 0.005 0.011
2 0.262 0.594 0.004 0.007
2 0.604 0.598 0.010 0.017
2 0.163 0.592 0.007 0.011
2 0.274 0.588 0.004 0.007
2 0.250 0.596 0.011 0.022
2 0.654 0.590 0.013 0.021
2 0.177 0.556 0.009 0.015
2 0.236 0.549 0.008 0.012
2 0.207 0.541 0.006 0.008
2 0.005 0.537 0.011 0.015
2 0.214 0.527 0.009 0.007
2 0.267 0.526 0.007 0.009
2 0.413 0.467 0.007 0.011
2 0.282 0.417 0.005 0.008
2 0.042 0.162 0.007 0.013
2 0.334 0.081 0.007 0.009
2 0.358 0.054 0.005 0.010
2 0.004 0.034 0.007 0.015
1 0.153 0.997 0.005 0.006
1 0.064 0.994 0.011 0.013
1 0.204 0.992 0.027 0.015
1 0.146 0.915 0.016 0.022
1 0.054 0.903 0.010 0.035
1 0.564 0.870 0.017 0.029
1 0.351 0.847 0.005 0.017
1 0.499 0.773 0.062 0.093
1 0.308 0.732 0.013 0.022
1 0.237 0.729 0.011 0.018
1 0.491 0.724 0.011 0.026
1 0.474 0.720 0.012 0.018
1 0.222 0.718 0.015 0.031
1 0.312 0.711 0.007 0.020
1 0.488 0.699 0.014 0.019
1 0.206 0.581 0.035 0.062
1 0.398 0.288 0.010 0.032
1 0.415 0.288 0.031 0.048
1 0.282 0.266 0.050 0.071
1 0.357 0.250 0.042 0.066
1 0.324 0.195 0.026 0.048
1 0.399 0.095 0.009 0.013
1 0.109 0.079 0.015 0.028
1 0.377 0.078 0.028 0.038
1 0.135 0.065 0.014 0.017
0 0.142 0.954 0.007 0.012
0 0.089 0.944 0.012 0.018
0 0.608 0.828 0.009 0.013
0 0.410 0.788 0.003 0.005
0 0.209 0.768 0.004 0.007
0 0.212 0.748 0.008 0.011
0 0.322 0.723 0.005 0.007
0 0.472 0.686 0.006 0.007
0 0.321 0.676 0.005 0.007
0 0.322 0.654 0.006 0.008
0 0.306 0.648 0.005 0.007
0 0.298 0.632 0.007 0.008
0 0.558 0.625 0.006 0.009
0 0.110 0.610 0.008 0.013
0 0.153 0.603 0.007 0.011
0 0.488 0.446 0.007 0.012
0 0.336 0.289 0.009 0.017
0 0.339 0.235 0.004 0.007
0 0.271 0.217 0.004 0.006
0 0.266 0.200 0.007 0.009
0 0.385 0.129 0.007 0.011
