2 0.603 0.627 0.002 0.002
2 0.699 0.608 0.004 0.004
2 0.692 0.597 0.004 0.002
2 0.705 0.564 0.005 0.005
2 0.713 0.561 0.010 0.004
2 0.673 0.559 0.004 0.003
2 0.685 0.561 0.015 0.007
2 0.413 0.557 0.004 0.002
2 0.651 0.551 0.005 0.003
2 0.688 0.547 0.007 0.004
2 0.671 0.546 0.008 0.005
2 0.702 0.546 0.006 0.007
2 0.733 0.542 0.004 0.003
2 0.655 0.541 0.004 0.002
2 0.693 0.540 0.006 0.003
2 0.686 0.535 0.011 0.006
2 0.735 0.534 0.007 0.005
2 0.729 0.533 0.004 0.002
2 0.720 0.532 0.008 0.004
2 0.645 0.529 0.003 0.002
2 0.348 0.523 0.004 0.002
2 0.697 0.529 0.013 0.014
2 0.344 0.523 0.003 0.003
2 0.405 0.522 0.006 0.005
2 0.729 0.524 0.014 0.012
2 0.710 0.529 0.019 0.024
2 0.390 0.518 0.007 0.003
2 0.334 0.519 0.007 0.005
2 0.690 0.519 0.014 0.008
2 0.285 0.516 0.003 0.002
2 0.382 0.516 0.006 0.004
2 0.351 0.515 0.005 0.003
2 0.300 0.514 0.004 0.002
2 0.328 0.513 0.006 0.004
2 0.389 0.512 0.013 0.006
2 0.355 0.510 0.008 0.004
2 0.731 0.511 0.013 0.007
2 0.367 0.509 0.004 0.003
2 0.711 0.512 0.024 0.010
2 0.313 0.509 0.005 0.004
2 0.713 0.506 0.005 0.004
2 0.700 0.504 0.006 0.004
2 0.310 0.504 0.008 0.004
2 0.322 0.501 0.004 0.002
2 0.603 0.501 0.003 0.003
2 0.307 0.499 0.008 0.003
2 0.684 0.504 0.013 0.014
2 0.385 0.496 0.002 0.002
2 0.318 0.497 0.008 0.003
2 0.317 0.493 0.007 0.002
2 0.671 0.492 0.008 0.004
2 0.741 0.497 0.026 0.015
2 0.398 0.489 0.009 0.007
2 0.561 0.484 0.008 0.005
2 0.356 0.483 0.005 0.003
2 0.329 0.481 0.004 0.003
2 0.344 0.482 0.017 0.009
2 0.625 0.478 0.004 0.002
2 0.552 0.479 0.005 0.004
2 0.757 0.478 0.003 0.002
2 0.738 0.478 0.003 0.003
2 0.687 0.479 0.010 0.004
2 0.678 0.477 0.003 0.003
2 0.168 0.479 0.009 0.007
2 0.741 0.475 0.005 0.002
2 0.671 0.476 0.003 0.003
2 0.755 0.475 0.004 0.002
2 0.357 0.477 0.006 0.007
2 0.670 0.473 0.002 0.001
2 0.753 0.471 0.005 0.003
2 0.687 0.470 0.002 0.001
2 0.772 0.470 0.004 0.002
2 0.695 0.473 0.009 0.008
2 0.791 0.470 0.003 0.003
2 0.740 0.471 0.009 0.007
2 0.361 0.469 0.004 0.002
2 0.686 0.467 0.003 0.003
2 0.373 0.467 0.012 0.004
2 0.761 0.466 0.004 0.003
2 0.527 0.467 0.006 0.005
2 0.566 0.466 0.008 0.007
2 0.712 0.469 0.022 0.014
2 0.749 0.462 0.004 0.003
2 0.738 0.464 0.014 0.007
2 0.817 0.464 0.010 0.008
2 0.726 0.460 0.005 0.003
2 0.814 0.460 0.003 0.004
2 0.746 0.460 0.004 0.003
2 0.679 0.461 0.006 0.007
2 0.392 0.460 0.005 0.004
2 0.689 0.459 0.003 0.004
2 0.828 0.461 0.013 0.013
2 0.809 0.455 0.006 0.003
2 0.695 0.455 0.006 0.005
2 0.958 0.455 0.009 0.006
2 0.821 0.455 0.012 0.007
2 0.721 0.457 0.016 0.013
2 0.688 0.453 0.008 0.005
2 0.797 0.455 0.016 0.010
2 0.690 0.449 0.002 0.001
2 0.549 0.449 0.004 0.003
2 0.713 0.448 0.002 0.003
2 0.794 0.447 0.003 0.002
2 0.917 0.448 0.007 0.005
2 0.562 0.447 0.006 0.003
2 0.362 0.446 0.004 0.004
2 0.896 0.445 0.005 0.003
2 0.705 0.450 0.017 0.014
2 0.657 0.445 0.004 0.003
2 0.737 0.443 0.004 0.003
2 0.453 0.443 0.003 0.003
2 0.891 0.443 0.004 0.004
2 0.751 0.444 0.009 0.007
2 0.685 0.441 0.002 0.002
2 0.945 0.442 0.011 0.004
2 0.937 0.441 0.004 0.004
2 0.418 0.441 0.004 0.004
2 0.932 0.440 0.005 0.003
2 0.863 0.442 0.016 0.008
2 0.974 0.439 0.002 0.002
2 0.692 0.439 0.002 0.002
2 0.879 0.441 0.012 0.008
2 0.365 0.437 0.005 0.004
2 0.771 0.449 0.034 0.028
2 0.400 0.439 0.016 0.008
2 0.937 0.435 0.004 0.004
2 0.341 0.438 0.011 0.009
2 0.841 0.434 0.008 0.005
2 0.879 0.432 0.002 0.002
2 0.388 0.436 0.007 0.010
2 0.876 0.430 0.003 0.002
2 0.726 0.439 0.017 0.021
2 0.439 0.431 0.008 0.005
2 0.596 0.447 0.062 0.037
2 0.828 0.429 0.006 0.004
2 0.818 0.437 0.033 0.020
2 0.793 0.430 0.015 0.007
2 0.499 0.428 0.006 0.003
2 0.941 0.426 0.005 0.002
2 0.907 0.434 0.027 0.017
2 0.356 0.427 0.011 0.004
2 0.732 0.426 0.005 0.003
2 0.712 0.428 0.011 0.007
2 0.977 0.424 0.003 0.003
2 0.798 0.426 0.013 0.006
2 0.715 0.424 0.005 0.002
2 0.439 0.424 0.003 0.002
2 0.462 0.423 0.004 0.001
2 0.676 0.422 0.003 0.002
2 0.655 0.421 0.005 0.003
2 0.941 0.421 0.003 0.002
2 0.887 0.427 0.010 0.015
2 0.702 0.423 0.010 0.007
2 0.966 0.419 0.003 0.003
2 0.840 0.423 0.017 0.013
2 0.447 0.419 0.007 0.003
2 0.739 0.417 0.004 0.003
2 0.507 0.419 0.009 0.006
2 0.900 0.418 0.005 0.005
2 0.750 0.425 0.027 0.019
2 0.857 0.418 0.011 0.005
2 0.750 0.416 0.004 0.003
2 0.888 0.415 0.003 0.003
2 0.928 0.419 0.019 0.013
2 0.951 0.415 0.010 0.006
2 0.811 0.413 0.004 0.002
2 0.480 0.414 0.008 0.004
2 0.477 0.413 0.005 0.002
2 0.377 0.419 0.013 0.015
2 0.933 0.412 0.002 0.002
2 0.942 0.412 0.004 0.004
2 0.861 0.412 0.004 0.003
2 0.473 0.411 0.003 0.003
2 0.736 0.411 0.005 0.004
2 0.946 0.409 0.002 0.002
2 0.871 0.412 0.015 0.012
2 0.903 0.410 0.015 0.009
2 0.722 0.410 0.019 0.009
2 0.638 0.424 0.052 0.037
2 0.912 0.406 0.004 0.002
2 0.768 0.409 0.013 0.010
2 0.427 0.411 0.014 0.015
2 0.386 0.405 0.006 0.004
2 0.733 0.405 0.008 0.004
2 0.414 0.404 0.007 0.005
2 0.824 0.413 0.025 0.024
2 0.488 0.402 0.003 0.003
2 0.407 0.405 0.006 0.008
2 0.394 0.406 0.013 0.011
2 0.761 0.402 0.004 0.004
2 0.894 0.404 0.006 0.010
2 0.941 0.400 0.005 0.003
2 0.786 0.417 0.048 0.036
2 0.498 0.400 0.004 0.002
2 0.902 0.400 0.002 0.003
2 0.823 0.399 0.003 0.003
2 0.627 0.400 0.013 0.005
2 0.748 0.403 0.018 0.013
2 0.894 0.397 0.002 0.003
2 0.957 0.401 0.008 0.010
2 0.948 0.398 0.004 0.004
2 0.867 0.397 0.005 0.003
2 0.853 0.402 0.020 0.013
2 0.785 0.397 0.003 0.002
2 0.792 0.399 0.007 0.007
2 0.763 0.397 0.004 0.003
2 0.886 0.396 0.002 0.001
2 0.842 0.397 0.007 0.004
2 0.770 0.400 0.009 0.010
2 0.108 0.397 0.006 0.006
2 0.414 0.396 0.008 0.005
2 0.526 0.395 0.003 0.002
2 0.863 0.394 0.008 0.003
2 0.882 0.393 0.002 0.002
2 0.423 0.394 0.007 0.004
2 0.541 0.393 0.004 0.004
2 0.934 0.394 0.011 0.010
2 0.882 0.390 0.002 0.002
2 0.496 0.389 0.003 0.002
2 0.923 0.393 0.014 0.010
2 0.905 0.391 0.007 0.007
2 0.116 0.390 0.010 0.005
2 0.839 0.389 0.009 0.004
2 0.451 0.388 0.004 0.003
2 0.879 0.388 0.006 0.004
2 0.471 0.387 0.004 0.004
2 0.793 0.389 0.022 0.010
2 0.823 0.389 0.014 0.013
2 0.893 0.387 0.019 0.009
2 0.457 0.386 0.003 0.007
2 0.938 0.384 0.007 0.003
2 0.854 0.387 0.011 0.010
2 0.554 0.383 0.005 0.002
2 0.863 0.383 0.004 0.003
2 0.776 0.386 0.008 0.008
2 0.927 0.382 0.003 0.002
2 0.883 0.382 0.004 0.002
2 0.820 0.382 0.004 0.002
2 0.809 0.386 0.010 0.010
2 0.932 0.381 0.003 0.002
2 0.864 0.380 0.003 0.002
2 0.890 0.381 0.007 0.005
2 0.564 0.380 0.003 0.002
2 0.118 0.382 0.012 0.009
2 0.919 0.381 0.011 0.007
2 0.848 0.382 0.012 0.010
2 0.858 0.379 0.007 0.003
2 0.891 0.376 0.004 0.002
2 0.866 0.374 0.002 0.002
2 0.902 0.373 0.004 0.003
2 0.247 0.372 0.008 0.004
2 0.435 0.376 0.015 0.014
2 0.106 0.373 0.014 0.014
2 0.875 0.370 0.012 0.009
2 0.590 0.366 0.003 0.004
2 0.608 0.365 0.004 0.002
2 0.453 0.364 0.004 0.002
2 0.431 0.363 0.008 0.005
2 0.874 0.363 0.008 0.006
2 0.120 0.361 0.005 0.003
2 0.420 0.362 0.007 0.005
2 0.855 0.361 0.006 0.005
2 0.244 0.362 0.013 0.007
2 0.500 0.360 0.006 0.003
2 0.403 0.362 0.023 0.010
2 0.110 0.358 0.004 0.003
2 0.102 0.359 0.007 0.005
2 0.426 0.358 0.010 0.004
2 0.453 0.355 0.004 0.003
2 0.888 0.354 0.004 0.003
2 0.571 0.353 0.004 0.002
2 0.438 0.353 0.007 0.003
2 0.569 0.350 0.004 0.002
2 0.521 0.351 0.011 0.007
2 0.570 0.344 0.009 0.009
2 0.429 0.341 0.003 0.002
2 0.408 0.339 0.006 0.003
2 0.556 0.338 0.002 0.001
2 0.560 0.336 0.003 0.003
2 0.504 0.334 0.005 0.003
2 0.373 0.333 0.004 0.002
2 0.509 0.330 0.003 0.002
2 0.355 0.330 0.009 0.003
2 0.466 0.330 0.005 0.004
2 0.785 0.324 0.005 0.003
2 0.790 0.321 0.003 0.002
2 0.791 0.318 0.004 0.003
2 0.464 0.318 0.004 0.002
2 0.458 0.318 0.005 0.003
2 0.324 0.318 0.004 0.003
2 0.556 0.318 0.006 0.004
2 0.629 0.317 0.005 0.003
2 0.306 0.316 0.005 0.003
2 0.386 0.314 0.005 0.003
2 0.627 0.313 0.004 0.002
2 0.547 0.306 0.008 0.005
2 0.383 0.304 0.005 0.003
2 0.627 0.303 0.003 0.003
2 0.524 0.305 0.008 0.006
2 0.406 0.303 0.004 0.003
2 0.568 0.305 0.007 0.009
2 0.507 0.302 0.004 0.006
2 0.544 0.301 0.009 0.005
2 0.321 0.301 0.005 0.005
2 0.598 0.299 0.004 0.003
2 0.561 0.302 0.011 0.011
2 0.576 0.305 0.009 0.019
2 0.524 0.297 0.008 0.003
2 0.508 0.296 0.003 0.002
2 0.213 0.296 0.005 0.003
2 0.505 0.293 0.003 0.003
2 0.539 0.291 0.005 0.001
2 0.489 0.292 0.005 0.004
2 0.229 0.291 0.008 0.004
2 0.535 0.288 0.002 0.001
2 0.259 0.287 0.023 0.008
2 0.321 0.284 0.004 0.003
2 0.271 0.283 0.004 0.003
2 0.523 0.282 0.006 0.004
2 0.524 0.279 0.001 0.001
2 0.286 0.281 0.013 0.008
2 0.267 0.276 0.024 0.011
2 0.297 0.270 0.004 0.004
2 0.276 0.263 0.013 0.006
2 0.206 0.247 0.002 0.001
2 0.709 0.194 0.008 0.006
2 0.687 0.170 0.002 0.002
2 0.173 0.162 0.006 0.004
2 0.559 0.121 0.005 0.003
2 0.626 0.099 0.003 0.003
2 0.368 0.093 0.006 0.005
2 0.735 0.023 0.006 0.005
1 0.692 0.631 0.009 0.007
1 0.268 0.565 0.009 0.006
1 0.875 0.558 0.008 0.007
1 0.243 0.547 0.038 0.030
1 0.825 0.529 0.015 0.009
1 0.855 0.523 0.034 0.015
1 0.831 0.469 0.020 0.019
1 0.254 0.433 0.017 0.011
1 0.223 0.377 0.019 0.015
1 0.770 0.360 0.009 0.005
1 0.785 0.245 0.009 0.005
1 0.994 0.178 0.026 0.020
1 0.843 0.138 0.015 0.008
1 0.598 0.099 0.025 0.011
1 0.308 0.088 0.014 0.010
1 0.847 0.011 0.015 0.012
0 0.700 0.624 0.008 0.005
0 0.725 0.623 0.007 0.005
0 0.677 0.610 0.006 0.003
0 0.764 0.582 0.005 0.003
0 0.314 0.580 0.010 0.007
0 0.248 0.570 0.009 0.007
0 0.823 0.566 0.005 0.003
0 0.816 0.562 0.005 0.004
0 0.858 0.562 0.005 0.003
0 0.851 0.559 0.006 0.003
0 0.322 0.550 0.005 0.004
0 0.313 0.545 0.004 0.003
0 0.302 0.543 0.005 0.004
0 0.841 0.514 0.005 0.004
0 0.200 0.496 0.005 0.004
0 0.319 0.462 0.008 0.007
0 0.170 0.420 0.004 0.003
0 0.927 0.393 0.004 0.002
0 0.596 0.381 0.006 0.005
0 0.297 0.361 0.005 0.003
0 0.966 0.349 0.011 0.005
0 0.292 0.348 0.006 0.004
0 0.351 0.341 0.009 0.005
0 0.336 0.338 0.007 0.004
0 0.185 0.334 0.007 0.005
0 0.358 0.333 0.007 0.005
0 0.721 0.226 0.007 0.004
0 0.278 0.219 0.005 0.003
0 0.672 0.206 0.011 0.008
0 0.605 0.203 0.009 0.006
0 0.685 0.186 0.005 0.004
0 0.637 0.182 0.007 0.004
0 0.604 0.171 0.007 0.005
0 0.450 0.169 0.003 0.002
0 0.179 0.158 0.008 0.005
0 0.820 0.151 0.005 0.004
0 0.307 0.128 0.006 0.004
0 0.553 0.121 0.004 0.003
0 0.504 0.111 0.007 0.005
0 0.871 0.105 0.010 0.005
0 0.477 0.103 0.005 0.003
0 0.875 0.049 0.007 0.004
0 0.832 0.016 0.006 0.004
4 1.096 0.388 0.166 0.129
