1 0.406833 0.783006 0.013759 0.009831
1 0.239272 0.784235 0.008396 0.015098
1 0.537430 0.757374 0.015625 0.018258
1 0.735774 0.740871 0.010261 0.016152
1 0.686567 0.644838 0.010261 0.027739
1 0.679338 0.614993 0.027519 0.031952
1 0.575676 0.605688 0.017957 0.028792
1 0.422108 0.599719 0.011194 0.018961
1 0.598181 0.555829 0.013526 0.018258
1 0.661730 0.497893 0.009562 0.010534
1 0.524254 0.327774 0.012593 0.016503
1 0.516908 0.317416 0.010028 0.014045
1 0.805271 0.275456 0.013060 0.017205
1 0.602729 0.231917 0.008629 0.018610
1 0.380364 0.228933 0.023321 0.024579
3 0.281483 0.510358 0.119869 0.192767
