2 0.256 0.661 0.024 0.007
2 0.091 0.647 0.077 0.034
2 0.189 0.641 0.115 0.046
2 0.156 0.607 0.012 0.020
2 0.167 0.598 0.011 0.012
2 0.219 0.603 0.018 0.023
2 0.204 0.583 0.027 0.025
2 0.427 0.087 0.005 0.005
2 0.360 0.087 0.006 0.005
2 0.414 0.082 0.009 0.008
2 0.437 0.075 0.018 0.015
2 0.460 0.068 0.006 0.005
2 0.500 0.058 0.011 0.006
2 0.446 0.056 0.027 0.016
2 0.495 0.044 0.006 0.006
2 0.468 0.044 0.007 0.006
2 0.443 0.039 0.016 0.012
2 0.462 0.036 0.008 0.009
1 0.935 0.323 0.041 0.024
1 0.897 0.303 0.038 0.054
1 0.744 0.320 0.228 0.340
1 0.400 0.101 0.008 0.008
1 0.289 0.103 0.034 0.021
1 0.334 0.072 0.035 0.033
1 0.334 0.061 0.018 0.017
1 0.341 0.050 0.027 0.012
1 0.219 0.026 0.046 0.036
1 0.349 0.036 0.210 0.072
0 0.173 0.526 0.014 0.009
0 0.000 0.118 0.001 0.005
0 0.271 0.073 0.019 0.013
4 0.534 0.641 0.247 0.046
3 0.798 0.336 0.135 0.144
3 0.182 0.033 0.096 0.065
