2 0.174 0.864 0.032 0.025
2 0.081 0.766 0.021 0.029
1 0.067 0.845 0.005 0.009
1 0.067 0.828 0.007 0.010
1 0.096 0.759 0.015 0.020
1 0.039 0.754 0.006 0.011
1 0.055 0.733 0.011 0.017
1 0.087 0.728 0.007 0.011
1 0.051 0.716 0.011 0.013
1 0.044 0.124 0.005 0.008
0 0.253 0.945 0.008 0.013
0 0.307 0.939 0.008 0.012
0 0.412 0.864 0.012 0.013
0 0.102 0.830 0.007 0.011
0 0.321 0.361 0.005 0.007
0 0.056 0.172 0.006 0.008
0 0.160 0.154 0.005 0.007
0 0.345 0.133 0.006 0.008
0 0.019 0.124 0.006 0.010
4 0.518 0.085 0.230 0.170
