0 0.694380 0.958919 0.006763 0.010534
0 0.714669 0.873244 0.006297 0.011236
0 0.404268 0.858146 0.008162 0.011236
0 0.725163 0.829705 0.005364 0.007725
0 0.613456 0.827072 0.005364 0.008778
0 0.727729 0.741046 0.006297 0.009480
0 0.688316 0.597437 0.005364 0.008778
0 0.116371 0.586728 0.006996 0.007725
0 0.643773 0.514396 0.004897 0.008427
0 0.073927 0.511938 0.005597 0.009831
0 0.586870 0.483497 0.006297 0.010534
0 0.807603 0.415730 0.006530 0.009129
0 0.741954 0.386587 0.008162 0.011236
0 0.690998 0.371664 0.005131 0.009480
0 0.588270 0.343750 0.005830 0.007725
0 0.746618 0.342346 0.005830 0.009129
0 0.664995 0.341117 0.005830 0.008076
0 0.722715 0.334796 0.005597 0.008076
0 0.653102 0.318820 0.006763 0.009831
0 0.642724 0.309164 0.006063 0.010885
0 0.685751 0.244733 0.005830 0.009129
0 0.695429 0.237360 0.005131 0.008427
0 0.409632 0.231742 0.008162 0.010534
0 0.763876 0.209621 0.005364 0.008427
0 0.443913 0.186973 0.005830 0.009480
0 0.730410 0.118153 0.006063 0.008076
1 0.542794 0.793013 0.008162 0.015801
1 0.705107 0.769487 0.008629 0.017907
1 0.753382 0.746664 0.005830 0.017205
1 0.706973 0.713659 0.006763 0.019312
1 0.119869 0.702423 0.011194 0.019312
1 0.138876 0.672051 0.009095 0.022472
1 0.709072 0.528968 0.011894 0.017907
1 0.765742 0.524403 0.007229 0.017907
1 0.590252 0.500176 0.013060 0.024228
1 0.555271 0.485604 0.012593 0.011236
1 0.703242 0.468926 0.008162 0.012992
1 0.567980 0.465063 0.006297 0.012289
1 0.501516 0.460499 0.010028 0.010183
1 0.842584 0.433638 0.015392 0.037219
1 0.673857 0.399403 0.008162 0.019312
1 0.697878 0.387640 0.008629 0.014747
1 0.826842 0.370787 0.008629 0.016854
1 0.119520 0.351124 0.013293 0.020365
1 0.735891 0.345506 0.006763 0.013343
1 0.760961 0.330758 0.005131 0.009129
1 0.749650 0.321980 0.009095 0.008427
1 0.735541 0.323560 0.011660 0.013694
1 0.675140 0.225070 0.015392 0.016152
1 0.725513 0.227528 0.020522 0.037921
1 0.641091 0.127282 0.008862 0.012992
1 0.709888 0.116573 0.016325 0.021770
2 0.713036 0.658708 0.006297 0.007022
2 0.578242 0.451369 0.004897 0.010183
2 0.652635 0.429424 0.007229 0.015449
2 0.653801 0.285463 0.005364 0.009129
2 0.655900 0.200140 0.012826 0.023876
2 0.662780 0.183462 0.005597 0.009480
2 0.625933 0.183638 0.006530 0.009831
2 0.640159 0.176791 0.008862 0.010183
2 0.622785 0.173982 0.012826 0.015098
2 0.348298 0.980513 0.022155 0.031952
2 0.230061 0.957514 0.018424 0.042135
2 0.206040 0.916959 0.014692 0.027739
2 0.318447 0.893434 0.019823 0.045295
2 0.137826 0.835674 0.014925 0.023174
2 0.126166 0.744909 0.029384 0.046699
