2 0.505 0.513 0.006 0.004
2 0.488 0.495 0.003 0.002
2 0.387 0.495 0.004 0.002
2 0.512 0.493 0.005 0.003
2 0.488 0.488 0.004 0.002
2 0.735 0.484 0.002 0.002
2 0.504 0.481 0.003 0.003
2 0.445 0.478 0.003 0.002
2 0.740 0.479 0.006 0.003
2 0.752 0.474 0.004 0.003
2 0.546 0.475 0.010 0.005
2 0.449 0.472 0.005 0.003
2 0.506 0.469 0.007 0.005
2 0.462 0.467 0.010 0.006
2 0.499 0.463 0.004 0.003
2 0.721 0.460 0.006 0.006
2 0.702 0.458 0.009 0.005
2 0.735 0.456 0.004 0.006
2 0.195 0.451 0.004 0.004
2 0.797 0.450 0.003 0.003
2 0.803 0.449 0.003 0.005
2 0.690 0.448 0.006 0.003
2 0.690 0.441 0.003 0.003
2 0.650 0.439 0.004 0.003
2 0.280 0.438 0.003 0.002
2 0.705 0.435 0.005 0.005
2 0.721 0.434 0.010 0.005
2 0.798 0.433 0.006 0.005
2 0.771 0.429 0.004 0.003
2 0.829 0.428 0.004 0.003
2 0.217 0.429 0.005 0.004
2 0.821 0.428 0.004 0.005
2 0.676 0.426 0.003 0.002
2 0.765 0.426 0.003 0.002
2 0.752 0.422 0.003 0.002
2 0.739 0.425 0.011 0.009
2 0.158 0.412 0.004 0.003
2 0.476 0.401 0.018 0.010
2 0.498 0.395 0.019 0.013
2 0.488 0.389 0.007 0.004
2 1.220 0.379 0.009 0.005
2 0.358 0.377 0.005 0.003
2 0.318 0.366 0.004 0.003
2 0.169 0.366 0.004 0.003
2 1.184 0.365 0.003 0.002
2 1.171 0.364 0.008 0.003
2 1.288 0.370 0.014 0.019
2 0.264 0.350 0.009 0.005
2 0.269 0.345 0.009 0.004
2 0.221 0.345 0.005 0.003
2 1.167 0.344 0.013 0.006
2 1.201 0.343 0.014 0.007
2 1.227 0.340 0.005 0.003
2 0.241 0.339 0.006 0.004
2 0.434 0.339 0.007 0.004
2 0.278 0.339 0.011 0.006
2 0.443 0.337 0.006 0.002
2 1.178 0.334 0.004 0.006
2 0.247 0.330 0.001 0.001
2 0.276 0.330 0.003 0.002
2 0.842 0.329 0.003 0.002
2 0.836 0.327 0.004 0.002
2 0.244 0.328 0.009 0.004
2 1.157 0.327 0.006 0.003
2 0.450 0.329 0.012 0.010
2 0.827 0.324 0.004 0.003
2 0.587 0.323 0.006 0.003
2 0.837 0.322 0.003 0.002
2 0.571 0.325 0.012 0.007
2 1.145 0.323 0.010 0.006
2 0.469 0.321 0.006 0.003
2 0.583 0.319 0.006 0.002
2 0.446 0.320 0.010 0.006
2 0.835 0.317 0.004 0.001
2 0.463 0.317 0.006 0.002
2 0.539 0.317 0.011 0.004
2 0.558 0.315 0.008 0.003
2 0.832 0.314 0.003 0.003
2 1.220 0.313 0.015 0.006
2 0.560 0.310 0.004 0.002
2 0.854 0.311 0.005 0.003
2 0.480 0.312 0.012 0.007
2 0.433 0.315 0.028 0.015
2 0.402 0.310 0.009 0.006
2 0.497 0.331 0.115 0.049
2 0.445 0.308 0.011 0.003
2 0.404 0.306 0.005 0.002
2 0.570 0.303 0.006 0.003
2 0.467 0.303 0.004 0.002
2 1.211 0.302 0.010 0.003
2 0.904 0.302 0.004 0.003
2 1.229 0.301 0.019 0.009
2 0.500 0.299 0.026 0.008
2 0.423 0.301 0.026 0.012
2 0.436 0.297 0.008 0.006
2 1.208 0.297 0.013 0.006
2 0.564 0.295 0.006 0.003
2 1.256 0.294 0.008 0.007
2 0.589 0.304 0.037 0.028
2 0.612 0.293 0.014 0.007
2 0.410 0.294 0.011 0.009
2 0.428 0.290 0.004 0.002
2 0.395 0.296 0.021 0.019
2 1.233 0.290 0.019 0.008
2 0.423 0.288 0.008 0.005
2 0.601 0.286 0.005 0.003
2 0.362 0.286 0.005 0.003
2 0.574 0.286 0.008 0.007
2 0.258 0.284 0.007 0.004
2 0.388 0.284 0.015 0.008
2 0.421 0.282 0.006 0.005
2 0.572 0.280 0.005 0.003
2 0.273 0.279 0.003 0.003
2 0.612 0.283 0.015 0.013
2 0.377 0.277 0.008 0.003
2 0.616 0.275 0.005 0.002
2 0.452 0.277 0.006 0.006
2 0.343 0.273 0.009 0.004
2 0.275 0.271 0.007 0.004
2 0.602 0.270 0.006 0.003
2 0.646 0.269 0.007 0.004
2 0.410 0.269 0.004 0.004
2 0.636 0.268 0.008 0.004
2 0.582 0.268 0.005 0.004
2 0.652 0.265 0.007 0.003
2 0.424 0.268 0.015 0.012
2 0.622 0.264 0.011 0.005
2 0.603 0.262 0.004 0.004
2 0.330 0.263 0.010 0.005
2 0.567 0.261 0.004 0.003
2 0.634 0.260 0.005 0.002
2 0.395 0.269 0.035 0.021
2 0.642 0.260 0.005 0.003
2 0.704 0.258 0.005 0.003
2 0.525 0.259 0.012 0.005
2 0.614 0.255 0.008 0.003
2 0.384 0.255 0.012 0.003
2 0.700 0.254 0.005 0.003
2 0.338 0.255 0.007 0.004
2 0.327 0.255 0.008 0.006
2 0.389 0.251 0.003 0.001
2 0.644 0.252 0.013 0.005
2 0.628 0.251 0.005 0.003
2 0.574 0.251 0.005 0.003
2 0.398 0.248 0.008 0.003
2 0.722 0.246 0.006 0.003
2 0.510 0.249 0.018 0.009
2 0.401 0.245 0.007 0.003
2 0.366 0.247 0.013 0.006
2 0.621 0.243 0.007 0.003
2 0.606 0.242 0.006 0.002
2 0.343 0.246 0.014 0.012
2 0.497 0.242 0.009 0.005
2 0.681 0.240 0.003 0.003
2 0.379 0.244 0.023 0.012
2 0.622 0.237 0.005 0.003
2 0.584 0.237 0.005 0.003
2 0.709 0.236 0.005 0.003
2 0.670 0.237 0.010 0.005
2 0.519 0.238 0.010 0.008
2 0.566 0.236 0.008 0.005
2 0.397 0.235 0.013 0.007
2 0.638 0.240 0.027 0.021
2 0.329 0.232 0.012 0.007
2 0.703 0.230 0.012 0.004
2 0.510 0.228 0.012 0.008
2 0.701 0.225 0.021 0.004
2 0.355 0.223 0.004 0.003
2 1.217 0.223 0.011 0.006
2 0.726 0.223 0.017 0.008
2 0.374 0.225 0.033 0.015
2 0.374 0.217 0.005 0.003
2 1.265 0.216 0.007 0.004
2 0.556 0.233 0.080 0.042
2 0.402 0.216 0.026 0.008
2 0.326 0.212 0.004 0.001
2 0.707 0.212 0.013 0.008
2 0.683 0.214 0.027 0.014
2 0.341 0.209 0.005 0.003
2 0.382 0.211 0.020 0.008
2 0.363 0.209 0.017 0.007
2 0.633 0.215 0.083 0.020
2 0.473 0.207 0.015 0.004
2 0.404 0.207 0.014 0.004
2 0.534 0.207 0.021 0.008
2 0.755 0.206 0.009 0.007
2 0.692 0.206 0.011 0.006
2 0.600 0.203 0.010 0.004
2 0.590 0.202 0.006 0.003
2 0.411 0.200 0.014 0.002
2 0.668 0.200 0.018 0.005
2 0.616 0.197 0.005 0.003
2 0.629 0.199 0.021 0.009
2 0.673 0.195 0.004 0.003
2 0.339 0.195 0.007 0.002
2 0.415 0.195 0.013 0.005
2 0.615 0.192 0.015 0.004
2 0.523 0.195 0.019 0.011
2 0.383 0.197 0.013 0.015
2 0.678 0.191 0.006 0.003
2 0.345 0.191 0.006 0.004
2 0.667 0.189 0.003 0.003
2 0.649 0.190 0.020 0.006
2 0.626 0.187 0.008 0.004
2 0.470 0.182 0.009 0.002
2 0.343 0.180 0.006 0.003
2 0.773 0.178 0.006 0.005
2 0.364 0.178 0.010 0.005
2 0.355 0.173 0.007 0.002
2 0.506 0.172 0.008 0.004
2 0.614 0.171 0.009 0.003
2 0.373 0.172 0.007 0.005
2 0.675 0.172 0.009 0.006
2 0.555 0.188 0.042 0.038
2 0.655 0.170 0.006 0.004
2 0.590 0.169 0.010 0.003
2 0.418 0.182 0.057 0.030
2 0.616 0.167 0.004 0.002
2 0.722 0.170 0.012 0.008
2 0.467 0.183 0.064 0.036
2 0.547 0.167 0.010 0.010
2 0.506 0.165 0.030 0.008
2 0.393 0.163 0.014 0.005
2 0.422 0.164 0.020 0.007
2 0.490 0.161 0.007 0.003
2 0.607 0.160 0.006 0.002
2 0.647 0.161 0.007 0.006
2 0.477 0.159 0.005 0.002
2 0.627 0.166 0.018 0.019
2 0.634 0.158 0.013 0.007
2 0.458 0.160 0.019 0.010
2 0.376 0.156 0.007 0.003
2 0.691 0.156 0.007 0.004
2 0.582 0.157 0.031 0.016
2 0.654 0.152 0.038 0.018
2 1.211 0.143 0.011 0.006
2 0.396 0.142 0.008 0.005
2 0.325 0.095 0.008 0.003
2 0.826 0.079 0.010 0.003
1 1.067 0.617 0.024 0.014
1 0.518 0.597 0.020 0.007
1 0.531 0.594 0.015 0.009
1 0.517 0.574 0.012 0.016
1 0.468 0.563 0.013 0.008
1 0.381 0.556 0.009 0.004
1 0.984 0.556 0.013 0.019
1 0.766 0.504 0.013 0.006
1 0.759 0.500 0.022 0.007
1 0.790 0.498 0.009 0.006
1 1.050 0.494 0.009 0.012
1 0.768 0.477 0.013 0.007
1 0.908 0.465 0.006 0.007
1 1.059 0.462 0.020 0.024
1 0.745 0.449 0.014 0.011
1 1.035 0.439 0.025 0.018
1 0.816 0.406 0.009 0.004
1 0.614 0.392 0.008 0.007
1 0.253 0.342 0.011 0.008
1 0.230 0.315 0.011 0.007
1 0.286 0.298 0.016 0.009
1 0.234 0.281 0.009 0.003
1 0.583 0.278 0.014 0.005
1 0.444 0.248 0.009 0.008
1 0.140 0.240 0.005 0.007
1 0.458 0.239 0.024 0.009
1 0.261 0.207 0.017 0.012
1 0.279 0.202 0.006 0.005
1 0.282 0.188 0.006 0.005
1 1.042 0.166 0.014 0.014
1 0.170 0.160 0.004 0.004
1 0.180 0.149 0.008 0.005
1 1.090 0.096 0.007 0.014
1 0.739 0.095 0.016 0.016
1 0.514 0.035 0.032 0.012
1 0.904 0.010 0.032 0.020
0 0.683 0.650 0.007 0.003
0 0.883 0.640 0.012 0.008
0 0.831 0.635 0.006 0.004
0 0.821 0.627 0.005 0.004
0 0.968 0.613 0.008 0.005
0 0.327 0.609 0.003 0.002
0 0.845 0.606 0.005 0.004
0 0.330 0.600 0.003 0.003
0 0.273 0.583 0.006 0.003
0 0.290 0.570 0.006 0.003
0 0.297 0.559 0.003 0.002
0 0.308 0.556 0.004 0.003
0 0.652 0.556 0.006 0.004
0 0.305 0.552 0.003 0.002
0 0.637 0.543 0.005 0.003
0 0.261 0.543 0.004 0.003
0 0.498 0.536 0.005 0.003
0 0.694 0.535 0.003 0.002
0 0.348 0.519 0.003 0.002
0 0.730 0.498 0.002 0.002
0 0.588 0.499 0.007 0.003
0 0.517 0.497 0.009 0.005
0 0.658 0.494 0.005 0.004
0 0.291 0.491 0.005 0.003
0 0.778 0.489 0.004 0.003
0 0.515 0.485 0.005 0.003
0 0.667 0.483 0.006 0.005
0 0.193 0.483 0.005 0.004
0 1.021 0.480 0.007 0.006
0 0.771 0.458 0.003 0.003
0 0.816 0.444 0.004 0.004
0 1.088 0.435 0.007 0.004
0 0.319 0.435 0.012 0.006
0 0.382 0.437 0.012 0.009
0 0.257 0.429 0.005 0.004
0 1.068 0.418 0.011 0.005
0 0.265 0.412 0.005 0.004
0 0.676 0.411 0.007 0.007
0 0.624 0.409 0.006 0.004
0 0.578 0.409 0.011 0.007
0 0.203 0.402 0.003 0.003
0 0.830 0.395 0.004 0.003
0 0.167 0.390 0.004 0.003
0 0.162 0.386 0.003 0.001
0 0.820 0.371 0.012 0.005
0 0.378 0.363 0.005 0.003
0 0.224 0.361 0.004 0.003
0 0.867 0.359 0.003 0.003
0 0.252 0.359 0.003 0.003
0 0.267 0.355 0.005 0.003
0 0.827 0.352 0.006 0.004
0 0.847 0.350 0.003 0.002
0 0.254 0.350 0.002 0.001
0 0.249 0.347 0.003 0.003
0 1.267 0.348 0.008 0.005
0 0.363 0.346 0.004 0.002
0 0.355 0.345 0.005 0.004
0 0.880 0.335 0.005 0.003
0 0.896 0.329 0.004 0.003
0 0.281 0.330 0.007 0.005
0 0.132 0.323 0.005 0.004
0 0.312 0.323 0.006 0.005
0 0.221 0.322 0.010 0.006
0 0.631 0.319 0.010 0.004
0 0.283 0.314 0.005 0.003
0 0.810 0.312 0.010 0.006
0 0.667 0.310 0.006 0.008
0 0.821 0.303 0.008 0.003
0 0.832 0.302 0.012 0.006
0 0.828 0.297 0.009 0.003
0 0.484 0.290 0.004 0.003
0 0.798 0.285 0.005 0.002
0 0.774 0.284 0.004 0.002
0 0.590 0.285 0.008 0.006
0 0.502 0.277 0.007 0.006
0 0.537 0.276 0.007 0.006
0 0.458 0.275 0.007 0.006
0 0.509 0.266 0.004 0.002
0 0.585 0.257 0.004 0.003
0 0.478 0.247 0.005 0.003
0 0.593 0.243 0.006 0.004
0 0.441 0.241 0.006 0.004
0 0.156 0.239 0.004 0.002
0 0.243 0.219 0.004 0.003
0 0.581 0.214 0.007 0.005
0 0.250 0.212 0.004 0.002
0 0.399 0.190 0.008 0.005
0 0.722 0.188 0.008 0.005
0 0.409 0.187 0.008 0.005
0 0.596 0.185 0.012 0.008
0 0.518 0.180 0.009 0.005
0 0.700 0.179 0.007 0.004
0 0.685 0.177 0.006 0.004
0 0.598 0.177 0.009 0.006
0 0.689 0.173 0.006 0.003
0 1.055 0.174 0.006 0.006
0 0.289 0.156 0.004 0.004
0 0.262 0.157 0.007 0.004
0 0.717 0.154 0.007 0.004
0 0.403 0.153 0.006 0.004
0 1.017 0.147 0.008 0.005
0 0.438 0.145 0.007 0.005
0 0.485 0.135 0.004 0.002
0 0.428 0.135 0.008 0.003
0 0.998 0.133 0.007 0.004
0 0.331 0.126 0.006 0.005
0 0.449 0.122 0.005 0.003
0 1.173 0.114 0.007 0.006
0 0.731 0.113 0.005 0.004
0 0.968 0.114 0.014 0.008
0 1.135 0.109 0.005 0.003
0 1.136 0.105 0.005 0.003
0 0.706 0.104 0.012 0.004
0 1.081 0.090 0.005 0.004
0 0.707 0.090 0.013 0.006
0 0.293 0.084 0.007 0.004
0 0.333 0.083 0.003 0.002
0 0.312 0.081 0.005 0.003
0 0.333 0.079 0.005 0.004
0 0.382 0.061 0.007 0.004
0 1.052 0.053 0.005 0.004
0 0.588 0.055 0.010 0.007
0 0.340 0.037 0.011 0.006
0 0.816 0.027 0.005 0.003
0 1.048 0.010 0.006 0.004
4 0.997 0.323 0.179 0.128
3 0.545 0.579 0.050 0.026
3 0.577 0.572 0.024 0.021
3 0.229 0.565 0.042 0.039
3 0.788 0.366 0.057 0.032
3 0.695 0.341 0.043 0.032
3 0.637 0.310 0.023 0.017
3 0.270 0.126 0.025 0.016
3 0.267 0.095 0.068 0.033
